{
    "depot": [
        236,
        878
    ],
    "final_destination": [
        289,
        553
    ],
    "requests": [
        [
            [
                287,
                694
            ],
            [
                310,
                151
            ]
        ],
        [
            [
                957,
                593
            ],
            [
                51,
                304
            ]
        ],
        [
            [
                65,
                826
            ],
            [
                201,
                399
            ]
        ],
        [
            [
                260,
                510
            ],
            [
                81,
                924
            ]
        ],
        [
            [
                417,
                851
            ],
            [
                176,
                483
            ]
        ],
        [
            [
                778,
                519
            ],
            [
                654,
                395
            ]
        ],
        [
            [
                363,
                188
            ],
            [
                390,
                524
            ]
        ],
        [
            [
                225,
                687
            ],
            [
                861,
                180
            ]
        ],
        [
            [
                923,
                963
            ],
            [
                126,
                364
            ]
        ],
        [
            [
                305,
                128
            ],
            [
                523,
                871
            ]
        ],
        [
            [
                327,
                343
            ],
            [
                645,
                946
            ]
        ],
        [
            [
                270,
                373
            ],
            [
                608,
                983
            ]
        ],
        [
            [
                936,
                901
            ],
            [
                620,
                31
            ]
        ],
        [
            [
                482,
                377
            ],
            [
                37,
                441
            ]
        ],
        [
            [
                917,
                781
            ],
            [
                843,
                739
            ]
        ],
        [
            [
                611,
                234
            ],
            [
                158,
                882
            ]
        ],
        [
            [
                686,
                304
            ],
            [
                988,
                441
            ]
        ],
        [
            [
                111,
                374
            ],
            [
                228,
                728
            ]
        ],
        [
            [
                312,
                920
            ],
            [
                791,
                812
            ]
        ],
        [
            [
                253,
                986
            ],
            [
                999,
                335
            ]
        ]
    ],
    "travel_costs": [
        [
            0,
            190.9371624383268,
            775.2844639227591,
            178.7316424139833,
            368.7817782917155,
            183.00273222004088,
            650.1115288933122,
            701.5903363074493,
            191.3164917094185,
            692.2383982415306,
            753.1673120894188,
            542.6840701550028,
            506.1432603522446,
            700.3777552149983,
            558.1370799364615,
            687.8735348884998,
            745.2254692373309,
            729.3668487119496,
            519.2696794537497,
            86.83317338436964,
            109.32977636490436,
            730.756457378243,
            603.0762804156702,
            480.2770034053265,
            161.68178623456632,
            399.5309750194595,
            638.758952970524,
            386.0466293079115,
            936.9252905114687,
            525.6386591566492,
            287.0853531617383,
            414.614278577089,
            386.53460388430943,
            929.9811826053257,
            480.17705068026726,
            622.7118113541769,
            78.10249675906655,
            869.7545630808729,
            150.21318184500322,
            558.9105474045019,
            936.4923918537726,
            329.2931824377784
        ],
        [
            190.9371624383268,
            0,
            677.5699225910193,
            258.27891900037065,
            185.9704277566732,
            203.83571816538927,
            521.2542565773443,
            511.67567853084444,
            62.393909959225994,
            690.5483328486139,
            566.2861467491501,
            353.2718499965713,
            321.4498405661449,
            681.2121549121096,
            372.17469016578764,
            635.9787732306794,
            562.6508686565764,
            557.9435455312662,
            365.20679073642646,
            227.37853900489378,
            293.97278785629123,
            543.4868903662718,
            455.8464653806147,
            307.28000260348864,
            308.76528302255747,
            238.41560351621283,
            473.3814529531126,
            198.76870981117727,
            770.5011356253798,
            367.17979247229823,
            295.0,
            437.7990406567835,
            431.9282347798069,
            741.9285679902075,
            355.6810368855781,
            557.8180707004749,
            228.0021929719098,
            745.2583444685474,
            68.09552114493287,
            517.6292109222585,
            797.3863555391451,
            141.01418368376991
        ],
        [
            775.2844639227591,
            677.5699225910193,
            0,
            921.9289560481328,
            701.9244973642109,
            598.4680442596747,
            193.6930561481232,
            718.9304556074948,
            738.0108400287897,
            371.55887824138995,
            800.8301942359567,
            677.7905281132216,
            721.3660651846606,
            308.7150789967992,
            521.8055193268848,
            192.2082204277434,
            498.5950260481947,
            396.1843005471065,
            873.8861481909414,
            723.1555849193173,
            806.2660851108647,
            783.5642921930529,
            950.9768661749875,
            780.4947149084355,
            936.4491443746424,
            788.7084378907076,
            361.957179787886,
            571.1829829397931,
            424.0106130747201,
            861.9756377067741,
            515.4027551342735,
            471.1188809631811,
            523.3555196995633,
            655.2961162711099,
            932.471983493338,
            185.23498589629338,
            849.6599319727865,
            155.12897859523218,
            741.394631758283,
            274.8035662068453,
            261.3962509295036,
            669.1965331649589
        ],
        [
            178.7316424139833,
            258.27891900037065,
            921.9289560481328,
            0,
            371.32330926027254,
            352.88666735936624,
            776.2847415736059,
            704.1647534490774,
            211.94574777522666,
            868.8688048261372,
            738.1083931239367,
            549.4843036884675,
            497.2263066250618,
            874.2230836577126,
            612.77238841188,
            853.1875526518187,
            805.3446467196512,
            811.2490369793976,
            454.33467840348703,
            264.2820463065927,
            246.86838598735156,
            718.0877383718511,
            522.1877057151002,
            448.13502429513363,
            99.29753269845128,
            360.51352263126,
            729.8506696578418,
            443.6541445766059,
            1025.1497451592134,
            466.009656552308,
            460.2053889297691,
            592.2837157984338,
            565.2415412900931,
            969.5617566715387,
            386.01683901094265,
            782.8492830679479,
            108.55873986004076,
            1000.0769970357281,
            190.19200824430033,
            726.1349736791364,
            1055.1952425973118,
            353.1359511576243
        ],
        [
            368.7817782917155,
            185.9704277566732,
            701.9244973642109,
            371.32330926027254,
            0,
            375.4064464017633,
            518.0781794285492,
            338.0724774364219,
            180.4272706660498,
            802.980697152802,
            384.6413914284317,
            179.9388785115657,
            137.3644786689776,
            780.9334158556669,
            258.79142180528316,
            710.6968411355153,
            446.51651705172117,
            473.1934065474708,
            201.73497465734593,
            413.28440570628845,
            476.05146780574046,
            362.465170740583,
            293.4569815151788,
            125.7060062208644,
            451.0399095423818,
            88.23264701911646,
            410.44000779651105,
            130.75167302944922,
            685.6391179038723,
            198.1716427746412,
            446.64303420069143,
            581.6536770278342,
            587.2248291753339,
            599.2003004004587,
            233.4309319691801,
            626.3625148426429,
            385.7304758506903,
            731.262606728937,
            220.33610689126738,
            610.872327086438,
            759.4379500657049,
            51.86520991955976
        ],
        [
            183.00273222004088,
            203.83571816538927,
            598.4680442596747,
            352.88666735936624,
            375.4064464017633,
            0,
            490.45387142931185,
            665.1954599965337,
            252.50742563338605,
            518.2470453364882,
            731.6235370735417,
            515.9108450110348,
            500.0929913526083,
            521.402915220082,
            478.43599362924186,
            504.8762224545735,
            646.7804882647589,
            609.5654189666602,
            566.714213691522,
            125.64234954823155,
            212.41704263076443,
            708.1306376651132,
            658.1527178398643,
            500.9590801652366,
            343.8386249390839,
            439.8920322079044,
            513.9114709753032,
            328.11278548694196,
            804.597414860376,
            567.3182528352141,
            107.8702924812944,
            246.99999999999997,
            232.1745033374681,
            844.7538102903117,
            559.0169943749474,
            440.47701415624397,
            260.8486151007898,
            702.9516341826087,
            225.49944567559362,
            376.02792449497684,
            777.8046027120179,
            324.32699548449557
        ],
        [
            650.1115288933122,
            521.2542565773443,
            193.6930561481232,
            776.2847415736059,
            518.0781794285492,
            490.45387142931185,
            0,
            530.8351909962262,
            577.9558806691044,
            467.07708143303284,
            613.6855872513221,
            484.12498386263843,
            528.5640926131854,
            413.3860181476872,
            328.29864452964165,
            296.5889411289639,
            330.32408328791286,
            233.8567937862828,
            682.5789331645095,
            614.7820752103952,
            702.6478492103993,
            595.3553560689616,
            758.1253194558271,
            589.3462479731248,
            806.1228194264196,
            603.075451332584,
            175.3624817342638,
            388.03221515745315,
            349.0128937446295,
            670.1708737329607,
            434.65963695747047,
            447.23371965897206,
            494.1619167843673,
            512.9405423633425,
            745.0939538071691,
            229.40139493908922,
            718.4490239397643,
            224.01785643113365,
            588.3714812939186,
            293.288254111889,
            287.5708608325955,
            490.1805789706483
        ],
        [
            701.5903363074493,
            511.67567853084444,
            718.9304556074948,
            704.1647534490774,
            338.0724774364219,
            665.1954599965337,
            530.8351909962262,
            0,
            517.7306249392633,
            956.1511386804913,
            83.45058418010025,
            159.1257364476281,
            207.06037766796425,
            914.7119765259445,
            223.34278586961344,
            811.5201784305798,
            252.23005372080462,
            343.1981934684389,
            313.2091952673165,
            733.7744885181005,
            805.5457777184362,
            64.63745044476924,
            332.8663395418648,
            266.01691675530714,
            788.1751074475773,
            349.2763948508401,
            357.11342735887155,
            337.0830758136635,
            498.06425288309947,
            295.2033197645311,
            701.4905558879606,
            808.7570710664606,
            831.8954261203747,
            301.16108646370634,
            412.65603109611766,
            730.7537204831735,
            723.6442496144083,
            674.2655263321714,
            556.6192594583841,
            756.6769455983181,
            652.7671866753107,
            372.4258315423354
        ],
        [
            191.3164917094185,
            62.393909959225994,
            738.0108400287897,
            211.94574777522666,
            180.4272706660498,
            252.50742563338605,
            577.9558806691044,
            517.7306249392633,
            0,
            750.5864373941218,
            564.6954931642363,
            358.8035674293109,
            317.2081335653296,
            742.5072390219505,
            402.6772901468371,
            698.3552104767316,
            595.1512412824155,
            599.3413051008582,
            333.11409456821247,
            248.7126856434951,
            300.30817504690077,
            542.6978901746348,
            420.6720813175031,
            288.99826989101507,
            277.31750756127894,
            209.80228788075692,
            518.946047292009,
            231.93533581582605,
            813.354166399853,
            337.8313188560232,
            350.2284968417047,
            493.4379393601591,
            484.0506171879135,
            765.7421236943936,
            309.6126612398143,
            620.183843710879,
            206.18923347255551,
            801.6763686176611,
            41.10960958218893,
            579.6386805588461,
            850.2823060607577,
            148.49915824677257
        ],
        [
            692.2383982415306,
            690.5483328486139,
            371.55887824138995,
            868.8688048261372,
            802.980697152802,
            518.2470453364882,
            467.07708143303284,
            956.1511386804913,
            750.5864373941218,
            0,
            1038.8209662882243,
            860.0093022752719,
            880.0619296390454,
            63.34824385884742,
            733.4009817282766,
            182.09887424144063,
            792.9596458836982,
            700.3213548079195,
            1003.1276090308751,
            612.5112243869495,
            670.3946598832661,
            1017.4050324231741,
            1093.0073192801592,
            916.1768388253438,
            842.902722738514,
            887.923983232799,
            628.4783210262705,
            690.5143010828957,
            785.4508259592068,
            997.0005015043873,
            410.44366239473106,
            278.5192991517823,
            315.6342820417326,
            980.0168365900659,
            1028.338465681412,
            237.8570999570961,
            769.2762832688916,
            526.0313678859845,
            733.6552323809871,
            200.56171120131577,
            632.5820104935012,
            755.020529522211
        ],
        [
            753.1673120894188,
            566.2861467491501,
            800.8301942359567,
            738.1083931239367,
            384.6413914284317,
            731.6235370735417,
            613.6855872513221,
            83.45058418010025,
            564.6954931642363,
            1038.8209662882243,
            0,
            216.12265036316762,
            247.48737341529164,
            997.8426729700429,
            305.4995908344232,
            894.9597756324024,
            323.83946640272245,
            419.6867879740795,
            313.29219588109754,
            792.0309337393332,
            859.57431325046,
            23.53720459187964,
            309.0177988401315,
            290.2705634403875,
            826.9171663473918,
            377.71153013907326,
            439.42007236811565,
            405.0197526047341,
            558.4263604093203,
            296.20432137293335,
            774.3209928705279,
            885.8464878295787,
            907.1019788314873,
            329.59672328468315,
            412.0594617285229,
            814.1038017353807,
            768.195938546931,
            751.3041993759916,
            604.9206559541507,
            839.0780654980798,
            724.2133663500005,
            425.3010698317134
        ],
        [
            542.6840701550028,
            353.2718499965713,
            677.7905281132216,
            549.4843036884675,
            179.9388785115657,
            515.9108450110348,
            484.12498386263843,
            159.1257364476281,
            358.8035674293109,
            860.0093022752719,
            216.12265036316762,
            0,
            64.41273166075166,
            825.9812346536693,
            158.68522300453813,
            734.8088186732655,
            304.1989480586677,
            361.1121709386157,
            218.2131985009156,
            577.1949410727714,
            647.2441579496874,
            192.75113488641256,
            278.74181602335875,
            137.88400922514546,
            630.9334354747733,
            205.91503102007874,
            331.10874346655356,
            191.65072397463047,
            558.3233829959121,
            202.09403751719148,
            563.2051136131489,
            681.7132828396407,
            698.9713871110893,
            428.01051388955386,
            306.1110909457545,
            650.4398511776474,
            564.8734371520757,
            668.2252614201293,
            397.5248419910383,
            659.7401003425516,
            672.0476173605557,
            213.41040274550818
        ],
        [
            506.1432603522446,
            321.4498405661449,
            721.3660651846606,
            497.2263066250618,
            137.3644786689776,
            500.0929913526083,
            528.5640926131854,
            207.06037766796425,
            317.2081335653296,
            880.0619296390454,
            247.48737341529164,
            64.41273166075166,
            0,
            849.9058771416986,
            212.03773249117714,
            764.9006471431437,
            368.24176840765904,
            421.6835306245668,
            159.00314462299164,
            548.6100618836662,
            613.2356806318433,
            225.57482128996577,
            229.61271741782946,
            73.7360156233031,
            582.5135191564227,
            144.69277798148735,
            384.6296920415791,
            192.87560758167427,
            621.7153689591403,
            144.2809758769326,
            558.5812384962459,
            684.8021612115429,
            697.3836820574453,
            489.3505900681024,
            242.72000329597884,
            679.9154359183207,
            521.1765535785355,
            721.2128673283637,
            357.47587331175237,
            681.2943563541386,
            729.9897259550986,
            181.0
        ],
        [
            700.3777552149983,
            681.2121549121096,
            308.7150789967992,
            874.2230836577126,
            780.9334158556669,
            521.402915220082,
            413.3860181476872,
            914.7119765259445,
            742.5072390219505,
            63.34824385884742,
            997.8426729700429,
            825.9812346536693,
            849.9058771416986,
            0,
            693.319551145069,
            121.49485585818026,
            741.966306512634,
            647.2317977355563,
            978.9555658966345,
            624.2891958059181,
            688.2688428223379,
            976.9216959408774,
            1067.5364162406827,
            890.072468959691,
            855.3093007795485,
            867.3661279990129,
            579.2754094556406,
            663.5096080690919,
            724.8903365337408,
            971.8379494545374,
            414.0881548656034,
            294.45882564460516,
            338.09466130064817,
            925.6111494574815,
            1009.8519693499636,
            186.79668091269716,
            778.2319705589072,
            462.92980029373786,
            728.8298841293489,
            170.1352403236907,
            569.4953906749378,
            734.651618115689
        ],
        [
            558.1370799364615,
            372.17469016578764,
            521.8055193268848,
            612.77238841188,
            258.79142180528316,
            478.43599362924186,
            328.29864452964165,
            223.34278586961344,
            402.6772901468371,
            733.4009817282766,
            305.4995908344232,
            158.68522300453813,
            212.03773249117714,
            693.319551145069,
            0,
            593.667415309279,
            192.5876423865249,
            216.66794871415567,
            371.01212918178294,
            568.9894550868232,
            650.6320004426465,
            284.0070421662111,
            437.13842201298206,
            281.85989427373306,
            678.2403703702693,
            323.83946640272245,
            172.9392957080605,
            173.4156855650607,
            427.1416626834708,
            356.23728047468586,
            495.6984970725653,
            591.8868135040685,
            618.9604187668223,
            372.50503352303843,
            449.57869166587517,
            511.238691806479,
            600.0008333327546,
            510.0313715841409,
            433.26319945271143,
            533.578485323387,
            518.7031906591668,
            261.1991577321795
        ],
        [
            687.8735348884998,
            635.9787732306794,
            192.2082204277434,
            853.1875526518187,
            710.6968411355153,
            504.8762224545735,
            296.5889411289639,
            811.5201784305798,
            698.3552104767316,
            182.09887424144063,
            894.9597756324024,
            734.8088186732655,
            764.9006471431437,
            121.49485585818026,
            593.667415309279,
            0,
            626.7734838041572,
            529.9905659537724,
            902.9313373673548,
            620.762434430435,
            694.9251758283045,
            874.8422714981256,
            988.6784108090962,
            811.5294202923268,
            848.1420871528545,
            798.6770310957991,
            467.08136336188795,
            586.3258479719276,
            603.6033465778664,
            894.1867813829501,
            404.1484875636676,
            318.13361972605156,
            369.1679834438517,
            806.6653581256605,
            943.3981132056604,
            85.0881895447306,
            765.6905380112777,
            347.3341330764945,
            691.0354549514808,
            129.75746606650426,
            453.4754679141971,
            668.1077757368193
        ],
        [
            745.2254692373309,
            562.6508686565764,
            498.5950260481947,
            805.3446467196512,
            446.51651705172117,
            646.7804882647589,
            330.32408328791286,
            252.23005372080462,
            595.1512412824155,
            792.9596458836982,
            323.83946640272245,
            304.1989480586677,
            368.24176840765904,
            741.966306512634,
            192.5876423865249,
            626.7734838041572,
            0,
            102.59142264341597,
            519.2301994298869,
            748.3294728927895,
            832.8673363747674,
            312.23388669393336,
            564.3580423808985,
            441.955880150949,
            870.0574693662483,
            501.22450059828486,
            166.6433316997713,
            364.6107513499842,
            255.7655176133014,
            502.1205034650547,
            643.0497647927414,
            712.8113354878694,
            749.0060079865849,
            203.19940944796073,
            610.1843983583979,
            555.7418465438788,
            790.6408792871767,
            430.0906881112401,
            625.0799948806554,
            605.3792199935508,
            400.93016848324095,
            453.2604108015612
        ],
        [
            729.3668487119496,
            557.9435455312662,
            396.1843005471065,
            811.2490369793976,
            473.1934065474708,
            609.5654189666602,
            233.8567937862828,
            343.1981934684389,
            599.3413051008582,
            700.3213548079195,
            419.6867879740795,
            361.1121709386157,
            421.6835306245668,
            647.2317977355563,
            216.66794871415567,
            529.9905659537724,
            102.59142264341597,
            0,
            579.2451985126852,
            720.6469315830047,
            807.8446632862037,
            405.93718725930984,
            635.0,
            494.21655172606273,
            866.2707428973923,
            540.5006938015898,
            96.46242791885346,
            368.80347069950415,
            214.478437144623,
            563.2051136131489,
            589.9644057059713,
            643.3078578721078,
            683.4654343856755,
            280.8647361275531,
            663.3023443347687,
            462.4651338209184,
            782.8588633974837,
            331.621772505968,
            624.1313964222599,
            518.737891424947,
            314.5313974788526,
            468.62565017292854
        ],
        [
            519.2696794537497,
            365.20679073642646,
            873.8861481909414,
            454.33467840348703,
            201.73497465734593,
            566.714213691522,
            682.5789331645095,
            313.2091952673165,
            333.11409456821247,
            1003.1276090308751,
            313.29219588109754,
            218.2131985009156,
            159.00314462299164,
            978.9555658966345,
            371.01212918178294,
            902.9313373673548,
            519.2301994298869,
            579.2451985126852,
            0,
            581.822137770642,
            628.2579088240752,
            298.8812473207377,
            92.19544457292886,
            93.40770846134703,
            550.8175741568164,
            126.90941651429966,
            543.4059256209855,
            316.7664754989076,
            774.6844518899292,
            18.027756377319946,
            645.5640944166582,
            782.5215651980461,
            786.0597941632685,
            613.783349399444,
            99.82484660644363,
            817.9541551945316,
            510.16957964974745,
            879.5555695918251,
            372.83374310810444,
            808.8535096047987,
            888.8560063362345,
            252.43811122728675
        ],
        [
            86.83317338436964,
            227.37853900489378,
            723.1555849193173,
            264.2820463065927,
            413.28440570628845,
            125.64234954823155,
            614.7820752103952,
            733.7744885181005,
            248.7126856434951,
            612.5112243869495,
            792.0309337393332,
            577.1949410727714,
            548.6100618836662,
            624.2891958059181,
            568.9894550868232,
            620.762434430435,
            748.3294728927895,
            720.6469315830047,
            581.822137770642,
            0,
            88.52683209061533,
            769.0026007758362,
            669.0119580396153,
            532.6931574555844,
            231.03462943896525,
            457.67346438263166,
            626.5692300137313,
            403.60872141221137,
            921.4125026284372,
            586.2866193253944,
            216.6148656025251,
            334.0134727821619,
            302.63013729633735,
            940.8427073639887,
            552.3278012195294,
            561.0008912648892,
            158.61904047118682,
            828.502866621474,
            209.57099035887575,
            491.0244393103056,
            902.3269917275001,
            367.72000217556837
        ],
        [
            109.32977636490436,
            293.97278785629123,
            806.2660851108647,
            246.86838598735156,
            476.05146780574046,
            212.41704263076443,
            702.6478492103993,
            805.5457777184362,
            300.30817504690077,
            670.3946598832661,
            859.57431325046,
            647.2441579496874,
            613.2356806318433,
            688.2688428223379,
            650.6320004426465,
            694.9251758283045,
            832.8673363747674,
            807.8446632862037,
            628.2579088240752,
            88.52683209061533,
            0,
            836.943247777291,
            711.286159010563,
            589.2987357868673,
            182.8332573685652,
            508.859509098533,
            714.2002520301992,
            481.88484101494623,
            1009.6038827183659,
            634.8330489191627,
            293.47061181658376,
            394.035531392792,
            355.01267583003283,
            1023.0904163366989,
            586.2431236270495,
            639.6162912246685,
            140.85808461000738,
            915.0136611002047,
            259.20841035738016,
            565.4378834142616,
            990.1095898939673,
            434.4939585310709
        ],
        [
            730.756457378243,
            543.4868903662718,
            783.5642921930529,
            718.0877383718511,
            362.465170740583,
            708.1306376651132,
            595.3553560689616,
            64.63745044476924,
            542.6978901746348,
            1017.4050324231741,
            23.53720459187964,
            192.75113488641256,
            225.57482128996577,
            976.9216959408774,
            284.0070421662111,
            874.8422714981256,
            312.23388669393336,
            405.93718725930984,
            298.8812473207377,
            769.0026007758362,
            836.943247777291,
            0,
            300.81555810828667,
            270.8966592632696,
            806.2071694049862,
            358.0223456713282,
            421.74874036563523,
            381.4826339428834,
            551.762630122773,
            281.4693589007514,
            750.8455233934608,
            862.6992523469579,
            883.757885396221,
            332.4154027718932,
            398.2825630127435,
            793.6201862352041,
            746.6357880519791,
            737.4171139863788,
            582.7975634815232,
            817.4851680611704,
            713.1458476356712,
            402.54813376787627
        ],
        [
            603.0762804156702,
            455.8464653806147,
            950.9768661749875,
            522.1877057151002,
            293.4569815151788,
            658.1527178398643,
            758.1253194558271,
            332.8663395418648,
            420.6720813175031,
            1093.0073192801592,
            309.0177988401315,
            278.74181602335875,
            229.61271741782946,
            1067.5364162406827,
            437.13842201298206,
            988.6784108090962,
            564.3580423808985,
            635.0,
            92.19544457292886,
            669.0119580396153,
            711.286159010563,
            300.81555810828667,
            0,
            177.55280904564705,
            620.7253821135398,
            218.32544515012447,
            609.8278445594298,
            404.12992960185466,
            819.4363916741798,
            96.04686356149273,
            737.7486021674321,
            874.642784226795,
            878.2311768549328,
            631.1022104223689,
            137.71347065556077,
            903.5978087622833,
            587.8205508486412,
            946.9625124575946,
            459.46164148925425,
            897.5878787060351,
            948.5067211148267,
            344.4488350974641
        ],
        [
            480.2770034053265,
            307.28000260348864,
            780.4947149084355,
            448.13502429513363,
            125.7060062208644,
            500.9590801652366,
            589.3462479731248,
            266.01691675530714,
            288.99826989101507,
            916.1768388253438,
            290.2705634403875,
            137.88400922514546,
            73.7360156233031,
            890.072468959691,
            281.85989427373306,
            811.5294202923268,
            441.955880150949,
            494.21655172606273,
            93.40770846134703,
            532.6931574555844,
            589.2987357868673,
            270.8966592632696,
            177.55280904564705,
            0,
            538.5396921304873,
            87.64131445842195,
            453.0176596999283,
            226.59655778497606,
            695.385504594394,
            82.76472678623425,
            571.3737830877437,
            704.5175654304156,
            711.8321431348826,
            557.6602908581532,
            169.29264603047588,
            726.4736746778922,
            484.9103009835942,
            788.1199147337923,
            330.1060435678208,
            720.1867813282885,
            800.5623023850175,
            177.36967046256808
        ],
        [
            161.68178623456632,
            308.76528302255747,
            936.4491443746424,
            99.29753269845128,
            451.0399095423818,
            343.8386249390839,
            806.1228194264196,
            788.1751074475773,
            277.31750756127894,
            842.902722738514,
            826.9171663473918,
            630.9334354747733,
            582.5135191564227,
            855.3093007795485,
            678.2403703702693,
            848.1420871528545,
            870.0574693662483,
            866.2707428973923,
            550.8175741568164,
            231.03462943896525,
            182.8332573685652,
            806.2071694049862,
            620.7253821135398,
            538.5396921304873,
            0,
            451.1163929630578,
            779.8525501657349,
            505.4512835081141,
            1077.9313521741542,
            561.8051263561058,
            445.16626107556715,
            564.4289149219767,
            530.292372187268,
            1043.0580041397507,
            485.00000000000006,
            784.1358300702755,
            87.70974860299168,
            1027.5884390163214,
            245.0,
            718.7795211328715,
            1090.708485343357,
            425.329284202252
        ],
        [
            399.5309750194595,
            238.41560351621283,
            788.7084378907076,
            360.51352263126,
            88.23264701911646,
            439.8920322079044,
            603.075451332584,
            349.2763948508401,
            209.80228788075692,
            887.923983232799,
            377.71153013907326,
            205.91503102007874,
            144.69277798148735,
            867.3661279990129,
            323.83946640272245,
            798.6770310957991,
            501.22450059828486,
            540.5006938015898,
            126.90941651429966,
            457.67346438263166,
            508.859509098533,
            358.0223456713282,
            218.32544515012447,
            87.64131445842195,
            451.1163929630578,
            0,
            486.03292069570756,
            217.89217516927957,
            749.0220290485455,
            129.07749610214788,
            520.5314591837846,
            659.0371764931019,
            660.7753022018908,
            633.5929292534759,
            145.2067491544384,
            714.4403404063911,
            399.4058086708304,
            813.0854813609699,
            250.45758123881976,
            697.4711463566074,
            836.201530732873,
            132.92479076530458
        ],
        [
            638.758952970524,
            473.3814529531126,
            361.957179787886,
            729.8506696578418,
            410.44000779651105,
            513.9114709753032,
            175.3624817342638,
            357.11342735887155,
            518.946047292009,
            628.4783210262705,
            439.42007236811565,
            331.10874346655356,
            384.6296920415791,
            579.2754094556406,
            172.9392957080605,
            467.08136336188795,
            166.6433316997713,
            96.46242791885346,
            543.4059256209855,
            626.5692300137313,
            714.2002520301992,
            421.74874036563523,
            609.8278445594298,
            453.0176596999283,
            779.8525501657349,
            486.03292069570756,
            0,
            293.83158441529054,
            298.4526763156933,
            528.9092549766926,
            493.69727566596924,
            551.0734978203906,
            589.7965751002629,
            365.5844635648512,
            618.7123725932754,
            392.5009554128499,
            695.1150983829943,
            337.1527843574779,
            540.707869371253,
            438.9282401486603,
            350.1785258978625,
            397.72980778412875
        ],
        [
            386.0466293079115,
            198.76870981117727,
            571.1829829397931,
            443.6541445766059,
            130.75167302944922,
            328.11278548694196,
            388.03221515745315,
            337.0830758136635,
            231.93533581582605,
            690.5143010828957,
            405.0197526047341,
            191.65072397463047,
            192.87560758167427,
            663.5096080690919,
            173.4156855650607,
            586.3258479719276,
            364.6107513499842,
            368.80347069950415,
            316.7664754989076,
            403.60872141221137,
            481.88484101494623,
            381.4826339428834,
            404.12992960185466,
            226.59655778497606,
            505.4512835081141,
            217.89217516927957,
            293.83158441529054,
            0,
            583.2469459842889,
            308.7005021051958,
            371.6153925767876,
            493.0608481719066,
            508.1387605762819,
            544.0119483981947,
            362.62652964172383,
            501.4319495205705,
            426.60051570526724,
            603.7325566838349,
            260.4995201531089,
            493.70537773048414,
