{
    "depot": {
        "x": 789,
        "y": 918,
        "node_type": "depot",
        "id": 0
    },
    "final_destination": {
        "x": 62,
        "y": 689,
        "node_type": "final",
        "id": 21
    },
    "pickup_nodes": [
        {
            "x": 681,
            "y": 862,
            "node_type": "pickup",
            "id": 1
        },
        {
            "x": 611,
            "y": 972,
            "node_type": "pickup",
            "id": 2
        },
        {
            "x": 635,
            "y": 995,
            "node_type": "pickup",
            "id": 3
        },
        {
            "x": 292,
            "y": 462,
            "node_type": "pickup",
            "id": 4
        },
        {
            "x": 121,
            "y": 13,
            "node_type": "pickup",
            "id": 5
        },
        {
            "x": 888,
            "y": 920,
            "node_type": "pickup",
            "id": 6
        },
        {
            "x": 770,
            "y": 274,
            "node_type": "pickup",
            "id": 7
        },
        {
            "x": 276,
            "y": 815,
            "node_type": "pickup",
            "id": 8
        },
        {
            "x": 357,
            "y": 914,
            "node_type": "pickup",
            "id": 9
        },
        {
            "x": 753,
            "y": 433,
            "node_type": "pickup",
            "id": 10
        },
        {
            "x": 194,
            "y": 50,
            "node_type": "pickup",
            "id": 11
        },
        {
            "x": 410,
            "y": 833,
            "node_type": "pickup",
            "id": 12
        },
        {
            "x": 898,
            "y": 771,
            "node_type": "pickup",
            "id": 13
        },
        {
            "x": 898,
            "y": 344,
            "node_type": "pickup",
            "id": 14
        },
        {
            "x": 136,
            "y": 348,
            "node_type": "pickup",
            "id": 15
        },
        {
            "x": 674,
            "y": 713,
            "node_type": "pickup",
            "id": 16
        },
        {
            "x": 208,
            "y": 496,
            "node_type": "pickup",
            "id": 17
        },
        {
            "x": 618,
            "y": 492,
            "node_type": "pickup",
            "id": 18
        },
        {
            "x": 531,
            "y": 773,
            "node_type": "pickup",
            "id": 19
        },
        {
            "x": 363,
            "y": 62,
            "node_type": "pickup",
            "id": 20
        }
    ],
    "delivery_nodes": [
        {
            "x": 129,
            "y": 674,
            "node_type": "delivery",
            "id": 1
        },
        {
            "x": 336,
            "y": 430,
            "node_type": "delivery",
            "id": 2
        },
        {
            "x": 962,
            "y": 547,
            "node_type": "delivery",
            "id": 3
        },
        {
            "x": 876,
            "y": 778,
            "node_type": "delivery",
            "id": 4
        },
        {
            "x": 581,
            "y": 947,
            "node_type": "delivery",
            "id": 5
        },
        {
            "x": 348,
            "y": 401,
            "node_type": "delivery",
            "id": 6
        },
        {
            "x": 172,
            "y": 30,
            "node_type": "delivery",
            "id": 7
        },
        {
            "x": 491,
            "y": 659,
            "node_type": "delivery",
            "id": 8
        },
        {
            "x": 832,
            "y": 197,
            "node_type": "delivery",
            "id": 9
        },
        {
            "x": 826,
            "y": 526,
            "node_type": "delivery",
            "id": 10
        },
        {
            "x": 883,
            "y": 972,
            "node_type": "delivery",
            "id": 11
        },
        {
            "x": 685,
            "y": 538,
            "node_type": "delivery",
            "id": 12
        },
        {
            "x": 806,
            "y": 302,
            "node_type": "delivery",
            "id": 13
        },
        {
            "x": 64,
            "y": 958,
            "node_type": "delivery",
            "id": 14
        },
        {
            "x": 980,
            "y": 407,
            "node_type": "delivery",
            "id": 15
        },
        {
            "x": 739,
            "y": 689,
            "node_type": "delivery",
            "id": 16
        },
        {
            "x": 87,
            "y": 925,
            "node_type": "delivery",
            "id": 17
        },
        {
            "x": 306,
            "y": 938,
            "node_type": "delivery",
            "id": 18
        },
        {
            "x": 976,
            "y": 579,
            "node_type": "delivery",
            "id": 19
        },
        {
            "x": 925,
            "y": 684,
            "node_type": "delivery",
            "id": 20
        }
    ],
    "travel_costs": [
        [
            0,
            121.65525060596438,
            186.01075237738272,
            172.1772342674838,
            674.4961082170897,
            1124.8328764754344,
            99.02019995940222,
            644.2802185384867,
            523.2379955622489,
            432.01851812161937,
            486.33424720042075,
            1052.354027882252,
            388.41472680628374,
            183.0027322200409,
            584.2576486448423,
            866.7808258146923,
            235.05318547086316,
            718.0842568946906,
            459.03921401117793,
            295.95438837766875,
            956.1443405678872,
            703.6590083271869,
            665.8475801562997,
            409.35314827175813,
            164.8302156766168,
            210.0119044244873,
            679.5366068137905,
            1081.3107786385929,
            394.82274503883383,
            722.2811087104521,
            393.7423015120422,
            108.40664186294123,
            393.97461847179954,
            616.2345332744669,
            726.1026098286661,
            545.5291009652922,
            234.39496581624786,
            702.0348994174008,
            483.41390133094023,
            387.1562991867754,
            270.65106687393643,
            762.2138807447684
        ],
        [
            121.65525060596438,
            0,
            130.38404810405297,
            140.73023839957068,
            557.9614682036745,
            1017.055062422876,
            214.97209121185938,
            594.6974020457799,
            407.71803982654484,
            328.146308831899,
            435.0,
            946.8437041032697,
            272.5472436110848,
            235.30830839560258,
            561.6164171389579,
            749.1468480878766,
            149.164338901763,
            598.0677219178444,
            375.3251923332619,
            174.4161689752415,
            860.8855905403459,
            583.1363476923729,
            552.8553156115984,
            422.120835780467,
            212.32286735064594,
            131.24404748406687,
            568.6914805059066,
            975.3486556098799,
            278.044960393099,
            681.9281487077653,
            365.95218266871973,
            230.00869548780105,
            324.02469041725817,
            573.7813172280881,
            624.4237343343061,
            544.45018137567,
            182.4636950190366,
            597.3315662176242,
            382.62383616288207,
            408.7957925419487,
            302.02648890453304,
            642.7207791879769
        ],
        [
            186.01075237738272,
            130.38404810405297,
            0,
            33.24154027718932,
            601.5488342603617,
            1076.9312884302324,
            281.8386062980017,
            715.880576632723,
            369.96486319649324,
            260.53790511171303,
            557.3912449976228,
            1011.9155103070613,
            244.38085031360373,
            350.3855019831728,
            690.4730262653278,
            784.21999464436,
            266.5520587052368,
            623.6866200264361,
            480.0510389531513,
            214.478437144623,
            943.1882102740682,
            566.6815684315134,
            607.7738066090049,
            551.2041364140875,
            328.42198464780034,
            39.05124837953328,
            628.6572993292928,
            1039.271379380766,
            335.2148564726808,
            805.8945340427616,
            495.1171578525632,
            272.0,
            440.26355742895646,
            697.800114646021,
            547.1791297189613,
            674.8229397404922,
            310.60103026229643,
            526.10360196448,
            306.8892308309303,
            536.3524960322269,
            426.07511074926686,
            617.6487675046393
        ],
        [
            172.1772342674838,
            140.73023839957068,
            33.24154027718932,
            0,
            633.8280523927606,
            1108.3862142773157,
            263.8825496314601,
            733.5298221613078,
            401.59805776422775,
            289.56001105124994,
            574.2542990696718,
            1042.8355575065516,
            277.25259241348857,
            345.46345682285994,
            702.1182236632233,
            817.0740480519497,
            284.6840353795765,
            656.7571849626008,
            503.28719435328367,
            245.15301344262525,
            971.8400074086269,
            599.230339685834,
            639.2386095973866,
            554.6467344175029,
            324.2992445257929,
            72.24956747275377,
            659.7006897070822,
            1070.3242499355044,
            365.5571090814676,
            821.9568115174909,
            506.40102685519895,
            249.06424873915563,
            459.7270929584203,
            713.7856821203407,
            572.1975183448457,
            681.739686390634,
            323.19034639048243,
            552.4527129085347,
            333.9011829868232,
            537.9005484287965,
            425.2305257151702,
            649.5883311759841
        ],
        [
            674.4961082170897,
            557.9614682036745,
            601.5488342603617,
            633.8280523927606,
            0,
            480.4601960620671,
            751.6515149988059,
            513.6418986025186,
            353.3624201864143,
            456.649756377905,
            461.9112468862389,
            423.494982260711,
            389.31349835319094,
            680.23304830036,
            617.3815675900925,
            193.21490625725542,
            457.083143421413,
            90.62008607367353,
            327.37745799000885,
            392.2269751049767,
            406.252384608386,
            267.41914665932205,
            54.405882034941776,
            675.3702688155587,
            664.0120480834667,
            564.5759470611549,
            82.80700453464067,
            448.35700061446573,
            280.01785657346926,
            601.5189107584232,
            537.8215317370623,
            780.6285928660312,
            400.2811511925087,
            538.3270381468872,
            545.8937625582472,
            690.1949000101348,
            501.3362145307279,
            506.353631368434,
            476.2058378474586,
            693.9344349432446,
            670.8002683362612,
            323.154761685481
        ],
        [
            1124.8328764754344,
            1017.055062422876,
            1076.9312884302324,
            1108.3862142773157,
            480.4601960620671,
            0,
            1187.8291122884639,
            699.5155466463915,
            816.8408657749684,
            931.3951900240842,
            758.8306794008793,
            81.8413098624405,
            869.4371742685033,
            1085.4920543237522,
            844.564976777986,
            335.3356527421443,
            892.0812743242625,
            490.7728598853038,
            690.253576593414,
            863.5392289873112,
            246.9109151090733,
            661.0484097250367,
            469.16308465180845,
            996.2113229631552,
            1074.825567243355,
            1041.1320761555664,
            449.5253051831454,
            53.75872022286245,
            744.4568489845467,
            734.4229026929921,
            871.8910482394002,
            1224.8775448998972,
            770.5329324564914,
            743.4688964576798,
            946.7174868988109,
            945.0486759950516,
            915.9148432032314,
            912.6335518706289,
            943.3186100146653,
            1025.3687141706637,
            1047.213922749311,
            678.5698195469645
        ],
        [
            99.02019995940222,
            214.97209121185938,
            281.8386062980017,
            263.8825496314601,
            751.6515149988059,
            1187.8291122884639,
            0,
            656.6886629141698,
            620.9420262794265,
            531.0338972231434,
            505.3652144736518,
            1112.8953230200943,
            485.8528583840997,
            149.33519344079613,
            576.086799015565,
            944.8216762966439,
            297.7331019554258,
            801.3588459610338,
            506.04742860724036,
            386.080302527855,
            1005.877229089117,
            797.8702902101319,
            738.1083931239368,
            380.2696411758372,
            142.50614021858846,
            308.18500936937215,
            748.9732972543146,
            1142.2591649884016,
            475.1105134597634,
            725.1654983519279,
            398.84834210511644,
            52.2398315464359,
            432.588719224161,
            623.4163937530036,
            824.8757482190878,
            521.1842284643693,
            274.8854306797652,
            801.0156053411195,
            582.2782839845567,
            352.17183305880667,
            238.88281646028875,
            857.6928354603411
        ],
        [
            644.2802185384867,
            594.6974020457799,
            715.880576632723,
            733.5298221613078,
            513.6418986025186,
            699.5155466463915,
            656.6886629141698,
            0,
            732.6097187452539,
            761.6882564409143,
            159.90622251807463,
            618.0226533064949,
            664.8917205079335,
            513.2182771492066,
            145.89036979869508,
            638.3040028074397,
            449.3740090392411,
            604.2582229477725,
            265.75928958363806,
            553.2829294312269,
            458.90412942138585,
            755.566674754783,
            461.1854290846578,
            333.7558988242755,
            515.0262129251287,
            699.0350491928141,
            440.6960403724998,
            645.8637627239974,
            475.46398391465993,
            98.85848471426213,
            258.14724480420085,
            707.0876890457081,
            277.34635386101615,
            45.60701700396552,
            983.0015259398126,
            248.57393266390588,
            416.15622066719123,
            943.5518003798202,
            810.0567881327828,
            368.0502683058389,
            438.32065887886233,
            820.6637557489669
        ],
        [
            523.2379955622489,
            407.71803982654484,
            369.96486319649324,
            401.59805776422775,
            353.3624201864143,
            816.8408657749684,
            620.9420262794265,
            732.6097187452539,
            0,
            127.91403363196707,
            611.1080100931422,
            769.3822197061745,
            135.20355024924459,
            623.554328026035,
            780.2083055184686,
            487.5335885864686,
            410.862507415802,
            326.1671350703501,
            470.417899319318,
            258.4356786513813,
            758.0092347722422,
            203.69094236121543,
            389.64727639238026,
            736.4916835918788,
            601.1397508067488,
            332.3386826717588,
            420.21423107743504,
            791.8592046569895,
            265.6332057556058,
            831.3001864549292,
            621.3058827984812,
            626.9752786195003,
            493.973683509557,
            737.6103307302576,
            255.72055060162842,
            813.6829849517563,
            479.8385145025355,
            218.680131699247,
            126.60568707605516,
            738.7123932898378,
            662.0891178685841,
            248.33847869389874
        ],
        [
            432.01851812161937,
            328.146308831899,
            260.53790511171303,
            289.56001105124994,
            456.649756377905,
            931.3951900240842,
            531.0338972231434,
            761.6882564409143,
            127.91403363196707,
            0,
            623.0385220835065,
            879.2411500834113,
            96.7987603226405,
            559.580199792666,
            785.8632196508498,
            607.6158325784475,
            375.3531670307312,
            443.7623237725348,
            496.19048761539153,
            223.95758527006848,
            852.0211264986333,
            331.03474137920927,
            484.4553643009849,
            707.611475316787,
            536.5230656737881,
            226.4177554875059,
            513.0789412946122,
            903.1505965230826,
            288.0642289490314,
            860.0662765159437,
            608.6912189279552,
            529.1880573104423,
            498.9589161444057,
            759.0421595669109,
            296.2853354454115,
            803.2297305254582,
            443.3384711481737,
            270.22398117117586,
            56.3648826841678,
            703.8366287711942,
            612.800130548289,
            371.01212918178294
        ],
        [
            486.33424720042075,
            435.0,
            557.3912449976228,
            574.2542990696718,
            461.9112468862389,
            758.8306794008793,
            505.3652144736518,
            159.90622251807463,
            611.1080100931422,
            623.0385220835065,
            0,
            677.6208379322467,
            526.924093205084,
            367.7893418792883,
            170.1352403236907,
            622.827423930578,
            290.9312633595778,
            548.6292008269337,
            147.32956254601453,
            406.0591089976926,
            538.275951534155,
            668.9222675318861,
            417.0107912272775,
            238.0693176366917,
            366.27039192378083,
            542.0147599466272,
            406.2622305851234,
            707.0855676649044,
            346.0057802985378,
            248.8714527622644,
            118.22859214251008,
            554.4555888436872,
            125.09596316428441,
            141.315250415516,
            866.2251439435362,
            228.48413511664216,
            256.382526705702,
            828.0217388450619,
            674.4138195499852,
            266.54267950930483,
            304.277833566627,
            736.8968720248444
        ],
        [
            1052.354027882252,
            946.8437041032697,
            1011.9155103070613,
            1042.8355575065516,
            423.494982260711,
            81.8413098624405,
            1112.8953230200943,
            618.0226533064949,
            769.3822197061745,
            879.2411500834113,
            677.6208379322467,
            0,
            812.2468836505315,
            1007.6988637484911,
            762.9233251120326,
            303.5918312471533,
            818.5163407043258,
            446.21967684090316,
            612.4867345502267,
            797.6828943884907,
            169.42549985170476,
            627.3762826247099,
            405.66488632860495,
            914.7857672701298,
            997.5510012024448,
            976.9227195638352,
            383.2975345602943,
            29.73213749463701,
            677.5618052989705,
            654.7159689514224,
            791.2016177940993,
            1151.0017376181497,
            692.2607890094599,
            661.8519471906085,
            917.2589601633772,
            863.2757381045758,
            839.8487959150741,
            881.5180088914805,
            895.0351948387281,
            944.1212845815945,
            967.6347451388875,
            652.4913792533968
        ],
        [
            388.41472680628374,
            272.5472436110848,
            244.38085031360373,
            277.25259241348857,
            389.31349835319094,
            869.4371742685033,
            485.8528583840997,
            664.8917205079335,
            135.20355024924459,
            96.7987603226405,
            526.924093205084,
            812.2468836505315,
            0,
            491.92275816432806,
            690.8436870957133,
            557.0466766797913,
            289.9931033662697,
            392.90329599024744,
            399.43084507834396,
            135.05924625881784,
            772.4312267121262,
            322.8652969893172,
            409.73772098746286,
            621.6912416947821,
            469.2344829613442,
            205.5164227014474,
            436.4263970018312,
            837.5279099827061,
            191.92967462067975,
            763.2692840669013,
            517.0154736562533,
            493.00101419773983,
            403.29889660151565,
            662.4024456476591,
            367.88721097640786,
            711.6010118036652,
            359.13367984637694,
            335.8466912149054,
            147.78700890132393,
            620.380528385603,
            536.1212549414545,
            376.61651583540515
        ],
        [
            183.0027322200409,
            235.30830839560258,
            350.3855019831728,
            345.46345682285994,
            680.23304830036,
            1085.4920543237522,
            149.33519344079613,
            513.2182771492066,
            623.554328026035,
            559.580199792666,
            367.7893418792883,
            1007.6988637484911,
            491.92275816432806,
            0,
            427.0,
            871.5348530035961,
            231.38712150852302,
            742.7819330059125,
            395.2733231575336,
            367.0054495508207,
            888.203805441071,
            775.0935427417778,
            657.3621528503143,
            232.9635164569766,
            23.08679276123039,
            362.58102542742085,
            662.872536767062,
            1037.3798725635656,
            422.1291271637152,
            577.7819657967874,
            255.36052944807267,
            201.55892438688988,
            315.6865534038471,
            477.93828053421294,
            854.7075523241853,
            373.121963974248,
            178.89941307897016,
            825.4919745218605,
            615.1040562376418,
            207.23899247004653,
            91.09335870413386,
            840.0119046775468
        ],
        [
            584.2576486448423,
            561.6164171389579,
            690.4730262653278,
            702.1182236632233,
            617.3815675900925,
            844.564976777986,
            576.086799015565,
            145.89036979869508,
            780.2083055184686,
            785.8632196508498,
            170.1352403236907,
            762.9233251120326,
            690.8436870957133,
            427.0,
            0,
            762.0104986153407,
            431.6676962664684,
            706.5436999931427,
            316.7080674690811,
            564.5617769562513,
            604.7718578108608,
            836.8159893309878,
            568.5419949308935,
            212.8497122384712,
            434.5572459411993,
            681.2473853160833,
            552.945747790866,
            790.9943109782777,
            514.659110479937,
            161.13658802394943,
            195.72429588581994,
            628.1791145843677,
            288.10588331375675,
            101.13357503816425,
            1035.6408643926718,
            103.40696301506973,
            379.8762956542564,
            997.6382109763039,
            838.6298349093003,
            247.60654272454113,
            341.0703739699477,
            904.389849567099
        ],
        [
            866.7808258146923,
            749.1468480878766,
            784.21999464436,
            817.0740480519497,
            193.21490625725542,
            335.3356527421443,
            944.8216762966439,
            638.3040028074397,
            487.5335885864686,
            607.6158325784475,
            622.827423930578,
            303.5918312471533,
            557.0466766797913,
            871.5348530035961,
            762.0104986153407,
            0,
            650.1299870025994,
            164.58432489152787,
            503.0506932705689,
            580.2154772151464,
            365.1369606051954,
            326.0751447136074,
            216.15735009478624,
            849.6334503772789,
            855.8621384311845,
            746.2077458724212,
            218.52459815773602,
            320.03124847427006,
            471.95974404603623,
            712.1916876796583,
            712.589643483541,
            973.3370433719247,
            580.9483625934408,
            671.5772479767313,
            614.234482913488,
            846.0596905656244,
            692.7409328168793,
            579.076851549084,
            614.00325732035,
            871.1836775330446,
            857.5645748280417,
            348.9369570567153
        ],
        [
            235.05318547086316,
            149.164338901763,
            266.5520587052368,
            284.6840353795765,
            457.083143421413,
            892.0812743242625,
            297.7331019554258,
            449.3740090392411,
            410.862507415802,
            375.3531670307312,
            290.9312633595778,
            818.5163407043258,
            289.9931033662697,
            231.38712150852302,
            431.6676962664684,
            650.1299870025994,
            0,
            514.0476631597502,
            227.98464860599717,
            155.0774000297916,
            721.472106182907,
            546.393631002412,
            440.8321676103049,
            332.41540277189324,
            212.20037700249262,
            251.80349481291955,
            451.2427284732686,
            847.6396640082389,
            190.80094339389416,
            539.6480334440217,
            240.9834019180574,
            332.80925467901284,
            175.34537347760275,
            431.6769625541766,
            657.3621528503143,
            432.7493500861671,
            69.28924880528002,
            624.1097659867213,
            431.3339773307918,
            330.39370454050726,
            252.66974492408073,
            612.4704074483926
        ],
        [
            718.0842568946906,
            598.0677219178444,
            623.6866200264361,
            656.7571849626008,
            90.62008607367353,
            490.7728598853038,
            801.3588459610338,
            604.2582229477725,
            326.1671350703501,
            443.7623237725348,
            548.6292008269337,
            446.21967684090316,
            392.90329599024744,
            742.7819330059125,
            706.5436999931427,
            164.58432489152787,
            514.0476631597502,
            0,
            410.01951173084433,
            425.5091068355647,
            460.84813116687366,
            194.74342094150447,
            144.01388821915754,
            755.7228327899059,
            725.0848226242224,
            585.2606257044805,
            169.1892431568863,
            467.38848937473847,
            326.58536403213174,
            691.9371358729057,
            618.7277268718445,
            825.9545992365439,
            478.8454865611662,
            628.6811592532417,
            483.92148123430104,
            777.1132478603103,
            564.9867255077769,
            445.7375909658058,
            452.73391743937185,
            772.4720059652648,
            741.2374788149882,
            242.00206610688267
        ],
        [
            459.03921401117793,
            375.3251923332619,
            480.0510389531513,
            503.28719435328367,
            327.37745799000885,
            690.253576593414,
            506.04742860724036,
            265.75928958363806,
            470.417899319318,
            496.19048761539153,
            147.32956254601453,
            612.4867345502267,
            399.43084507834396,
            395.2733231575336,
            316.7080674690811,
            503.0506932705689,
            227.98464860599717,
            410.01951173084433,
            0,
            294.1598205057924,
            499.9249943741561,
            521.7710225759955,
            288.7351727794867,
            348.369057179308,
            385.1752847730498,
            456.50191675391676,
            284.9227965607526,
            642.1526298318804,
            209.80467106334882,
            364.44615514503647,
            210.76052761368766,
            548.2928049865327,
            81.27115109311545,
            267.2901045680517,
            723.9281732326764,
            371.84539798147296,
            231.1925604339378,
            685.1642138932826,
            544.2977126536542,
            368.4195977414882,
            362.0952913253637,
            589.8686294421834
        ],
        [
            295.95438837766875,
            174.4161689752415,
            214.478437144623,
            245.15301344262525,
            392.2269751049767,
            863.5392289873112,
            386.080302527855,
            553.2829294312269,
            258.4356786513813,
            223.95758527006848,
            406.0591089976926,
            797.6828943884907,
            135.05924625881784,
            367.0054495508207,
            564.5617769562513,
            580.2154772151464,
            155.0774000297916,
            425.5091068355647,
            294.1598205057924,
            0,
            730.5785378725548,
            414.010869422531,
            394.55544604022384,
            486.6590182047385,
            345.0362299817224,
            181.0414317221337,
            414.5756866966513,
            825.1848277810251,
            120.81390648431164,
            649.9053777281736,
            384.7518680916312,
            404.357515077932,
            280.96441055763626,
            545.4044370923287,
            502.30867004263416,
            579.2728200079821,
            224.32119828495928,
            469.2973471052228,
            279.0161285660741,
            485.4492764439968,
            403.9269735979512,
            476.46301010676575
        ],
        [
            956.1443405678872,
            860.8855905403459,
            943.1882102740682,
            971.8400074086269,
            406.252384608386,
            246.9109151090733,
            1005.877229089117,
            458.90412942138585,
            758.0092347722422,
            852.0211264986333,
            538.275951534155,
            169.42549985170476,
            772.4312267121262,
            888.203805441071,
            604.7718578108608,
            365.1369606051954,
            721.472106182907,
            460.84813116687366,
            499.9249943741561,
            730.5785378725548,
            0,
            655.2098900352466,
            368.9891597323694,
            770.7308220124585,
            880.8092869628476,
            911.4543323721712,
            339.3316961322653,
            193.66207682455538,
            610.5677685564478,
            488.04303088969516,
            655.488367555062,
            1048.0935072788113,
            574.6825210496662,
            503.8342981576384,
            944.572390026302,
            706.9045197196012,
            731.0984885772915,
            906.0601525285173,
            877.8524933039719,
            801.9089723902583,
            838.2887330747086,
            695.5070093104741
        ],
        [
            703.6590083271869,
            583.1363476923729,
            566.6815684315134,
            599.230339685834,
            267.41914665932205,
            661.0484097250367,
            797.8702902101319,
            755.566674754783,
            203.69094236121543,
            331.03474137920927,
            668.9222675318861,
            627.3762826247099,
            322.8652969893172,
            775.0935427417778,
            836.8159893309878,
            326.0751447136074,
            546.393631002412,
            194.74342094150447,
            521.7710225759955,
            414.010869422531,
            655.2098900352466,
            0,
            319.9765616416302,
            842.6256582848638,
            754.204879326566,
            528.0463994764096,
            349.98571399415715,
            645.4339625399333,
            362.3106401970552,
            849.5516464582951,
            712.5398234484862,
            810.7527366589643,
            572.3914744298695,
            772.4720059652648,
            291.34343994674055,
            891.9024610348375,
            610.1843983583979,
            254.4896854491356,
            317.84430150625633,
            852.3109761114191,
            796.0628115921508,
            68.6585755750875
        ],
        [
            665.8475801562997,
            552.8553156115984,
            607.7738066090049,
            639.2386095973866,
            54.405882034941776,
            469.16308465180845,
            738.1083931239368,
            461.1854290846578,
            389.64727639238026,
            484.4553643009849,
            417.0107912272775,
            405.66488632860495,
            409.73772098746286,
            657.3621528503143,
            568.5419949308935,
            216.15735009478624,
            440.8321676103049,
            144.01388821915754,
            288.7351727794867,
            394.55544604022384,
            368.9891597323694,
            319.9765616416302,
            0,
            636.8398542804933,
            642.4204230875603,
            572.1136250780958,
            31.38470965295043,
            432.3147001895725,
            276.52486325826106,
            548.0009124079995,
            499.3155315028764,
            770.0474011383974,
            365.32861919099633,
            487.118055506055,
            593.9427581846587,
            644.4105834016074,
            479.05114549492515,
            554.0992690845206,
            508.8850557837202,
            657.1156671393553,
            641.4335507283666,
            377.0371334497439
        ],
        [
            409.35314827175813,
            422.120835780467,
            551.2041364140875,
            554.6467344175029,
            675.3702688155587,
            996.2113229631552,
            380.2696411758372,
            333.7558988242755,
            736.4916835918788,
            707.611475316787,
            238.0693176366917,
            914.7857672701298,
            621.6912416947821,
            232.9635164569766,
            212.8497122384712,
            849.6334503772789,
            332.41540277189324,
            755.7228327899059,
            348.369057179308,
            486.6590182047385,
            770.7308220124585,
            842.6256582848638,
            636.8398542804933,
            0,
            246.48935068274247,
            552.4137941796891,
            631.1196400049677,
            944.1339947274433,
            484.13324612135455,
            373.36309405188945,
            137.61177275218859,
            432.28000185065235,
            277.14617081965974,
            290.4496514027861,
            987.5854393418323,
            141.15239990875114,
            264.372842780797,
            953.157384695728,
            763.6864539848798,
            34.92849839314596,
            141.90842117365693,
            911.1333601619468
        ],
        [
            164.8302156766168,
            212.32286735064594,
            328.42198464780034,
            324.2992445257929,
            664.0120480834667,
            1074.825567243355,
            142.50614021858846,
            515.0262129251287,
            601.1397508067488,
            536.5230656737881,
            366.27039192378083,
            997.5510012024448,
            469.2344829613442,
            23.08679276123039,
            434.5572459411993,
            855.8621384311845,
            212.20037700249262,
            725.0848226242224,
            385.1752847730498,
            345.0362299817224,
            880.8092869628476,
            754.204879326566,
            642.4204230875603,
            246.48935068274247,
            0,
            339.9794111413219,
            648.778082243844,
            1027.19034263373,
            402.9714630094791,
            582.663710900207,
            256.9124364447934,
            194.12624758130983,
            306.72626232522055,
            481.11952776830833,
            831.7114884381482,
            385.30118089619197,
            163.37074401495514,
            802.5770991001425,
            592.0304046246274,
            222.71281956816046,
            106.00471687618435,
            818.8510243017347
        ],
        [
            210.0119044244873,
            131.24404748406687,
            39.05124837953328,
            72.24956747275377,
            564.5759470611549,
            1041.1320761555664,
            308.18500936937215,
            699.0350491928141,
            332.3386826717588,
            226.4177554875059,
            542.0147599466272,
            976.9227195638352,
            205.5164227014474,
            362.58102542742085,
            681.2473853160833,
            746.2077458724212,
            251.80349481291955,
            585.2606257044805,
            456.50191675391676,
            181.0414317221337,
            911.4543323721712,
            528.0463994764096,
            572.1136250780958,
            552.4137941796891,
            339.9794111413219,
            0,
            593.6370945282985,
            1004.0766902981068,
            301.7349830563238,
            790.8862117902928,
            487.09957914167813,
            303.03300150313663,
            422.01540256251315,
            683.117852204142,
            517.117008035899,
            671.4171579577036,
            302.5359482772254,
            494.489635887346,
            275.1472333133662,
            539.8601670803283,
            433.0184753564218,
            579.5903725908497
        ],
        [
            679.5366068137905,
            568.6914805059066,
            628.6572993292928,
            659.7006897070822,
            82.80700453464067,
            449.5253051831454,
            748.9732972543146,
            440.6960403724998,
            420.21423107743504,
            513.0789412946122,
            406.2622305851234,
            383.2975345602943,
            436.4263970018312,
            662.872536767062,
            552.945747790866,
            218.52459815773602,
            451.2427284732686,
            169.1892431568863,
            284.9227965607526,
            414.5756866966513,
            339.3316961322653,
            349.98571399415715,
            31.38470965295043,
            631.1196400049677,
