{
    "depot": [
        552,
        854
    ],
    "final_destination": [
        645,
        437
    ],
    "requests": [
        [
            [
                85,
                150
            ],
            [
                406,
                43
            ]
        ],
        [
            [
                334,
                946
            ],
            [
                105,
                729
            ]
        ],
        [
            [
                453,
                658
            ],
            [
                561,
                474
            ]
        ],
        [
            [
                959,
                987
            ],
            [
                501,
                682
            ]
        ],
        [
            [
                290,
                787
            ],
            [
                541,
                585
            ]
        ],
        [
            [
                165,
                286
            ],
            [
                917,
                792
            ]
        ],
        [
            [
                858,
                343
            ],
            [
                522,
                473
            ]
        ],
        [
            [
                4,
                628
            ],
            [
                309,
                349
            ]
        ],
        [
            [
                629,
                664
            ],
            [
                366,
                71
            ]
        ],
        [
            [
                364,
                23
            ],
            [
                177,
                312
            ]
        ],
        [
            [
                808,
                5
            ],
            [
                997,
                569
            ]
        ],
        [
            [
                774,
                476
            ],
            [
                940,
                294
            ]
        ],
        [
            [
                851,
                408
            ],
            [
                947,
                970
            ]
        ],
        [
            [
                439,
                244
            ],
            [
                204,
                666
            ]
        ],
        [
            [
                746,
                229
            ],
            [
                233,
                360
            ]
        ],
        [
            [
                672,
                262
            ],
            [
                226,
                914
            ]
        ],
        [
            [
                649,
                838
            ],
            [
                278,
                51
            ]
        ],
        [
            [
                731,
                986
            ],
            [
                870,
                572
            ]
        ],
        [
            [
                973,
                786
            ],
            [
                565,
                818
            ]
        ],
        [
            [
                282,
                394
            ],
            [
                323,
                461
            ]
        ],
        [
            [
                646,
                322
            ],
            [
                49,
                371
            ]
        ],
        [
            [
                958,
                323
            ],
            [
                542,
                7
            ]
        ],
        [
            [
                725,
                334
            ],
            [
                253,
                171
            ]
        ],
        [
            [
                922,
                226
            ],
            [
                238,
                291
            ]
        ],
        [
            [
                452,
                198
            ],
            [
                568,
                933
            ]
        ]
    ],
    "travel_costs": [
        [
            0,
            844.8106296679748,
            236.6178353379136,
            219.58369702689674,
            428.17986874676853,
            270.43113726048637,
            687.3085187890516,
            595.6148084122825,
            592.7731437911134,
            205.00975586542216,
            852.0005868542579,
            886.7564490884744,
            438.3697069825879,
            536.9515806848883,
            620.378110510034,
            654.4165340209553,
            604.0397337924054,
            98.3107318658548,
            222.40728405337805,
            426.45632836200247,
            533.3854141237834,
            540.2406871015918,
            668.4287546178725,
            548.022809744266,
            728.892310290073,
            663.5781792675223,
            824.0370137317861,
            464.14868307472335,
            380.1065640054115,
            179.40178371465544,
            269.2248131209306,
            370.22830793984406,
            382.17927730320497,
            560.4230544865192,
            804.7887921684794,
            659.0819372430108,
            528.441103624614,
            681.281146077007,
            411.6807015151427,
            395.5350806186475,
            588.0450663001944,
            331.4754892899322,
            848.460370317907,
            425.0270579621961,
            38.27531841800928,
            454.8516241589118,
            697.3507008672179,
            847.0590298202363,
            745.5803108988326,
            644.6433122277776,
            80.60397012554654,
            427.24466058688205
        ],
        [
            844.8106296679748,
            0,
            834.0365699416302,
            627.286218563743,
            1210.1425535861467,
            669.1741178497567,
            157.78466338652814,
            796.7295651599733,
            484.8143974759825,
            748.4196683679552,
            306.54526582545685,
            737.3967724366578,
            762.2315921030824,
            808.2821289624063,
            366.2676616901907,
            665.7041384879623,
            597.5893238671521,
            889.6291362135122,
            1056.509346858796,
            1092.2637044230667,
            313.6000637755037,
            586.7750846789594,
            889.9764041815939,
            665.9249206930162,
            840.4433353891267,
            370.12565433917166,
            338.3637096380166,
            579.3453201675146,
            575.8055227244699,
            675.3369529353477,
            630.2071088142374,
            1050.898663049868,
            543.4132865508535,
            299.6281028208135,
            291.8938163099726,
            186.30083198955393,
            1003.6458538747619,
            867.0415214970966,
            1189.72433781948,
            529.5441435801174,
            256.9124364447934,
            776.9021817449093,
            216.91011963483862,
            891.2401472106159,
            822.5715774326269,
            391.6184367467905,
            223.91292950609173,
            478.8507074235142,
            169.30741271426953,
            208.0624906127964,
            919.9880434005652,
            629.2606773031349
        ],
        [
            236.6178353379136,
            834.0365699416302,
            0,
            311.6167517961767,
            626.3433563150486,
            164.97575579460155,
            681.2936224565735,
            798.864819603417,
            458.2837548942794,
            408.1041533726409,
            923.4874119336982,
            1053.639881553465,
            643.8167441127949,
            746.1454281840772,
            709.8091292734971,
            826.9419568506607,
            762.954782408499,
            333.0,
            399.0100249367176,
            658.7268022480944,
            554.4438655084931,
            697.6532089799344,
            881.7624396627472,
            726.24031835199,
            929.593459529487,
            757.2502888741608,
            905.8658841130955,
            315.4837555247496,
            523.7489856792088,
            312.385979198811,
            416.13699667297067,
            602.9966832412928,
            508.99214139316535,
            597.5232213060846,
            875.5849473352084,
            653.1500593278698,
            762.6912874813767,
            890.1348212490061,
            613.4696406506193,
            308.7069808086626,
            594.6402273644123,
            112.64102272262978,
            896.7502439364039,
            653.583965531591,
            264.09278672466615,
            485.12472623027577,
            641.7554051194271,
            961.7614049232793,
            779.2214062768039,
            661.997734135095,
            234.3608329051593,
            596.4914081527075
        ],
        [
            219.58369702689674,
            627.286218563743,
            311.6167517961767,
            0,
            603.5536430177519,
            207.87015177749785,
            470.4550988139038,
            513.078941294612,
            450.0011111097394,
            176.10224302944013,
            641.2066749496609,
            743.2590396355768,
            369.0054200143949,
            470.0042552998856,
            414.23664734062345,
            519.5093839383462,
            452.5229275959396,
            266.11275805567834,
            429.96278908761394,
            535.5221750777459,
            314.5425249469458,
            387.4854835990634,
            606.0115510450275,
            423.03664143901295,
            637.6401806661811,
            460.0010869552375,
            616.7933203269959,
            355.1689738701848,
            213.3541656495134,
            53.665631459994955,
            114.3372205364465,
            482.9616962037466,
            197.44872752185566,
            340.90614544182097,
            593.4121670474915,
            442.5968820495689,
            551.2322559502483,
            608.0008223678649,
            584.27733141035,
            249.12848090894786,
            370.4105830021599,
            342.14762895568924,
            631.7230405802848,
            425.7757625793183,
            195.30488985173923,
            236.02754076590298,
            495.5653337351191,
            657.0555532068806,
            526.468422604813,
            425.33986410869136,
            298.0771712157776,
            292.7541630788536
        ],
        [
            428.17986874676853,
            1210.1425535861467,
            626.3433563150486,
            603.5536430177519,
            0,
            698.2556838293549,
            1059.1680697604133,
            651.8719199351971,
            1020.2480090644627,
            461.7672573927259,
            1132.8375876532346,
            993.5416448242116,
            543.4574500363391,
            588.9864175004377,
            906.8897397148122,
            787.3582412091715,
            779.7397001564048,
            343.9491241448363,
            228.00219297190978,
            201.48697228356974,
            899.9877776947862,
            734.9789112620851,
            664.0007530116213,
            693.6605798227256,
            761.8989434301639,
            937.853933190025,
            1094.0498160504392,
            892.121068017116,
            649.2865315097796,
            550.262664552121,
            579.937927712958,
            199.4718025185515,
            674.6591732126674,
            910.7930610188025,
            1091.1942998384845,
            1033.0290412181062,
            419.72371865311595,
            693.2604128320036,
            20.808652046684813,
            820.4059970526789,
            959.2731623474099,
            736.6260923969501,
            1157.5219220386282,
            424.4360964856783,
            428.7155233951763,
            825.3314485708152,
            1098.8885293786625,
            1065.03004652451,
            1079.0236327347052,
            1002.1262395526823,
            394.71128689207757,
            633.3214033964114
        ],
        [
            270.43113726048637,
            669.1741178497567,
            164.97575579460155,
            207.87015177749785,
            698.2556838293549,
            0,
            516.3584026623369,
            720.9438258283374,
            327.2262214432089,
            360.62445840513925,
            767.5754034620963,
            938.0021321937386,
            575.3060055309696,
            677.0243717917398,
            563.0719314616916,
            720.6247289678589,
            649.2680494218085,
            362.60446770551516,
            483.82021454255096,
            683.0007320640294,
            393.0814165029937,
            585.6287219732311,
            813.338797795851,
            628.0398076555339,
            845.071002934073,
            610.872327086438,
            752.9887117347777,
            193.8788281375767,
            414.01690786729955,
            235.6819891294199,
            322.1878334139885,
            627.0199358872093,
            390.4100408544842,
            438.4119067726149,
            720.0222218792973,
            488.2560803512845,
            739.8466057231053,
            815.8118655670557,
            682.0102638523852,
            148.44864431849825,
            430.7876507050776,
            142.2146265332789,
            736.0978195865003,
            618.5668920981788,
            276.74175687814085,
            327.6659884699662,
            480.76709537987307,
            819.6975051810272,
            617.1102008555685,
            498.718357392226,
            314.0063693621516,
            498.5228179331413
        ],
        [
            687.3085187890516,
            157.78466338652814,
            681.2936224565735,
            470.4550988139038,
            1059.1680697604133,
            516.3584026623369,
            0,
            695.3402045042411,
            378.00132274900835,
            598.4814115743278,
            329.80297148449097,
            701.719317106206,
            637.950625048679,
            696.7639485507269,
            277.2002886001384,
            583.7893455691017,
            507.56772947065895,
            734.1389514254097,
            900.1977560514133,
            950.1915596341613,
            159.2262541165872,
            482.34531199131607,
            793.8627085334089,
            562.0533782480095,
            759.3740843615878,
            300.18827425467504,
            342.2426040106638,
            447.04474049025566,
            438.3605821695194,
            519.3380402011776,
            480.3925478189686,
            906.3884377020704,
            403.0111660984097,
            157.1782427691568,
            294.3229518742975,
            28.635642126552703,
            878.8134045404632,
            775.0412892227097,
            1038.932144078717,
            381.9960732782472,
            100.4987562112089,
            630.9556244301178,
            260.7565914794869,
            760.8028653994411,
            665.6004807690571,
            235.7731961016773,
            143.80890097626084,
            469.00959478458435,
            144.80676779764127,
            73.17103251970687,
            762.2453673194741,
            503.1908186761758
        ],
        [
            595.6148084122825,
            796.7295651599733,
            798.864819603417,
            513.078941294612,
            651.8719199351971,
            720.9438258283374,
            695.3402045042411,
            0,
            900.3005053869514,
            394.31205916126885,
            588.5881412328998,
            341.6782111870759,
            157.30543537970962,
            65.37583651472461,
            430.53687414668684,
            159.81239000778382,
            202.87188075236054,
            537.3136886400717,
            655.4220014616537,
            457.6832966145913,
            578.2534046592377,
            213.0375553746334,
            101.9803902718557,
            133.3041634758645,
            133.3604139165742,
            431.11599367223664,
            542.4979262633176,
            846.1707865437095,
            324.6074552440224,
            492.3108773935429,
            398.8144932170846,
            452.8598017046777,
            360.2721193764513,
            549.03278590627,
            562.1814653650546,
            681.7052148839703,
            265.32432983049256,
            95.524865872714,
            633.2850858815483,
            729.4141484780783,
            625.2311572530595,
            851.7423319290875,
            649.3566046480162,
            229.31419493786248,
            558.0985576042998,
            547.858558388933,
            809.4844038028158,
            461.2504742544987,
            628.9745622837223,
            622.1768237406469,
            657.419196555744,
            232.81967270830015
        ],
        [
            592.7731437911134,
            484.8143974759825,
            458.2837548942794,
            450.0011111097394,
            1020.2480090644627,
            327.2262214432089,
            378.00132274900835,
            900.3005053869514,
            0,
            626.0359414602327,
            704.0063920164362,
            1017.1258525865911,
            784.8592230457638,
            875.1051365407473,
            580.2421908134568,
            842.4755189321528,
            761.6954772085758,
            678.3251432757008,
            810.3659667088692,
            981.7968221582305,
            363.3730865102698,
            711.1961754677819,
            1001.5692686978771,
            778.6379132819054,
            1002.1616636052289,
            620.9702086251804,
            709.8091292734971,
            142.83556979968262,
            577.8970496550402,
            499.9249943741561,
            538.7188506076245,
            927.612526866687,
            540.6930737488691,
            413.359407779719,
            664.2988785177948,
            360.25685281476603,
            994.7512251814522,
            993.8068222748321,
            1003.1016897603154,
            203.57799488156866,
            352.5124111290268,
            362.04972034238614,
            638.7526907966808,
            867.8087346875462,
            592.3014435234816,
            360.06943774777665,
            260.9099461500079,
            821.6355639819884,
            520.4325124355703,
            410.27429848821873,
            641.1871801588051,
            668.8512540169152
        ],
        [
            205.00975586542216,
            748.4196683679552,
            408.1041533726409,
            176.10224302944013,
            461.7672573927259,
            360.62445840513925,
            598.4814115743278,
            394.31205916126885,
            626.0359414602327,
            0,
            693.6180505148349,
            682.8777342980221,
            237.42156599601478,
            338.85099970340946,
            460.9772228646444,
            450.45976512891804,
            404.293210430252,
            175.14565367145138,
            337.7691519366444,
            364.9931506206658,
            439.66919382644954,
            342.42225394971047,
            473.83752489645644,
            343.68008379887243,
            526.9658432953696,
            498.48269779401573,
            659.8257345693634,
            528.0160982394382,
            201.80188304374167,
            129.2594290564522,
            118.25819210524064,
            315.1634496574753,
            218.92921230388603,
            449.02672526253934,
            648.7048635550684,
            572.8944056281227,
            380.06446821559103,
            483.34356311013386,
            441.316213162399,
            425.00470585629995,
            499.2314092682871,
            474.24571690211394,
            706.3780857302979,
            257.96317566660554,
            166.76930173146377,
            367.2124725550591,
            649.8068943924802,
            662.7352412540018,
            620.0201609625287,
            540.3794962801605,
            275.829657578731,
            227.56317804073663
        ],
        [
            852.0005868542579,
            306.54526582545685,
            923.4874119336982,
            641.2066749496609,
            1132.8375876532346,
            767.5754034620963,
            329.80297148449097,
            588.5881412328998,
            704.0063920164362,
            693.6180505148349,
            0,
            444.3647150708526,
            610.9901799538189,
            620.8010953598584,
            233.37951923851415,
            434.00460827046527,
            389.85253622363416,
            863.3944637302233,
            1030.5619826094887,
            976.2427976686947,
            379.95394457749745,
            411.0048661512416,
            665.4592399238288,
            476.48924436969196,
            593.7785782596068,
            195.88006534611938,
            46.518813398452025,
            752.0086435673462,
            492.1483516176804,
            673.0898899849856,
            589.21388306794,
            947.1905827234559,
            476.93186096129085,
            330.6070174693816,
            48.041648597857254,
            344.223764432382,
            835.9455723909302,
            636.56657153828,
            1112.0692424485087,
            662.6077270904709,
            361.5660382281499,
            901.6235356289232,
            90.44335243676011,
            746.6170370410791,
            820.0158535052843,
            439.9147644714826,
            469.3921601390462,
            178.71765441612087,
            185.0,
            296.1418578992169,
            932.5856529027241,
            500.35687264191745
        ],
        [
            886.7564490884744,
            737.3967724366578,
            1053.639881553465,
            743.2590396355768,
            993.5416448242116,
            938.0021321937386,
            701.719317106206,
            341.6782111870759,
            1017.1258525865911,
            682.8777342980221,
            444.3647150708526,
            0,
            472.22558168739647,
            405.2875522391479,
            439.638487851098,
            232.42202993692317,
            290.766229125736,
            848.0389142014652,
            984.0172762711028,
            798.2393124871763,
            654.2147965309254,
            355.99578649191903,
            351.60204777560665,
            339.3081195609678,
            248.67046467162118,
            404.95061427290125,
            403.7920256765852,
            1009.1506329582319,
            530.0660336222271,
            743.355903992159,
            638.5052858042758,
            794.5124291035353,
            548.4706008529537,
            606.0833276043816,
            446.90043633901274,
            701.719317106206,
            594.8251844029471,
            317.7184288013524,
            974.9594863377658,
            895.3976770128454,
            675.7588327206681,
            1079.353973448933,
            531.9924811498748,
            570.3796980959262,
            848.5387439592844,
            665.7033874031287,
            842.6369324922805,
            266.00751869073173,
            579.2935352651538,
            637.7272144106757,
            958.5322112480102,
            461.72827507095553
        ],
        [
            438.3697069825879,
            762.2315921030824,
            643.8167441127949,
            369.0054200143949,
            543.4574500363391,
            575.3060055309696,
            637.950625048679,
            157.30543537970962,
            784.8592230457638,
            237.42156599601478,
            610.9901799538189,
            472.22558168739647,
            0,
            102.72779565434078,
            407.49110419737997,
            248.58197842965205,
            237.06539182259397,
            382.97388944939837,
            511.80953488578155,
            368.3761664386012,
            498.7865274844539,
            200.24984394500785,
            239.30106560565082,
            150.2165104108067,
            290.52366512902177,
            425.4033380216944,
            568.2543444620551,
            715.2412180516444,
            213.00938946440834,
            342.0014619851792,
            257.23530084341064,
            346.8501117197456,
            252.0178565102084,
            482.0311193273729,
            574.8817269665127,
            619.1163057132318,
            241.61539686038225,
            246.33310780323458,
            523.4166600329035,
            600.8327554319922,
            553.2964847168289,
            701.5326079377921,
            653.1776174977216,
            135.76450198781714,
            400.8054390848507,
            451.2493767308715,
            732.5639903789976,
            523.2446846361652,
            603.7101953752314,
            567.0282179927204,
            501.2833530050643,
            134.76646467129723
        ],
        [
            536.9515806848883,
            808.2821289624063,
            746.1454281840772,
            470.0042552998856,
            588.9864175004377,
            677.0243717917398,
            696.7639485507269,
            65.37583651472461,
            875.1051365407473,
            338.85099970340946,
            620.8010953598584,
            405.2875522391479,
            102.72779565434078,
            0,
            443.44108966129875,
            207.52349264601347,
            230.99134182908242,
            475.0831506168157,
            590.3253340320065,
            397.200201409818,
            569.1722059271692,
            222.3083444227859,
            136.6528448295168,
            146.12323566086263,
            195.35864454894235,
            450.8891216252617,
            575.5432216610669,
            812.1311470446137,
            297.4155342277871,
            444.49521932187304,
            356.97198769651385,
            389.6305942813013,
            335.35950858742626,
            545.2017975025393,
            590.58784274653,
            680.8024676806041,
            217.34074629484456,
            144.62710672622887,
            570.1403336021756,
            696.5436095464519,
            619.8612748026771,
            804.1523487499119,
            675.1133238205273,
            165.09694121939387,
            499.89598918174966,
            530.6533708552129,
            802.8530376102465,
            506.2430246433031,
            643.2518946726857,
            624.0657016693033,
            596.4176389075025,
            208.03124765284662
        ],
        [
            620.378110510034,
            366.2676616901907,
            709.8091292734971,
            414.23664734062345,
            906.8897397148122,
            563.0719314616916,
            277.2002886001384,
            430.53687414668684,
            580.2421908134568,
            460.9772228646444,
            233.37951923851415,
            439.638487851098,
            407.49110419737997,
            443.44108966129875,
            0,
            307.36623106645925,
            233.69424468736923,
            630.0285707807227,
            797.3882366827341,
            760.8679254640716,
            217.13820483738002,
            221.20804686990934,
            524.978094781106,
            299.82661656364,
            483.335287352372,
            47.801673610868484,
            203.69094236121546,
            588.8811425067032,
            260.35360569809666,
            442.3663640016045,
            355.92836357896516,
            727.1781074812415,
            243.57750306627253,
            167.10774967068403,
            187.77113729218345,
            270.6806236138819,
            645.7468544251686,
            503.48882807863777,
            886.0812603819132,
            483.0207034900264,
            236.41488954801474,
            703.0426729580503,
            251.3364279208249,
            541.6133307074336,
            587.66657213083,
            246.0589360295618,
            410.1572869034512,
            258.41439588382065,
            199.81241202688085,
            206.4218980631658,
            700.9721820443377,
            282.2853166567471
        ],
        [
            654.4165340209553,
            665.7041384879623,
            826.9419568506607,
            519.5093839383462,
            787.3582412091715,
            720.6247289678589,
            583.7893455691017,
            159.81239000778382,
            842.4755189321528,
            450.45976512891804,
            434.00460827046527,
            232.42202993692317,
            248.58197842965205,
            207.52349264601347,
            307.36623106645925,
            0,
            81.0246875958186,
            616.6765764969512,
            757.1485983609823,
            601.4798417237273,
            492.4642118976769,
            136.56134152826706,
            231.90515302597308,
            107.07940978544849,
            176.02556632489498,
            295.62983611266304,
            387.55128692858193,
            812.9458776573014,
            307.001628660175,
            515.0087377899524,
            410.8053066843222,
            588.3961250722169,
            331.2280181385627,
            453.17656603138687,
            411.5385765636072,
            575.0217387195027,
            422.6121153019634,
            204.59960899278377,
            767.777311464724,
            696.2276926408487,
            529.4619910815128,
            860.0145347608958,
            500.707499444536,
            364.7259244967377,
            616.183414252607,
            482.444815497068,
            711.3177911454204,
            301.4962686336267,
            496.400040290087,
            511.76947935569586,
            726.1542535852834,
            231.22499864850255
        ],
        [
            604.0397337924054,
            597.5893238671521,
            762.954782408499,
            452.5229275959396,
            779.7397001564048,
            649.2680494218085,
            507.56772947065895,
            202.87188075236054,
            761.6954772085758,
            404.293210430252,
            389.85253622363416,
            290.766229125736,
            237.06539182259397,
            230.99134182908242,
            233.69424468736923,
            81.0246875958186,
            0,
            576.4590184913409,
            726.4000275330391,
            604.2987671673673,
            411.7329231431463,
            65.39113089708727,
            292.43289828608545,
            89.40357934669059,
            252.57870060636546,
            229.12005586591496,
            344.55333404278645,
            734.5597320844644,
            239.30106560565085,
            453.476570508334,
            348.5541564807398,
            583.8878316937253,
            258.88414397177746,
            373.28005572224185,
            360.7173408640067,
            497.51884386422995,
            447.0727010229992,
            269.9036865253974,
            759.5320928045109,
            618.2556105689621,
            449.8055135277912,
            789.949365465914,
            446.9418306670343,
            367.8369203872825,
            566.202260680757,
            401.7486776580603,
            632.4634376784164,
            286.2254356272342,
            428.76800253750275,
            434.9678149012867,
            679.0117819301813,
            177.0706073858674
        ],
        [
            98.3107318658548,
            889.6291362135122,
            333.0,
            266.11275805567834,
            343.9491241448363,
            362.60446770551516,
            734.1389514254097,
            537.3136886400717,
            678.3251432757008,
            175.14565367145138,
            863.3944637302233,
            848.0389142014652,
            382.97388944939837,
            475.0831506168157,
            630.0285707807227,
            616.6765764969512,
            576.4590184913409,
            0,
            169.19810873647495,
            328.146308831899,
            576.0425331518499,
            516.0087208565375,
            600.5880451690659,
            509.6979497702537,
            670.1290920412275,
            669.6334818391326,
            831.308606956526,
            554.8125809676633,
            374.48631483673745,
            215.0348808914498,
            275.0872588834314,
            271.9191056178289,
            386.46345234704927,
            595.584586771686,
            817.5438826142606,
            706.7248403728285,
            439.8465641561839,
            616.9416504013974,
            325.9263720535667,
            477.0838500725003,
            633.6718393616683,
            429.7731959999367,
            870.0632160940952,
            345.82799192662236,
            86.34813257969161,
            498.4024478270547,
            760.3216424645559,
            837.8603702288347,
            775.6964612527248,
            684.2002630809199,
            124.84390253432485,
            401.0199496284443
        ],
        [
            222.40728405337805,
            1056.509346858796,
            399.0100249367176,
            429.96278908761394,
            228.00219297190978,
            483.82021454255096,
            900.1977560514133,
            655.4220014616537,
            810.3659667088692,
            337.7691519366444,
            1030.5619826094887,
            984.0172762711028,
            511.80953488578155,
            590.3253340320065,
            797.3882366827341,
            757.1485983609823,
            726.4000275330391,
            169.19810873647495,
            0,
            313.94904045083496,
            743.0107670821467,
            669.4184042883793,
            700.7838468458017,
            652.0276067775045,
            783.6332050136723,
            835.9336098040322,
            997.4337070702994,
            676.7015590347048,
            539.4849395488255,
            381.20335780263,
            443.73528144604416,
            268.7601160886786,
            553.9404300103035,
            764.1027417828051,
            985.1142065770853,
            872.4631797388357,
            494.6160126805439,
            722.872741220749,
            216.59178193089414,
            616.5460242350119,
            799.9249964840454,
            510.10685155171166,
            1038.9581319764527,
            436.71157529884636,
            236.1778990506944,
            664.8977364978768,
            918.3403508503804,
            997.0767272381801,
            944.8327894394859,
            852.0997594178748,
            171.40011668607465,
            555.6950602623708
        ],
        [
            426.45632836200247,
            1092.2637044230667,
            658.7268022480944,
            535.5221750777459,
            201.48697228356974,
            683.0007320640294,
            950.1915596341613,
            457.6832966145913,
            981.7968221582305,
            364.9931506206658,
            976.2427976686947,
            798.2393124871763,
            368.3761664386012,
            397.200201409818,
            760.8679254640716,
            601.4798417237273,
            604.2987671673673,
            328.146308831899,
            313.94904045083496,
            0,
            794.4463480940673,
            567.6486589431883,
            463.2429168373759,
            515.5657087122844,
            562.3175259584215,
            785.6112270073538,
            934.6325481171732,
            869.8695304469514,
            516.8055727253723,
            483.32183894378284,
            476.4714052280578,
            56.32051136131489,
            548.9717661228125,
            794.8993646997084,
            937.9093772854603,
            926.4404999782771,
            218.3231549790356,
            493.10546539254665,
            185.82787734890584,
            778.3064948977362,
            853.8594732155872,
            757.8871947724147,
            1011.5582039606027,
            237.4973684064731,
            409.25297799771727,
            726.7220926874317,
            1012.9170745919923,
            890.2819778025388,
            946.9028461251977,
            886.1433292645157,
            430.8526430231106,
            478.9415413179358
        ],
        [
            533.3854141237834,
            313.6000637755037,
            554.4438655084931,
            314.5425249469458,
            899.9877776947862,
            393.0814165029937,
            159.2262541165872,
            578.2534046592377,
            363.3730865102698,
            439.66919382644954,
            379.95394457749745,
            654.2147965309254,
            498.7865274844539,
            569.1722059271692,
            217.13820483738002,
            492.4642118976769,
            411.7329231431463,
            576.0425331518499,
            743.0107670821467,
            794.4463480940673,
            0,
            371.052556924218,
            679.718324013705,
            447.04474049025566,
            661.6827034160708,
            259.4532713226025,
            372.25931821782507,
            378.88520688989695,
            290.2430016382824,
            361.8079601114381,
            321.8105032468642,
            749.4191083766145,
            252.66776604861968,
            52.4785670536077,
            333.7439138021846,
            133.22537295875736,
            736.10461213064,
            665.555407160065,
            879.7732662453434,
            282.9628950940388,
            59.64059020499378,
            523.0066921177969,
            343.02332282222443,
            614.3516908091001,
            509.7695557798641,
            78.54934754662193,
            234.13244115243836,
            466.22848475827817,
            224.87774456357388,
            112.00446419674529,
            610.1778429277812,
            365.5379597251153
        ],
        [
            540.2406871015918,
            586.7750846789594,
            697.6532089799344,
            387.4854835990634,
            734.9789112620851,
            585.6287219732311,
            482.34531199131607,
            213.0375553746334,
            711.1961754677819,
            342.42225394971047,
            411.0048661512416,
            355.99578649191903,
            200.24984394500785,
            222.3083444227859,
            221.20804686990934,
            136.56134152826706,
            65.39113089708727,
            516.0087208565375,
            669.4184042883793,
            567.6486589431883,
            371.052556924218,
            0,
            312.00160255998685,
            79.90619500389191,
            292.2190958852621,
            230.24334952393303,
            368.02309710125536,
            677.0007385520344,
            174.15223225672418,
            388.1043674065006,
            283.185451603715,
            542.5320267044149,
            195.38935487891862,
            338.07987221956887,
            376.03324321128844,
            469.106597693957,
            429.19692449969864,
            295.3303235362058,
            714.4963260927238,
            560.0892785976179,
            414.7444996621414,
            725.8539798058559,
            457.0175051351972,
            335.6724594005293,
            502.5703930794173,
            351.63901945034485,
            599.0075124737585,
            331.72428310269964,
            421.0106887004177,
            409.17600125129525,
            615.958602505071,
            115.00434774390054
        ],
        [
            668.4287546178725,
            889.9764041815939,
            881.7624396627472,
            606.0115510450275,
