{
    "depot": {
        "x": 48,
        "y": 46,
        "node_type": "depot",
        "id": 0
    },
    "final_destination": {
        "x": 265,
        "y": 270,
        "node_type": "final",
        "id": 26
    },
    "pickup_nodes": [
        {
            "x": 891,
            "y": 880,
            "node_type": "pickup",
            "id": 1
        },
        {
            "x": 699,
            "y": 741,
            "node_type": "pickup",
            "id": 2
        },
        {
            "x": 992,
            "y": 746,
            "node_type": "pickup",
            "id": 3
        },
        {
            "x": 337,
            "y": 819,
            "node_type": "pickup",
            "id": 4
        },
        {
            "x": 69,
            "y": 315,
            "node_type": "pickup",
            "id": 5
        },
        {
            "x": 916,
            "y": 612,
            "node_type": "pickup",
            "id": 6
        },
        {
            "x": 410,
            "y": 122,
            "node_type": "pickup",
            "id": 7
        },
        {
            "x": 977,
            "y": 613,
            "node_type": "pickup",
            "id": 8
        },
        {
            "x": 377,
            "y": 37,
            "node_type": "pickup",
            "id": 9
        },
        {
            "x": 716,
            "y": 322,
            "node_type": "pickup",
            "id": 10
        },
        {
            "x": 362,
            "y": 4,
            "node_type": "pickup",
            "id": 11
        },
        {
            "x": 902,
            "y": 576,
            "node_type": "pickup",
            "id": 12
        },
        {
            "x": 609,
            "y": 61,
            "node_type": "pickup",
            "id": 13
        },
        {
            "x": 185,
            "y": 970,
            "node_type": "pickup",
            "id": 14
        },
        {
            "x": 917,
            "y": 757,
            "node_type": "pickup",
            "id": 15
        },
        {
            "x": 98,
            "y": 22,
            "node_type": "pickup",
            "id": 16
        },
        {
            "x": 274,
            "y": 351,
            "node_type": "pickup",
            "id": 17
        },
        {
            "x": 69,
            "y": 740,
            "node_type": "pickup",
            "id": 18
        },
        {
            "x": 113,
            "y": 62,
            "node_type": "pickup",
            "id": 19
        },
        {
            "x": 6,
            "y": 756,
            "node_type": "pickup",
            "id": 20
        },
        {
            "x": 486,
            "y": 194,
            "node_type": "pickup",
            "id": 21
        },
        {
            "x": 238,
            "y": 713,
            "node_type": "pickup",
            "id": 22
        },
        {
            "x": 355,
            "y": 394,
            "node_type": "pickup",
            "id": 23
        },
        {
            "x": 921,
            "y": 81,
            "node_type": "pickup",
            "id": 24
        },
        {
            "x": 67,
            "y": 748,
            "node_type": "pickup",
            "id": 25
        }
    ],
    "delivery_nodes": [
        {
            "x": 1,
            "y": 783,
            "node_type": "delivery",
            "id": 1
        },
        {
            "x": 829,
            "y": 117,
            "node_type": "delivery",
            "id": 2
        },
        {
            "x": 12,
            "y": 501,
            "node_type": "delivery",
            "id": 3
        },
        {
            "x": 791,
            "y": 661,
            "node_type": "delivery",
            "id": 4
        },
        {
            "x": 939,
            "y": 753,
            "node_type": "delivery",
            "id": 5
        },
        {
            "x": 10,
            "y": 669,
            "node_type": "delivery",
            "id": 6
        },
        {
            "x": 326,
            "y": 854,
            "node_type": "delivery",
            "id": 7
        },
        {
            "x": 153,
            "y": 465,
            "node_type": "delivery",
            "id": 8
        },
        {
            "x": 487,
            "y": 723,
            "node_type": "delivery",
            "id": 9
        },
        {
            "x": 258,
            "y": 997,
            "node_type": "delivery",
            "id": 10
        },
        {
            "x": 450,
            "y": 443,
            "node_type": "delivery",
            "id": 11
        },
        {
            "x": 362,
            "y": 105,
            "node_type": "delivery",
            "id": 12
        },
        {
            "x": 94,
            "y": 768,
            "node_type": "delivery",
            "id": 13
        },
        {
            "x": 575,
            "y": 509,
            "node_type": "delivery",
            "id": 14
        },
        {
            "x": 121,
            "y": 419,
            "node_type": "delivery",
            "id": 15
        },
        {
            "x": 835,
            "y": 270,
            "node_type": "delivery",
            "id": 16
        },
        {
            "x": 676,
            "y": 970,
            "node_type": "delivery",
            "id": 17
        },
        {
            "x": 44,
            "y": 810,
            "node_type": "delivery",
            "id": 18
        },
        {
            "x": 859,
            "y": 173,
            "node_type": "delivery",
            "id": 19
        },
        {
            "x": 398,
            "y": 633,
            "node_type": "delivery",
            "id": 20
        },
        {
            "x": 635,
            "y": 470,
            "node_type": "delivery",
            "id": 21
        },
        {
            "x": 323,
            "y": 811,
            "node_type": "delivery",
            "id": 22
        },
        {
            "x": 646,
            "y": 542,
            "node_type": "delivery",
            "id": 23
        },
        {
            "x": 718,
            "y": 133,
            "node_type": "delivery",
            "id": 24
        },
        {
            "x": 891,
            "y": 94,
            "node_type": "delivery",
            "id": 25
        }
    ],
    "travel_costs": [
        [
            0,
            1185.8351487453897,
            952.2741201985907,
            1175.2174266917589,
            825.2575355608697,
            269.8184574857695,
            1036.2335644052455,
            369.8918760935417,
            1088.3611532942546,
            329.1230772826482,
            722.772439983706,
            316.79646462673793,
            1005.0950203836451,
            561.2004989306407,
            934.1011722506295,
            1122.8009618806,
            55.46169849544819,
            379.6063750781854,
            694.317650647022,
            66.94027188471824,
            711.2411686622197,
            462.3288872653319,
            693.5337050208879,
            464.0614183489078,
            873.7013219630608,
            702.2570754360543,
            738.497122540095,
            784.2206322202956,
            456.4219538979255,
            964.5071280192801,
            1137.4225248341093,
            624.1578326032607,
            854.4869805912784,
            431.9560162794356,
            806.8766944211488,
            973.9101601277192,
            564.9893804311723,
            319.49491388752966,
            723.463889907437,
            701.4969707703663,
            380.0763081277232,
            818.257294498497,
            1117.2108126938265,
            764.0104711324316,
            820.8836701993774,
            683.4244654678379,
            724.1167033013394,
            812.9268109737801,
            776.9298552636525,
            675.6248959296868,
            844.3654422108949,
            311.87337173923646
        ],
        [
            1185.8351487453897,
            0,
            237.03375287076733,
            167.800476757368,
            557.3481856075248,
            997.4512519416676,
            269.1635190734436,
            897.733256596858,
            280.5084668953863,
            987.342392486011,
            584.7982558113525,
            1023.336210636563,
            304.1989480586677,
            866.1899329823685,
            711.7134254740456,
            125.7179382586272,
            1168.3377080279483,
            812.7299674553659,
            833.8369145102656,
            1128.8968066214024,
            893.6447840165577,
            796.631031281107,
            674.0163202771874,
            723.5274701073898,
            799.5630056474599,
            834.5058418010025,
            895.2703502294711,
            765.5148594246881,
            957.226201062215,
            240.75090861718468,
            135.76818478568535,
            905.9150070508822,
            565.5979137160956,
            846.681167854819,
            433.4339626748232,
            643.7219896818812,
            620.8461967347469,
            938.3314979259728,
            804.8310381688816,
            487.3366392956721,
            897.4525057071266,
            612.565098581367,
            233.07724041613326,
            849.8876396324399,
            707.7238161882077,
            551.4145446032413,
            483.35907977403303,
            572.1756723245056,
            417.4553868379231,
            766.7711523003456,
            786.0,
            874.0572063658076
        ],
        [
            952.2741201985907,
            237.03375287076733,
            0,
            293.04265901059523,
            370.3079799302197,
            760.5103549590892,
            252.44801445050027,
            683.141273822626,
            306.0522831151567,
            774.1446893184761,
            419.3447269252351,
            810.393731466378,
            261.59892966141894,
            685.9300255857007,
            562.7050737286808,
            218.58636736997116,
            937.1029826011653,
            576.8231964822496,
            630.0007936502938,
            896.9041197363294,
            693.1623186527091,
            587.0076660487493,
            461.849542600185,
            488.6153906704127,
            696.3361257323937,
            632.0387646339424,
            699.2624686053156,
            637.3978349508257,
            727.7149167084594,
            121.91800523302537,
            240.29981273400944,
            692.7517592904403,
            389.7409395996269,
            611.7940830050582,
            212.76277869965887,
            509.9186209582859,
            388.3361945531217,
            719.767323515037,
            605.6021796526165,
            263.05892875931806,
            661.6403857081277,
            490.2417770855519,
            230.15212360523637,
            658.6243238751512,
            590.1050753891209,
            319.7889929312765,
            278.4546641735419,
            382.46045547219643,
            205.9368835347374,
            608.2968025561206,
            674.8873980154023,
            640.4662364246846
        ],
        [
            1175.2174266917589,
            167.800476757368,
            293.04265901059523,
            0,
            659.0553846225672,
            1018.6707024352864,
            154.05193929321368,
            853.2877591996736,
            133.843191832831,
            938.5659273593943,
            505.9169892383532,
            973.3776245630471,
            192.35384061671343,
            784.8018858285192,
            837.5111939550419,
            75.8023746329889,
            1150.3964534020436,
            819.4809332742282,
            923.0195014191195,
            1113.776009797302,
            986.0507086352101,
            748.8257474205865,
            754.721803050634,
            727.786369754202,
            668.7794853313011,
            925.0021621596352,
            991.6904759046545,
            649.7768847843081,
            1010.1608782763268,
            218.23381956058049,
            53.46026561849464,
            985.0142130954254,
            674.6999333036872,
            884.8061934683775,
            505.52349104665745,
            775.7299787941679,
            620.9452471836788,
            898.766376763172,
            898.2694473263575,
            479.64361769964165,
            930.3601453200797,
            501.22350304031033,
            387.3396442400391,
            950.1578816175763,
            588.2329470541412,
            604.6527929316129,
            451.2482686947397,
            672.1502808152355,
            401.66154906836675,
            671.4499236726444,
            659.7764773012145,
            868.9677784590175
        ],
        [
            825.2575355608697,
            557.3481856075248,
            370.3079799302197,
            659.0553846225672,
            0,
            570.8239658598787,
            614.8902341068689,
            700.8123857352979,
            672.3362254110662,
            783.022349617174,
            625.0199996800102,
            815.3833454271677,
            615.0398361081988,
            805.3247792040178,
            214.2545215392198,
            583.3043802338535,
            832.0636994846009,
            472.22134640441664,
            279.40114530903406,
            789.4460082868238,
            336.94213153003,
            642.5153694659763,
            145.04137340772806,
            425.3810056878422,
            941.1163583744574,
            279.1791539495741,
            337.92306816788937,
            857.2444225540344,
            454.6966021425716,
            480.7078114613907,
            605.6071333793882,
            359.76242160625947,
            36.68787265568829,
            398.96365749275964,
            178.08986495586996,
            194.74342094150447,
            392.6130410467793,
            714.4375410069098,
            248.29418035870273,
            390.82476891824547,
            454.5943246456119,
            741.218591240128,
            371.10914836473654,
            293.13819266687165,
            830.5419917138446,
            195.7472860603692,
            458.9172038614373,
            16.1245154965971,
            414.9819273173231,
            784.7018542096099,
            912.436847129707,
            553.701182949793
        ],
        [
            269.8184574857695,
            997.4512519416676,
            760.5103549590892,
            1018.6707024352864,
            570.8239658598787,
            0,
            897.5622541083153,
            391.8290443548054,
            955.6505637522536,
            414.90721854409816,
            647.0378659707637,
            427.2821082142336,
            872.9318415546542,
            596.7545559105519,
            665.1924533546663,
            956.2782021985026,
            294.43165590676557,
            208.1369741300185,
            425.0,
            256.7975856584325,
            445.47727214752496,
            434.20041455530645,
            432.3944958021552,
            296.7102964172292,
            883.5496590458285,
            433.0046189130088,
            472.9143685700404,
            785.3687032216143,
            194.53791404248167,
            800.6247560499238,
            974.0349069720243,
            358.8829892875949,
            597.1348256466038,
            171.91858538273286,
            584.113002765732,
            707.7040341837823,
            401.9266102163429,
            360.4843963336,
            453.68932101163676,
            541.9151225053606,
            116.27553482998907,
            767.3206630868218,
            893.0139976506528,
            495.63091106185055,
            802.6605758351409,
            457.56420314530726,
            586.8398418648823,
            557.253981591877,
            620.0467724293063,
            674.0363491682033,
            851.1903429903325,
            201.09947787102783
        ],
        [
            1036.2335644052455,
            269.1635190734436,
            252.44801445050027,
            154.05193929321368,
            614.8902341068689,
            897.5622541083153,
            0,
            704.3692213605021,
            61.00819617067858,
            788.1281621665349,
            352.2782990761707,
            822.5448316049406,
            38.62641583165593,
            630.7535176279242,
            813.9563870380281,
            145.00344823486097,
            1008.5752326921379,
            693.0259735392317,
            856.617184044308,
            973.2980016418403,
            921.3229618326029,
            599.6865848090983,
            685.4815825388747,
            601.8679257112809,
            531.0235399678625,
            859.8238191629723,
            930.8415547234664,
            502.5873058484466,
            910.7892182058372,
            134.2609399639374,
            142.86357128393507,
            907.7912755694449,
            637.7021248200448,
            777.031530891765,
            443.12752114938655,
            762.357527673204,
            495.6984970725653,
            750.9760315749098,
            836.6719787347965,
            356.2162264692612,
            818.091681903685,
            351.4612354157995,
            431.003480264371,
            894.1968463375388,
            442.6849895806272,
            518.4255009159947,
            314.84122982862334,
            625.4998001598401,
            278.92651361962703,
            518.3097529470191,
            518.6029309597084,
            735.3672551861416
        ],
        [
            369.8918760935417,
            897.733256596858,
            683.141273822626,
            853.2877591996736,
            700.8123857352979,
            391.8290443548054,
            704.3692213605021,
            0,
            750.0466652149051,
            91.18113840043894,
            365.5625801418958,
            127.38916751435343,
            669.4624709421731,
            208.1393763803476,
            877.3420085690643,
            812.5724583075653,
            327.6339420756036,
            266.3400082601185,
            705.8363833070665,
            303.0,
            751.7792229105564,
            104.6900186264192,
            615.52010527683,
            277.50495491071865,
            512.6421754011271,
            713.8101988624147,
            777.304316210839,
            419.0298318735791,
            549.5862079783299,
            660.0621182888774,
            823.4087684740794,
            677.6496144763901,
            736.8039087844201,
            428.6000466635532,
            605.9125349421316,
            888.104160557758,
            323.48261158832014,
            50.921508225896055,
            719.1467166023913,
            420.70654855849347,
            414.40318531594323,
            450.0322210686697,
            888.7406820889881,
            779.2945527847605,
            451.88715405508043,
            511.1408807755451,
            414.4019787597545,
            694.4710217136493,
            481.76342742055465,
            308.1963659746818,
            481.814279572534,
            207.19314660480447
        ],
        [
            1088.3611532942546,
            280.5084668953863,
            306.0522831151567,
            133.843191832831,
            672.3362254110662,
            955.6505637522536,
            61.00819617067858,
            750.0466652149051,
            0,
            831.730725655846,
            390.8989639280207,
            865.5090987390023,
            83.6301381082203,
            663.421434685374,
            868.7421942095365,
            156.0,
            1059.2081948323473,
            750.2352964237288,
            916.8385899382725,
            1024.7424066564242,
            981.4733822167567,
            645.4781173672737,
            745.7352076977459,
            659.4277822476089,
            534.9392488871983,
            919.9592382274336,
            990.6947057494554,
            517.6098917138273,
            971.4777403522944,
            192.09372712298546,
            145.06550244630873,
            968.6201525882062,
            694.1772108042729,
            837.1857619429512,
            502.19518117958876,
            815.1177829001156,
            553.7409141466793,
            797.6772530290682,
            896.5009760173159,
            415.234873294621,
            877.70837981644,
            371.23173355735634,
            466.9582422444217,
            953.5711824504765,
            455.54802161791906,
            579.3453201675146,
            370.69259501640977,
            683.315446920381,
            338.5291715642834,
            545.4181881822424,
            526.0769905631685,
            790.3119637206563
        ],
        [
            329.1230772826482,
            987.342392486011,
            774.1446893184761,
            938.5659273593943,
            783.022349617174,
            414.90721854409816,
            788.1281621665349,
            91.18113840043894,
            831.730725655846,
            0,
            442.88373192069264,
            36.24913792078371,
            752.4267406199756,
            233.238075793812,
            952.5507860476522,
            900.0,
            279.40293484500125,
            330.4617980947269,
            767.5109119745465,
            265.18107021429716,
            809.0747802273903,
            191.12822920751398,
            690.1427388591436,
            357.67722879713773,
            545.776511037256,
            775.6423144723345,
            835.3993057215213,
            459.02505378247054,
            590.3566718518559,
            748.8471139024307,
            910.2197536858887,
            730.8303496708385,
            818.590251591112,
            483.0734933734204,
            694.7632690348563,
            967.3474039867995,
            412.51060592425983,
            69.63476143421474,
            783.8686114394428,
            511.84763357858753,
            459.84780090808306,
            513.8608761133698,
            979.7397613652311,
            841.6757095223788,
            500.8193287004805,
            596.3698516860154,
            504.03670501264094,
            775.881434241083,
            572.1765461813337,
            354.2555574722858,
            517.150848399188,
            258.5207922005501
        ],
        [
            722.772439983706,
            584.7982558113525,
            419.3447269252351,
            505.9169892383532,
            625.0199996800102,
            647.0378659707637,
            352.2782990761707,
            365.5625801418958,
            390.8989639280207,
            442.88373192069264,
            0,
            475.8571214135605,
            314.82058382513685,
            282.0815484926301,
            837.7738358292171,
            479.1930717362261,
            686.9672481275945,
            442.95033581655633,
            770.2811175148978,
            656.6650592196908,
            832.1394113969125,
            263.21854038042227,
            617.5475690179665,
            368.11003789627904,
            316.3953223421611,
            776.3227421633352,
            850.732625447032,
            234.081182498722,
            726.4000275330391,
            347.1973502203034,
            485.27311897528386,
            786.6670197739321,
            659.6392953728576,
            580.876923280655,
            461.7813335335242,
            815.7137978482403,
            292.227650984639,
            415.21681083501426,
            765.3757247260982,
            234.2007685726074,
            602.8548747418403,
            129.86531484580476,
            649.2333940887514,
            830.498645393236,
            206.51876428063383,
            444.7977068286212,
            168.71573726241425,
            627.3515760719821,
            230.8679276123039,
            189.01058171435798,
            287.41781434003013,
            453.9878853009185
        ],
        [
            316.79646462673793,
            1023.336210636563,
            810.393731466378,
            973.3776245630471,
            815.3833454271677,
            427.2821082142336,
            822.5448316049406,
            127.38916751435343,
            865.5090987390023,
            36.24913792078371,
            475.8571214135605,
            0,
            786.6282476494218,
            253.49161721840036,
            982.0819721387822,
            935.4325202813936,
            264.6129248543993,
            357.98463654184934,
            792.1773791266702,
            255.66579747787927,
            832.0096153290536,
            226.88322987827902,
            719.7617661421034,
            390.06281545412656,
            564.2783001321245,
            800.3505481974757,
            858.5813881048203,
            480.4768464764977,
            607.8725195302054,
            784.6591616746726,
            945.4787147260377,
            752.4154437543132,
            850.7620113756844,
            506.1640050418441,
            729.7848998163773,
            998.4312695423756,
            447.7331794718814,
            101.0,
            809.6418961491555,
            548.0821106367183,
            479.9020733441355,
            542.6647215362356,
            1015.7519382211387,
            866.464078886136,
            524.9476164342495,
            630.0293643950256,
            540.0786979691015,
            807.9418295892347,
            608.3584469702053,
            378.6515548627788,
            536.6013417799102,
            283.1342437784593
        ],
        [
            1005.0950203836451,
            304.1989480586677,
            261.59892966141894,
            192.35384061671343,
            615.0398361081988,
            872.9318415546542,
            38.62641583165593,
            669.4624709421731,
            83.6301381082203,
            752.4267406199756,
            314.82058382513685,
            786.6282476494218,
            0,
            592.5149787136187,
            818.1228514104712,
            181.620483426292,
            976.3872182694732,
            667.0899489574101,
            848.9905770972962,
            941.6565191193656,
            913.9015264239358,
            564.7831442244005,
            677.9859880558004,
            576.4833041814828,
            495.3645122533506,
            852.5309378550435,
            924.4728227481864,
            464.7687597074485,
            893.1545219053643,
            139.80700983856283,
            180.8258831030558,
            896.8349903967841,
            639.577985862553,
            757.1802955703483,
            440.26582878983464,
            769.4004159083878,
            471.1613311807326,
            716.5479746674328,
            830.498645393236,
            333.7933492447086,
            796.6241271766754,
            313.24910215354174,
            454.2158077390086,
            889.3368315773275,
            405.2875522391479,
            507.2129730202097,
            287.27164844446446,
            624.872787053493,
            258.2479428766084,
            479.69260990763655,
            482.12550233315807,
            706.6859274104728
        ],
        [
            561.2004989306407,
            866.1899329823685,
            685.9300255857007,
            784.8018858285192,
            805.3247792040178,
            596.7545559105519,
            630.7535176279242,
            208.1393763803476,
            663.421434685374,
            233.238075793812,
            282.0815484926301,
            253.49161721840036,
            592.5149787136187,
            0,
            1003.0239279299374,
            761.1044606359892,
            512.4860973724068,
            443.08577047790646,
            867.5488458870774,
            496.0010080634918,
            920.1271651244733,
            181.1573901335521,
            750.1633155520203,
            418.81380110975334,
            312.6403684747061,
            875.0617121094945,
            943.9004184764408,
            227.01541797860338,
            741.6259164835059,
            626.9960127464926,
            766.6576811067636,
            853.5016110119535,
            841.9845604285152,
            609.2224552657264,
            673.1478292321829,
            999.648438202151,
            413.7692593704854,
            250.88842141477951,
            874.6850861881663,
            449.2883261336756,
            605.2338391068364,
            307.8262496929071,
            911.4658523499387,
            938.2036026364427,
            273.9415996156845,
            609.6761435385182,
            409.8255726525615,
            802.680509293704,
            482.420977984996,
            130.6330739131557,
            283.9242856819402,
            402.51335381574614
        ],
        [
            934.1011722506295,
            711.7134254740456,
            562.7050737286808,
            837.5111939550419,
            214.2545215392198,
            665.1924533546663,
            813.9563870380281,
            877.3420085690643,
            868.7421942095365,
            952.5507860476522,
            837.7738358292171,
            982.0819721387822,
            818.1228514104712,
            1003.0239279299374,
            0,
            762.360151109697,
            951.9837183481659,
            625.3654931318165,
            257.59658382827985,
            910.8501523302283,
            278.9928314491252,
            832.3322653844436,
            262.40807914391655,
            600.5630691276313,
            1154.1304085760846,
            251.4120124417288,
            262.3451924468981,
            1068.8054079204503,
            499.8899878973373,
            680.23304830036,
            784.6049961604884,
            348.1752432324849,
            182.58422713914803,
            506.0128456867473,
            390.14484489737913,
            77.83315488916018,
            589.8762582101436,
            882.9235527496137,
            221.55134844996996,
            603.8385545822658,
            554.7044257981003,
            955.24865872714,
            491.0,
            213.2627487396709,
            1043.7839814827587,
            398.6702898386083,
            672.6812023536855,
            210.535032714273,
            629.0508723465854,
            992.2993499947482,
            1125.083108041357,
            704.5565981523414
        ],
        [
            1122.8009618806,
            125.7179382586272,
            218.58636736997116,
            75.8023746329889,
            583.3043802338535,
            956.2782021985026,
            145.00344823486097,
            812.5724583075653,
            156.0,
            900.0,
            479.1930717362261,
            935.4325202813936,
            181.620483426292,
            761.1044606359892,
            762.360151109697,
            0,
            1100.4480905522078,
            760.4505243603951,
            848.1703838262688,
            1062.751617265295,
            911.000548847255,
            709.0345548702122,
            680.424132435057,
            669.0388628472938,
            676.0118342159403,
            850.0476457234618,
            916.3689213411812,
            646.0216714631174,
            940.5110313016005,
            158.40454538932903,
            22.360679774997894,
            911.2590191597558,
            598.9073384088728,
            817.8997493580739,
            431.3420916163874,
            701.342284480267,
            562.7477232295125,
            856.2295253026492,
            823.0735082603497,
            422.45473130265685,
            864.7889916043104,
            493.85524194848836,
            321.6364407215078,
            874.6073404677095,
            586.8730697518843,
            533.6075336799511,
            402.3592921755381,
            596.4494949281121,
            345.9277381188158,
            654.963357753699,
            663.509608069092,
            813.8015728665066
        ],
        [
            55.46169849544819,
            1168.3377080279483,
            937.1029826011653,
            1150.3964534020436,
            832.0636994846009,
            294.43165590676557,
            1008.5752326921379,
            327.6339420756036,
            1059.2081948323473,
            279.40293484500125,
            686.9672481275945,
            264.6129248543993,
            976.3872182694732,
            512.4860973724068,
            951.9837183481659,
            1100.4480905522078,
            0,
            373.11794381937733,
            718.5854159388431,
            42.720018726587654,
            739.7431986845165,
            424.41489135043315,
            705.0397151934066,
            452.142676596669,
            825.112113594268,
            726.6615443244538,
            767.1570895194803,
            737.1472037524121,
            486.6590182047385,
            942.6399100398837,
            1114.289908417015,
            652.9571195721815,
            862.6749098009052,
            446.4011648730321,
            801.6994449293327,
            988.0409910524968,
            548.7667992872747,
            276.739950133695,
            746.0107237835125,
            681.6876117401578,
            397.6656887386691,
            777.6072273326682,
            1110.309866658853,
            789.848086659707,
            775.8363229444727,
            680.6768690061386,
            699.3375436797313,
            820.4547519516235,
            755.4495350451941,
            629.8579204868349,
            796.2618915909514,
            298.9866217742861
        ],
        [
            379.6063750781854,
            812.7299674553659,
            576.8231964822496,
            819.4809332742282,
            472.22134640441664,
            208.1369741300185,
            693.0259735392317,
            266.3400082601185,
            750.2352964237288,
            330.4617980947269,
            442.95033581655633,
            357.98463654184934,
            667.0899489574101,
            443.08577047790646,
            625.3654931318165,
            760.4505243603951,
            373.11794381937733,
            0,
            439.71126890267436,
            330.82019285406386,
            485.6428729014769,
            263.80485211610494,
            363.78565117387467,
            91.70605214488299,
            701.0770285781728,
            447.7253622478852,
            511.0313101953734,
            602.3130415323913,
            301.90064590855053,
            602.8175511711648,
            777.0643473998791,
            413.3037623830686,
            505.68072931445596,
            166.24379687675565,
            428.66420424383466,
            646.1981120368582,
            198.59506539690256,
            261.2661478263114,
            454.19048867187877,
            339.94852551526094,
            167.4305826305338,
            566.817430924632,
            738.0819737671419,
            513.4014024133553,
            611.4809890748853,
            308.05843601498725,
            380.10787942372366,
            462.6024210918054,
            418.1686262741384,
            494.63117572591403,
            668.3846198110787,
            81.49846624323675
        ],
        [
            694.317650647022,
            833.8369145102656,
            630.0007936502938,
            923.0195014191195,
            279.40114530903406,
            425.0,
            856.617184044308,
            705.8363833070665,
            916.8385899382725,
            767.5109119745465,
            770.2811175148978,
            792.1773791266702,
            848.9905770972962,
            867.5488458870774,
            257.59658382827985,
            848.1703838262688,
            718.5854159388431,
            439.71126890267436,
            0,
            679.4262285193295,
            65.0,
            687.0262003737557,
            171.14321488157222,
            448.9008799278522,
            1077.1188420968226,
            8.246211251235321,
            80.45495634204272,
            982.7151163994579,
            245.70307283385776,
            726.3091628225545,
            870.0971210158093,
            92.31467922275417,
            281.1494264621573,
            287.5430402565849,
            418.34555095040747,
            319.0141062711804,
            483.08384365449444,
            699.3382586416963,
            37.53664875824692,
            556.2346627099033,
            325.1845629792411,
            898.696834310659,
            649.1140115572919,
            74.33034373659252,
            972.4140064807789,
            345.9624257054514,
            627.1012677391109,
            263.7366110345699,
            610.0270485806348,
            888.6225295365857,
            1045.4664030948102,
            509.230792470369
        ],
        [
            66.94027188471824,
            1128.8968066214024,
            896.9041197363294,
            1113.776009797302,
            789.4460082868238,
            256.7975856584325,
            973.2980016418403,
            303.0,
            1024.7424066564242,
            265.18107021429716,
            656.6650592196908,
            255.66579747787927,
            941.6565191193656,
            496.0010080634918,
            910.8501523302283,
            1062.751617265295,
            42.720018726587654,
            330.82019285406386,
            679.4262285193295,
            0,
            702.2001139276466,
            395.6677899450498,
            662.8921480904719,
            410.8381676524225,
            808.2233602167164,
            687.5405442590277,
            729.6471750099496,
            718.1093231535154,
            450.46864485777473,
            904.7016082665046,
            1076.9201456004062,
            615.6768632976231,
            820.1420608650675,
            404.98024643184755,
            759.4715267868836,
            946.176516301266,
            508.6550894270104,
            252.68557536986552,
            706.2556194466703,
            642.8475713573164,
            357.0896246042441,
            751.3640928338272,
            1068.3786781848466,
            751.1757450823343,
            754.2128346826245,
            638.173957475546,
            662.5315086846813,
            777.8823818547378,
            717.2788857898997,
            609.1518694053233,
            778.6578195844436,
            257.6198750096739
        ],
        [
            711.2411686622197,
            893.6447840165577,
            693.1623186527091,
            986.0507086352101,
            336.94213153003,
            445.47727214752496,
            921.3229618326029,
            751.7792229105564,
            981.4733822167567,
            809.0747802273903,
            832.1394113969125,
            832.0096153290536,
            913.9015264239358,
            920.1271651244733,
            278.9928314491252,
            911.000548847255,
            739.7431986845165,
            485.6428729014769,
            65.0,
            702.2001139276466,
            0,
            739.083215883029,
            235.95126615468715,
            502.83695170502335,
            1137.0356194948336,
            61.522353661088104,
            27.459060435491963,
            1041.9452960688484,
            255.07057846799972,
            790.7275131168765,
            933.0048231386587,
            87.09190547921202,
            334.6699867033194,
            326.02147168553176,
            482.1306876771069,
            348.69040709488985,
            543.2356762952891,
            741.9818057068516,
            88.81441324469807,
            620.2983153290036,
            356.0814513562873,
            960.9562945316504,
            703.3462874004525,
            66.03029607687671,
