{
    "depot": [
        164,
        957
    ],
    "final_destination": [
        403,
        502
    ],
    "requests": [
        [
            [
                628,
                539
            ],
            [
                135,
                222
            ]
        ],
        [
            [
                446,
                596
            ],
            [
                559,
                10
            ]
        ],
        [
            [
                464,
                822
            ],
            [
                779,
                873
            ]
        ],
        [
            [
                431,
                358
            ],
            [
                707,
                133
            ]
        ],
        [
            [
                292,
                963
            ],
            [
                38,
                146
            ]
        ],
        [
            [
                599,
                305
            ],
            [
                963,
                720
            ]
        ],
        [
            [
                376,
                358
            ],
            [
                481,
                196
            ]
        ],
        [
            [
                941,
                145
            ],
            [
                177,
                864
            ]
        ],
        [
            [
                56,
                847
            ],
            [
                237,
                433
            ]
        ],
        [
            [
                486,
                159
            ],
            [
                391,
                48
            ]
        ],
        [
            [
                512,
                761
            ],
            [
                297,
                187
            ]
        ],
        [
            [
                840,
                348
            ],
            [
                66,
                257
            ]
        ],
        [
            [
                232,
                781
            ],
            [
                412,
                939
            ]
        ],
        [
            [
                121,
                724
            ],
            [
                864,
                801
            ]
        ],
        [
            [
                189,
                975
            ],
            [
                38,
                389
            ]
        ],
        [
            [
                321,
                263
            ],
            [
                669,
                32
            ]
        ],
        [
            [
                326,
                127
            ],
            [
                58,
                782
            ]
        ],
        [
            [
                71,
                660
            ],
            [
                27,
                7
            ]
        ],
        [
            [
                690,
                163
            ],
            [
                329,
                672
            ]
        ],
        [
            [
                656,
                367
            ],
            [
                444,
                662
            ]
        ],
        [
            [
                537,
                276
            ],
            [
                613,
                336
            ]
        ],
        [
            [
                292,
                404
            ],
            [
                756,
                563
            ]
        ],
        [
            [
                829,
                892
            ],
            [
                471,
                928
            ]
        ],
        [
            [
                976,
                285
            ],
            [
                767,
                158
            ]
        ],
        [
            [
                274,
                849
            ],
            [
                872,
                649
            ]
        ],
        [
            [
                165,
                678
            ],
            [
                68,
                378
            ]
        ],
        [
            [
                634,
                166
            ],
            [
                556,
                408
            ]
        ],
        [
            [
                23,
                519
            ],
            [
                375,
                911
            ]
        ],
        [
            [
                531,
                421
            ],
            [
                303,
                194
            ]
        ],
        [
            [
                961,
                435
            ],
            [
                337,
                398
            ]
        ],
        [
            [
                196,
                540
            ],
            [
                190,
                468
            ]
        ],
        [
            [
                587,
                763
            ],
            [
                179,
                629
            ]
        ],
        [
            [
                260,
                431
            ],
            [
                688,
                518
            ]
        ],
        [
            [
                85,
                884
            ],
            [
                764,
                374
            ]
        ],
        [
            [
                102,
                457
            ],
            [
                541,
                378
            ]
        ]
    ],
    "travel_costs": [
        [
            0,
            624.515812449933,
            458.0884194126719,
            328.97568299191965,
            655.8124731964161,
            128.14054783713078,
            783.7914263373898,
            635.4093168973839,
            1123.8652054405813,
            154.1557653803451,
            860.5161241952413,
            399.39954932373166,
            909.8664737201827,
            188.67962264113208,
            236.93459012985,
            30.80584360149873,
            711.5370686057051,
            845.6618709626205,
            311.22017929433815,
            952.424275205121,
            768.2213222763346,
            776.4599152564155,
            567.6204717943143,
            668.1691402631523,
            1054.0056925842478,
            154.1557653803451,
            279.0017921089397,
            920.0983643067733,
            460.135849505339,
            649.6037253587759,
            952.7292375066487,
            418.226015450976,
            465.36544779345195,
            534.68869447558,
            107.56393447619887,
            503.829336184387,
            735.5718863578189,
            1026.0769951616692,
            620.7100772502408,
            986.8257191622034,
            820.7295535071222,
            833.4086632619078,
            824.3846189734497,
            93.90420650854784,
            529.0604880351584,
            936.9151509074874,
            781.4019452240954,
            706.8267114364029,
            248.65236777477105,
            717.1722247828621,
            581.8075283115543,
            1053.8738064872853,
            204.59960899278374,
            959.8275886845513,
            329.31747600150226,
            406.72472263190497,
            766.3171667136265,
            711.125867902441,
            308.36666486505965,
            1001.0044954944008,
            772.093258615823,
            586.9045919057031,
            674.5850576465506,
            215.95601403989656,
            775.5578637342284,
            585.1580982948113,
            489.6907187194791,
            328.3428086619228,
            683.5912521382935,
            836.5936887163326,
            690.9196769523936,
            513.9513595662531
        ],
        [
            624.515812449933,
            0,
            190.7170679304818,
            327.08561570328953,
            267.52569970004754,
            540.9916820062948,
            235.79016094824655,
            310.2660148968946,
            503.1947932957972,
            649.6522146502697,
            405.66488632860495,
            250.47954008261834,
            285.3506614676055,
            464.0905084140377,
            539.6980637356411,
            618.7220700767025,
            412.8256290493603,
            510.8306960236434,
            569.9912280026773,
            381.077419955578,
            174.26416728633572,
            278.29840100151495,
            362.10633797270106,
            406.2142291943993,
            430.83639586274506,
            470.5486159792631,
            483.41493564018066,
            373.04825425137693,
            605.3304882458838,
            152.75143207184672,
            348.8624370722649,
            432.001157405857,
            227.72132091659753,
            383.52053400046265,
            643.3303972299149,
            532.3532661682466,
            586.1211478866804,
            533.4810212181873,
            366.5474048469038,
            413.6145548696274,
            708.9069050305548,
            380.77027194884846,
            373.1728821873315,
            555.901070335361,
            405.1135643248693,
            545.2063829413592,
            483.18216026670524,
            628.782951422826,
            454.5943246456119,
            352.61877431583247,
            608.769250208977,
            508.6550894270105,
            619.636183578719,
            802.6362812631884,
            327.2460847741345,
            221.32555207205516,
            203.55343278854326,
            130.23056476879765,
            419.48778289718996,
            405.56380509113484,
            267.6490239100453,
            582.6843056063892,
            149.4824404403407,
            449.88109540188503,
            473.97257304616267,
            323.3604799600594,
            443.7172523127763,
            457.93121754254753,
            63.56886030125127,
            213.82469455140114,
            183.0027322200409,
            228.02192877001985
        ],
        [
            458.0884194126719,
            190.7170679304818,
            0,
            226.7156809750927,
            238.4722206044134,
            398.0012562794243,
            328.77043662713953,
            248.08063205337092,
            669.6461752298746,
            463.78982308800175,
            438.8268451223102,
            177.71043863543866,
            465.5534340975266,
            282.8798331447472,
            349.29786715638556,
            457.91920684767086,
            355.6880655855633,
            484.1084589221716,
            380.42213395122,
            497.01609631882144,
            310.7104761671225,
            332.6875410952445,
            246.13004692641653,
            484.0506171879135,
            614.5087468864866,
            305.92973049378514,
            292.72000273298715,
            469.30160877627515,
            429.9511600170419,
            194.55076458343717,
            539.579465880606,
            256.19523805098333,
            218.56349191939628,
            248.63829149992162,
            461.80623642389247,
            371.0215627156998,
            486.41237648727645,
            596.7956099034242,
            433.14893512509065,
            531.4978833447975,
            607.4240693288339,
            531.6624869219193,
            401.52833025827704,
            379.71699988280744,
            265.04716561397146,
            550.7531207355979,
            435.2953020651613,
            509.2357018120391,
            344.68101195163047,
            465.56309991235344,
            457.50737698970494,
            606.4857788934544,
            430.2789792681023,
            722.8291637724642,
            139.51702405083046,
            66.03029607687671,
            309.01294471267704,
            311.75150360503477,
            332.9399345227304,
            543.033148159484,
            429.2842880889074,
            436.357651474109,
            217.8164364780583,
            322.9024620531717,
            426.67669259053747,
            226.01991062736045,
            286.2167011199731,
            269.0315966573443,
            254.2597097457637,
            387.8247026686155,
            237.8003364169193,
            103.36827366266692
        ],
        [
            328.97568299191965,
            327.08561570328953,
            226.7156809750927,
            0,
            465.1720111958586,
            222.40728405337805,
            534.3351008496447,
            472.27110858065413,
            828.1654424087013,
            408.7652137841477,
            663.3649071212616,
            77.62087348130012,
            605.0223136381005,
            235.59499145779816,
            356.7253845747454,
            314.6966793596653,
            577.0008665504758,
            708.5682747625665,
            425.07999247200524,
            696.6756777726634,
            493.85119216217345,
            550.8584210121509,
            452.0044247571035,
            371.65171868296267,
            741.9656326272801,
            191.9088325221119,
            331.86895003901765,
            677.6695359834321,
            535.0607442150845,
            406.5587288449234,
            629.9031671614297,
            389.0347028222547,
            136.41847382227965,
            441.0181402164768,
            384.03775856027494,
            514.0710067685202,
            684.2813748744006,
            817.5383783040402,
            319.1018646137938,
            730.5956474001197,
            799.0319142562455,
            509.3181716766053,
            626.2307881284662,
            290.05689097140925,
            450.3887209955418,
            777.4348847331203,
            656.592720032746,
            691.1070828750056,
            128.03515142334936,
            400.55087067687174,
            607.4248924764279,
            816.1648117874232,
            407.9656848314574,
            924.7669976810374,
            201.80436070610565,
            161.24515496597098,
            508.327650241456,
            390.31397617815327,
            106.23088063270491,
            729.8664261356321,
            443.16249841339237,
            594.9386522995459,
            424.09904503547284,
            125.86500705120547,
            648.309339744539,
            442.61156785606045,
            447.65165028177876,
            344.2005229513749,
            377.61355907859024,
            539.1697320881431,
            450.6273404932285,
            325.76218319504187
        ],
        [
            655.8124731964161,
            267.52569970004754,
            238.4722206044134,
            465.1720111958586,
            0,
            620.762434430435,
            176.16185739256954,
            55.0,
            552.6925004014438,
            616.2353446533232,
            206.46065000382038,
            411.0596063833079,
            409.1222311241471,
            467.47192429064654,
            479.64153281382966,
            662.7616464461413,
            145.34441853748635,
            253.743965445486,
            469.89786124220655,
            324.2005552123562,
            225.1799280575425,
            134.01492454200763,
            146.41379716406513,
            666.0030029962328,
            549.8672567083805,
            515.4900581000568,
            416.12017494949697,
            279.4154612758571,
            438.6171451277298,
            118.19052415485768,
            535.5641884965798,
            297.2355967915014,
            434.0057603304362,
            185.93009439033798,
            629.5966963064529,
            343.57240867101075,
            325.74836914403727,
            370.793743205033,
            621.553698404249,
            356.09128043241947,
            446.5344331627741,
            643.4811574552901,
            169.54055562018192,
            566.1731184010771,
            207.992788336519,
            312.56999216175564,
            217.24870540465827,
            378.7162526219333,
            581.3105882400562,
            619.4658989807268,
            394.2207503417343,
            403.63349712331853,
            564.7167431553628,
            535.1794091704202,
            330.15148038438355,
            304.27783356662707,
            183.32484828849582,
            384.25252113681705,
            571.4017850864661,
            391.01918111519797,
            528.3578332910377,
            363.5505466919284,
            134.62912017836263,
            555.8282108709489,
            208.0384579831335,
            102.15674231297707,
            264.9169681239766,
            370.06080581439585,
            302.7358584641073,
            333.38416279121594,
            111.80339887498947,
            146.696966567138
        ],
        [
            128.14054783713078,
            540.9916820062948,
            398.0012562794243,
            222.40728405337805,
            620.762434430435,
            0,
            726.094346486736,
            610.8035690792909,
            1044.1862860620226,
            262.96767862229757,
            827.0743618321147,
            298.67038688159226,
            823.7287174792439,
            191.63506985935533,
            293.87412271242937,
            103.69667304209909,
            700.6004567512072,
            836.6911019008149,
            375.0333318519835,
            893.5345544521488,
            698.3638020401687,
            729.3791880770933,
            559.0,
            541.6733332923081,
            963.0887809542795,
            115.41230437002808,
            312.0160252294744,
            867.279078497804,
            519.1310046606733,
            592.3554676037015,
            852.2587635219716,
            433.75684432640367,
            356.4056677439347,
            532.9615370737366,
            221.56263222845138,
            540.4960684408352,
            757.4496682948644,
            989.6959128944607,
            495.2464033185905,
            927.9682106624127,
            855.5729074719466,
            713.6455702938259,
            789.9430359209454,
            151.74320413119003,
            532.8461316365166,
            920.3401545081036,
            776.0161080802383,
            741.2907661639932,
            122.37646832622684,
            594.4981076504786,
            627.6878204967817,
            1004.4351646572317,
            295.83272300406526,
            992.0488899242821,
            293.3428028774526,
            337.20172004306266,
            704.3933560163669,
            612.6140710104527,
            182.3896926912264,
            934.6924627919068,
            659.5422655145006,
            626.4191887226955,
            614.5901073073012,
            97.9438614717635,
            769.0786695780868,
            566.7892024377318,
            505.39984170951226,
            352.59750424527965,
            595.6853196109503,
            754.7880497199196,
            635.7877004157914,
            474.17507315336593
        ],
        [
            783.7914263373898,
            235.79016094824655,
            328.77043662713953,
            534.3351008496447,
            176.16185739256954,
            726.094346486736,
            0,
            229.21169254643186,
            377.57648231848344,
            767.2111834429944,
            184.6212338816963,
            464.2251608863957,
            244.8060456769808,
            601.0532422339971,
            635.645341365765,
            785.4934754662194,
            281.1547616527239,
            325.90335990903804,
            636.2460215985636,
            168.65645555388625,
            84.21995013059554,
            68.4470598345904,
            322.5678223257862,
            630.4514255674262,
            377.53013124782507,
            633.6884092359588,
            572.2630514020627,
            143.33875958721006,
            614.468876347696,
            134.46189051177288,
            384.63489181300235,
            466.5125936135058,
            458.1571782696414,
            361.65867886724357,
            774.2331690130565,
            519.7239651969111,
            471.3650390090466,
            297.6995129320839,
            595.8389044028595,
            203.09603639657766,
            583.0969044678595,
            552.0153983359522,
            160.63934760823702,
            700.4034551599527,
            383.9635399357601,
            330.62516540638586,
            324.23448305200355,
            535.156986313362,
            661.0030257116831,
            562.3530919271271,
            567.2539114012349,
            281.83150994876354,
            721.2558491963861,
            644.9713171917027,
            455.61935867563835,
            389.1966084127661,
            34.014702703389894,
            302.0149002946709,
            636.0133646394547,
            223.23306206742765,
            439.16397848639633,
            535.9944029558518,
            111.61541112229978,
            646.0742991328475,
            316.1281385767486,
            278.01618657912707,
            440.2839992550263,
            530.4488665272083,
            230.84626919229166,
            178.84630272946657,
            93.23625904121207,
            277.89386463180506
        ],
        [
            635.4093168973839,
            310.2660148968946,
            248.08063205337092,
            472.27110858065413,
            55.0,
            610.8035690792909,
            229.21169254643186,
            0,
            603.8161971991146,
            584.3979808315563,
            227.37853900489378,
            425.3292842022519,
            464.1077461107496,
            446.83889714303075,
            446.0728640031805,
            644.715441105609,
            109.77249200050075,
            236.34931774811622,
            429.21905829075206,
            369.62278068322576,
            280.1446055165082,
            180.6792738528689,
            95.77055915050303,
            700.260665752404,
            604.4245196879425,
            501.4828013003039,
            383.3027524033711,
            321.6022387981775,
            387.9819583434261,
            167.31407591712062,
            590.0457609372345,
            255.97656142701817,
            456.66836982650767,
            137.05838172107534,
            601.1297696837181,
            291.3365751154496,
            276.7254957534632,
            393.18316342386794,
            653.9373058634903,
            400.23243246893423,
            398.98370894060326,
            689.6470111586073,
            193.05180651835403,
            543.7251143730625,
            157.94302770302968,
            310.3626910567699,
            188.36666371733614,
            326.03834130359576,
            582.1142499544226,
            659.0849717600911,
            339.41862058525896,
            438.32065887886233,
            530.0,
            494.97676713154925,
            317.49803148996057,
            311.51243955900065,
            238.01890681204299,
            431.7696144936556,
            577.8624403783308,
            439.18219453889526,
            575.0626052874592,
            308.6486675817668,
            186.81541692269406,
            553.0009041583928,
            179.51323071016242,
            55.86591089385369,
            216.0925727552893,
            335.0373113550191,
            350.633712012978,
            388.329756778952,
            166.20770138594662,
            146.50938536489735
        ],
        [
            1123.8652054405813,
            503.1947932957972,
            669.6461752298746,
            828.1654424087013,
            552.6925004014438,
            1044.1862860620226,
            377.57648231848344,
            603.8161971991146,
            0,
            1129.6145360254532,
            455.21533366089506,
            750.6643724062038,
            226.73773395709853,
            952.4583980416152,
            1003.8132296398568,
            1120.001785712862,
            631.129146847141,
            615.2633582458816,
            1011.0019782374316,
            251.6445906432324,
            361.26029397098154,
            424.70813507631334,
            698.7717796247928,
            755.3495879392535,
            144.30869689661813,
            969.7963703788544,
            941.4164859402027,
            307.7174028227848,
            991.261822123701,
            494.24285528472734,
            290.68883707497264,
            843.2378075015374,
            712.2078348347483,
            738.6183046743427,
            1130.8655976728621,
            895.1340681707965,
            809.6696857361031,
            405.15305749802747,
            745.8069455294715,
            234.30749027719963,
            903.0005537096863,
            575.4207156507315,
            462.8185389545237,
            1049.1220138763651,
            760.6313167363016,
            558.4881377433186,
            645.3681120105022,
            882.1388779551664,
            954.0843778199074,
            660.5035957509997,
            935.3849474948802,
            294.5386222552146,
            1088.7873988984259,
            924.3592375261902,
            807.6341993749397,
            717.1457313545134,
            379.5589545775465,
            457.10939609682055,
            913.2299819870129,
            174.4849563716024,
            508.701287594203,
            903.5585205176253,
            466.25529487610106,
            952.424275205121,
            639.8788947918192,
            654.8473104472522,
            817.5145258648313,
            902.7181176868004,
            450.70833140735266,
            289.4304752440558,
            462.9135988497206,
            645.6725176124503
        ],
        [
            154.1557653803451,
            649.6522146502697,
            463.78982308800175,
            408.7652137841477,
            616.2353446533232,
            262.96767862229757,
            767.2111834429944,
            584.3979808315563,
            1129.6145360254532,
            0,
            811.3223773568678,
            464.0387914819191,
            929.331480151189,
            187.96808239698566,
            139.1186543925724,
            184.58873205046942,
            641.3119365800078,
            768.9603370785777,
            187.6006396577581,
            932.6371212856585,
            768.3749084919418,
            746.5935976151951,
            501.94123161979826,
            774.308723959636,
            1078.0742089485307,
            218.00917411888884,
            201.10196418732465,
            893.2216970047245,
            329.6558811852141,
            638.0446692826451,
            994.3686439143181,
            337.4151745253909,
            537.6030133844117,
            463.32709827939055,
            47.01063709417263,
            392.70345045593876,
            629.9730152950997,
            976.5131847548192,
            723.4673454966713,
            966.2282339074967,
            701.2310603502956,
            915.8482407036661,
            777.4483905700752,
            122.18837915284742,
            451.83736011976697,
            866.3867496678374,
            702.62436621569,
            590.0847396772772,
            367.6955262170047,
            809.3083466763456,
            458.35357531058924,
            1019.800960972287,
            65.03076195155643,
            840.5004461628797,
            324.2745750132131,
            429.847647428714,
            755.8902036671728,
            755.417765213395,
            422.83093548131023,
            990.0717145742524,
            839.6785099072144,
            469.1534930062868,
            665.3728278191107,
            325.35672730097343,
            698.1532782992572,
            529.6810360962529,
            401.99129343805447,
            250.30581295687082,
            712.5061403244185,
            851.4652077448613,
            674.6747364471267,
            489.31993623804044
        ],
        [
            860.5161241952413,
            405.66488632860495,
            438.8268451223102,
            663.3649071212616,
            206.46065000382038,
            827.0743618321147,
            184.6212338816963,
            227.37853900489378,
            455.21533366089506,
            811.3223773568678,
            0,
            602.5612002112316,
            401.29415644885734,
            671.863081289633,
            672.6440366196671,
            868.3691611290674,
            195.04102132628407,
            163.16862443496913,
            650.5582218372157,
            204.0392119177096,
            268.63357943488745,
            127.63228431709588,
            312.50759990758627,
            809.2823981775459,
            505.94070798859417,
            721.8337758791839,
            610.2474907773075,
            148.16544806398014,
            586.4887040685438,
            265.8364158650955,
            549.3641779366399,
            478.81207169410425,
            612.3863159803623,
            353.63823322712153,
            828.5082980875931,
            486.0658391617333,
            356.6090296108611,
            165.92166826548004,
            771.7804091838558,
            222.52415599210798,
            448.1885763827543,
            736.3762625180146,
            37.33630940518894,
            769.7441133259806,
            370.23911192633335,
            146.102703602637,
            191.06281689538653,
            431.2818104209822,
            783.5023931041947,
            745.0154360816962,
            503.5911039722604,
            222.75098204048393,
            755.8524988382322,
            483.51318492880836,
            536.4867193137217,
            504.7504333826768,
            217.84857125994654,
            485.9176885028986,
            769.1462799754024,
            281.001779353797,
            623.7756006770384,
            471.89511546529064,
            258.65227623200997,
            760.1480119029451,
            186.3169342813476,
            281.64161624305456,
            427.8983524156175,
            561.3813320729502,
            411.92839183528,
            351.43847256667846,
            225.80079716422617,
            352.89941909841684
        ],
        [
            399.39954932373166,
            250.47954008261834,
            177.71043863543866,
            77.62087348130012,
            411.0596063833079,
            298.67038688159226,
            464.2251608863957,
            425.3292842022519,
            750.6643724062038,
            464.0387914819191,
            602.5612002112316,
            0,
            527.4021236210564,
            280.713376952364,
            392.7467377331096,
            387.45967532118743,
            533.3713528115285,
            660.7208185005222,
            452.41794836191013,
            623.9294831950161,
            419.49016675006817,
            485.6439024635232,
            419.3435345870972,
            343.0014577228499,
            664.7345334793431,
            253.74790639530408,
            356.78845272794354,
            607.3787944931894,
            545.6051685972192,
            340.5304685340212,
            554.8666506468019,
            385.61249979740023,
            75.02666192761077,
            415.21560664310294,
            444.3624646614518,
            510.40768019300026,
            657.7613549000883,
            752.4692684754641,
            289.53928921650686,
            657.5781322398122,
            776.4669986548045,
            452.85980170467775,
            565.8498033930913,
            350.4768180636203,
            428.02920461108727,
            723.1943030749067,
            612.9445325639181,
            673.0022288224608,
            204.16659863944446,
            354.2654372077525,
            602.5446041580656,
            745.7144225506169,
            454.4854233086029,
            896.5160344355253,
            203.49447166937975,
            120.10412149464314,
            436.8363537985363,
            314.2292157008957,
            171.95929750961417,
            654.7014586817414,
            377.0198933743417,
            586.3659267044769,
            355.7316404257569,
            203.147729497526,
            604.2929753025431,
            402.981389148432,
            435.35387904554153,
            358.2080401107714,
            300.04166377355,
            461.8148979840299,
            384.0963420809941,
            281.00177935379696
        ],
        [
            909.8664737201827,
            285.3506614676055,
            465.5534340975266,
            605.0223136381005,
            409.1222311241471,
            823.7287174792439,
            244.8060456769808,
            464.1077461107496,
            226.73773395709853,
            929.331480151189,
            401.29415644885734,
            527.4021236210564,
            0,
            746.4268215974022,
            811.3796891714753,
            903.8418003168475,
            525.9144417108167,
            559.4970956135518,
            829.8825218065507,
            238.17010727629108,
            184.97837711473198,
            311.43699202246347,
            550.8538826222431,
            544.1112018696177,
            149.88328792764057,
            755.8816044857818,
            751.3487871820915,
            274.8817927764587,
            834.7035401865742,
            317.50590545689073,
            149.03019828209315,
            672.0119046564578,
            486.0390930779128,
            585.9086959586792,
            925.9163029129577,
            746.0060321471938,
            716.1710689493118,
            439.55090717685937,
            528.5319290260524,
            252.81218325072862,
            827.0477616196056,
            391.8073506201741,
            389.85253622363416,
            840.1339178964267,
            608.9614109284757,
            540.0009259251322,
            566.3656063003825,
            779.3311234642179,
            729.7019939674004,
            453.6353160855093,
            803.0473211461451,
            359.3007097126306,
            894.3601064448256,
            881.6178310356478,
            605.0595012062863,
            505.3830230627064,
            227.31695933211847,
            230.82677487674601,
            687.4307237824041,
            203.54115063052973,
            302.6962173533062,
            772.5826816593808,
            290.26884090442775,
            730.2013420968219,
            558.6456837746086,
            505.47898076972496,
            660.9841147864297,
            718.2492603546489,
            228.04385543136215,
            80.32434251209281,
            300.5012479175419,
            463.34112703277265
        ],
        [
            188.67962264113208,
            464.0905084140377,
            282.8798331447472,
            235.59499145779816,
            467.47192429064654,
            191.63506985935533,
            601.0532422339971,
            446.83889714303075,
            952.4583980416152,
            187.96808239698566,
            671.863081289633,
            280.713376952364,
            746.4268215974022,
            0,
            124.77980605851252,
            198.70832896484234,
            525.5901445042515,
            660.7208185005223,
            201.40009930484146,
            769.2125844004373,
            592.5976712745335,
            589.9576255969575,
            381.74467907228257,
            607.2314221118667,
            894.1767163150694,
            79.92496481075234,
            122.87391912037316,
            734.7305628596105,
            335.1492204973779,
            467.9754267052919,
            806.9429967476017,
            243.67396249907375,
            355.4560451026259,
            351.1182137115647,
            179.49373248110922,
            349.10743332103374,
            567.3535053209772,
            837.4783579293259,
            554.6827922335432,
            803.4481937250217,
            663.973644055244,
            733.54072824895,
            635.7877004157914,
            99.56907150315304,
            348.0359176866664,
            750.0466652149051,
            597.54581414315,
            549.6653527374633,
            239.50782868207042,
            632.3163765078365,
            437.3785545725807,
            867.1620379144836,
            174.0028735394907,
            800.687829306778,
            145.91093173576817,
            243.11519903124116,
            585.8207917102293,
            567.5385449465084,
            280.5886669129742,
            821.1905990694244,
            653.4707338511803,
            435.0919443060282,
            494.06983312078466,
            193.25889371514054,
            591.278276279452,
            397.13221979587604,
            315.80531977786563,
            160.9751533622503,
            526.4076367227209,
            669.83057559356,
            507.8287112796991,
            327.2338613285612
        ],
        [
            236.93459012985,
            539.6980637356411,
            349.29786715638556,
            356.7253845747454,
            479.64153281382966,
            293.87412271242937,
            635.645341365765,
            446.0728640031805,
            1003.8132296398568,
            139.1186543925724,
            672.6440366196671,
            392.7467377331096,
            811.3796891714753,
            124.77980605851252,
            0,
            260.0480724789169,
            502.5146764025903,
            631.216286228421,
            81.21576201698781,
            799.0506867527241,
            643.174937322654,
            611.3591415853696,
            362.8236486228537,
            727.6592609181854,
            961.1170584273281,
            197.57024067404484,
            63.655321851358195,
            757.9795511753598,
            227.2201575564985,
            509.8127107085503,
            888.3248279767937,
            198.69826370655582,
            467.6291265522284,
            324.2992445257929,
            164.0,
            267.67517628648346,
            502.1951811795887,
            837.6395406139803,
            674.6591732126674,
            832.272191052903,
            583.928934032216,
            842.0095011340429,
            639.0492938733287,
            150.78461459976614,
            313.26825565320206,
            727.9258203965567,
            565.1061847122185,
            470.22760446405107,
            361.80934205738805,
            746.9792500464789,
            345.1289614042843,
            882.7049337122795,
            85.63293758829018,
            723.1355336311444,
            214.40149253211834,
            328.8966402990459,
            626.5843917621951,
            655.0923599004952,
            405.11233010117087,
            858.8783382994358,
            754.7357153335198,
            350.03571246374275,
            537.6625335654327,
            315.41242841714404,
            560.3784435539968,
            391.06521195319846,
            265.13581425375185,
            111.3058848399311,
            603.2619663131433,
            732.0853775346151,
            544.1654160271488,
            358.8983142897164
        ],
        [
            30.80584360149873,
            618.7220700767025,
            457.91920684767086,
            314.6966793596653,
            662.7616464461413,
            103.69667304209909,
            785.4934754662194,
            644.715441105609,
            1120.001785712862,
            184.58873205046942,
            868.3691611290674,
            387.45967532118743,
            903.8418003168475,
            198.70832896484234,
            260.0480724789169,
            0,
