{
    "depot": [
        913,
        609
    ],
    "final_destination": [
        570,
        404
    ],
    "requests": [
        [
            [
                685,
                791
            ],
            [
                366,
                456
            ]
        ],
        [
            [
                363,
                832
            ],
            [
                796,
                843
            ]
        ],
        [
            [
                603,
                119
            ],
            [
                142,
                515
            ]
        ],
        [
            [
                870,
                400
            ],
            [
                143,
                793
            ]
        ],
        [
            [
                921,
                960
            ],
            [
                387,
                458
            ]
        ],
        [
            [
                906,
                286
            ],
            [
                951,
                699
            ]
        ],
        [
            [
                467,
                194
            ],
            [
                464,
                845
            ]
        ],
        [
            [
                69,
                691
            ],
            [
                120,
                350
            ]
        ],
        [
            [
                810,
                312
            ],
            [
                580,
                314
            ]
        ],
        [
            [
                293,
                115
            ],
            [
                322,
                211
            ]
        ],
        [
            [
                407,
                268
            ],
            [
                637,
                246
            ]
        ],
        [
            [
                565,
                881
            ],
            [
                603,
                559
            ]
        ],
        [
            [
                789,
                605
            ],
            [
                384,
                506
            ]
        ],
        [
            [
                346,
                29
            ],
            [
                354,
                306
            ]
        ],
        [
            [
                72,
                795
            ],
            [
                500,
                574
            ]
        ],
        [
            [
                699,
                621
            ],
            [
                502,
                62
            ]
        ],
        [
            [
                601,
                470
            ],
            [
                599,
                997
            ]
        ],
        [
            [
                225,
                173
            ],
            [
                300,
                933
            ]
        ],
        [
            [
                493,
                869
            ],
            [
                730,
                12
            ]
        ],
        [
            [
                390,
                285
            ],
            [
                960,
                757
            ]
        ],
        [
            [
                679,
                342
            ],
            [
                642,
                552
            ]
        ],
        [
            [
                973,
                201
            ],
            [
                409,
                333
            ]
        ],
        [
            [
                495,
                201
            ],
            [
                246,
                582
            ]
        ],
        [
            [
                245,
                985
            ],
            [
                982,
                705
            ]
        ],
        [
            [
                758,
                646
            ],
            [
                395,
                699
            ]
        ],
        [
            [
                367,
                294
            ],
            [
                23,
                926
            ]
        ],
        [
            [
                930,
                439
            ],
            [
                23,
                755
            ]
        ],
        [
            [
                202,
                275
            ],
            [
                530,
                990
            ]
        ],
        [
            [
                512,
                539
            ],
            [
                728,
                491
            ]
        ],
        [
            [
                461,
                380
            ],
            [
                631,
                475
            ]
        ],
        [
            [
                376,
                167
            ],
            [
                684,
                585
            ]
        ],
        [
            [
                453,
                436
            ],
            [
                246,
                835
            ]
        ],
        [
            [
                120,
                110
            ],
            [
                869,
                77
            ]
        ],
        [
            [
                132,
                682
            ],
            [
                305,
                212
            ]
        ],
        [
            [
                451,
                273
            ],
            [
                807,
                704
            ]
        ]
    ],
    "travel_costs": [
        [
            0,
            291.73275441746335,
            593.4888373002477,
            579.827560572969,
            213.37759957408835,
            351.0911562543266,
            323.0758424890354,
            609.213427297856,
            847.9740562069101,
            314.35330442036076,
            792.7395536997003,
            610.1778429277812,
            441.6876724564542,
            124.06449935416657,
            811.1035692191225,
            861.3228198532767,
            214.33618453261687,
            341.5625857730908,
            814.5182625331367,
            493.9635614091387,
            615.2276001611111,
            355.0281678965769,
            412.38816665855,
            584.113002765732,
            766.550715869472,
            159.3549497191725,
            630.3499028317526,
            170.84788555905513,
            785.5424877115178,
            407.0638770512559,
            506.7001085454788,
            695.5091660071778,
            491.4560000651127,
            936.9364973145192,
            784.4042325230021,
            571.2617613668887,
            567.9947182853024,
            261.61995336747543,
            776.709083248033,
            791.6792279705209,
            547.2449177470723,
            97.6933979345585,
            507.2445169738161,
            834.2241904907818,
            444.8752634166121,
            712.5201751529565,
            456.00986831427235,
            314.0063693621516,
            538.9341332667657,
            635.8380296899518,
            414.48039760644895,
            684.2002630809199,
            499.1392591251464,
            693.3577720051892,
            624.4181291410428,
            155.283611498445,
            276.9295939404093,
            574.6233549030181,
            667.5462530791406,
            118.22436297142819,
            525.7604017040461,
            944.7692840053596,
            901.8957811188609,
            540.2314318882233,
            219.4288039433292,
            312.2178726466504,
            230.25420734483873,
            704.247825697744,
            533.8164478545036,
            726.1356622560278,
            142.3411395205195,
            399.59229221795556
        ],
        [
            291.73275441746335,
            0,
            324.59975354272837,
            676.9844902211571,
            432.5575106271997,
            290.27056344038743,
            551.2404194178797,
            635.5572358175147,
            624.0640992718618,
            495.0414124091034,
            781.4345781957694,
            592.294690166981,
            150.0,
            213.1009150613859,
            834.0053956659993,
            613.0130504320442,
            170.57549648176317,
            331.8086798141362,
            770.4050882490328,
            207.23899247004653,
            585.7140940766237,
            449.040087297337,
            656.5394123736975,
            619.8386886924693,
            480.8700448146048,
            162.33915116200404,
            590.0279654389273,
            428.86944400365013,
            706.7849743733947,
            305.6681206799296,
            468.0779849554986,
            696.3167382736107,
            424.08607616850617,
            884.8649614489208,
            563.6399560002822,
            568.4012667121706,
            462.5862081817831,
            122.57650672131263,
            609.1182151274087,
            542.0036900243392,
            446.8702272472401,
            281.46047679914136,
            227.5016483456768,
            716.7328651596772,
            488.4199013144325,
            684.2287629148602,
            547.1096782181796,
            246.06503205453635,
            414.5189983583382,
            587.1848090678096,
            285.156097602699,
            751.6182541689631,
            223.23082224459955,
            410.35228767487087,
            780.298660770349,
            277.093846918332,
            242.8373941550189,
            534.7335785229875,
            486.21188796655315,
            309.2005821469294,
            304.2433236736675,
            675.6248959296868,
            662.978129352696,
            252.24194734421155,
            303.06599941266916,
            320.5807230636302,
            206.0024271701671,
            441.19950135964575,
            737.3276069699276,
            692.5611886324559,
            149.84325143295575,
            403.72515403427616
        ],
        [
            593.4888373002477,
            324.59975354272837,
            0,
            752.3091120011774,
            666.087832046195,
            572.4927947144837,
            770.0422066354545,
            646.4209155032037,
            326.06287737183453,
            685.7178720144314,
            720.4089116605929,
            565.7137085134141,
            207.85812469085735,
            482.70591461054215,
            803.1799300281351,
            293.3428028774526,
            396.7581127084864,
            433.22973120505014,
            673.2941407735552,
            135.16286472252648,
            547.6659565830251,
            583.0574585750533,
            877.6451446911786,
            644.6588244955622,
            193.21749403198461,
            436.6016491036194,
            538.0148696829856,
            689.882598707925,
            579.8016902355495,
            328.70959827787203,
            462.5018918880225,
            665.1270555314976,
            406.09851021642515,
            761.7959044258508,
            275.42875666858026,
            565.8842637854493,
            376.0119678946403,
            433.13970032773494,
            386.4324002979046,
            223.4300785480773,
            374.76926234684726,
            602.8540453542631,
            101.83319694480772,
            539.7897738935038,
            561.6164171389579,
            622.3519904362803,
            646.8941180749753,
            363.49552954610044,
            326.67568014775753,
            526.0769905631685,
            292.11812679120067,
            782.4455252603851,
            287.9600666759195,
            119.03780911962383,
            898.3813221566886,
            601.6926125522898,
            395.2733231575336,
            501.11575509057786,
            276.0235497199469,
            631.8939784489168,
            136.79546776117985,
            352.75487239724976,
            348.610097386751,
            229.8978033822855,
            499.50575572259424,
            446.4000448028651,
            405.03086302157277,
            117.03845521878696,
            908.878979842751,
            622.7069936976781,
            462.08224376186536,
            475.42927970414274
        ],
        [
            579.827560572969,
            676.9844902211571,
            752.3091120011774,
            0,
            387.62094886628614,
            899.1134522405946,
            345.97398746148536,
            155.30936868070773,
            782.5215651980461,
            283.01590061337544,
            310.0258053775524,
            246.20519897028984,
            762.9469182059784,
            520.3767865691166,
            272.30313990110363,
            859.6144484593077,
            511.09685970469434,
            351.00569795944904,
            381.8376618407357,
            758.023746329889,
            270.04629232781554,
            235.5949914577982,
            378.9775718957522,
            135.60235986147143,
            937.0805728431253,
            549.32139954675,
            293.8043566729397,
            457.52486271239945,
            430.275493143637,
            429.7452733887832,
            297.1279185805332,
            232.01939574095954,
            350.69787567078305,
            483.08384365449444,
            734.0367838194487,
            216.37929660667632,
            411.9927183822549,
            749.2829905983452,
            607.7310260304306,
            816.0122548099384,
            401.96641650764803,
            676.3904198020548,
            739.18671524859,
            535.3970489272424,
            196.35172522796938,
            295.67718883945037,
            131.47243057006287,
            440.0,
            444.6684157886638,
            311.40006422606916,
            466.5125936135058,
            115.97413504743201,
            878.0091115700337,
            868.5649083401885,
            166.06625183943908,
            731.090281702609,
            434.7528033262121,
            288.84597971929605,
            584.6520332642314,
            697.8803622398326,
            616.1688080388361,
            993.8053129260278,
            860.7531585768361,
            874.0537740894436,
            392.43980430124566,
            357.0994259306503,
            472.98731484047227,
            800.0656223085704,
            269.2953768633988,
            312.1746306156219,
            619.5490295368076,
            286.9041651841256
        ],
        [
            213.37759957408835,
            432.5575106271997,
            666.087832046195,
            387.62094886628614,
            0,
            562.3175259584215,
            119.54915307102765,
            452.59805567412684,
            852.2218021149189,
            106.50821564555477,
            643.5479780094099,
            481.4488550199283,
            569.5489443410461,
            220.42232191862962,
            642.0412759316958,
            890.4094563738639,
            279.43156586184034,
            277.9586300153316,
            683.77920412952,
            601.7391461422466,
            493.5838327984417,
            199.61212388028937,
            224.0758800049662,
            424.53032871633565,
            856.0665861952561,
            270.29613389761977,
            514.0476631597503,
            71.56116265125938,
            679.5947321749926,
            384.0377585602749,
            409.4887055829501,
            546.1913584083879,
            418.55107215249126,
            804.1144197189851,
            790.0430368024264,
            437.82416561903017,
            507.1015677356953,
            449.1380634058975,
            737.027136542475,
            826.4248302174857,
            486.46993740620803,
            309.7773393907308,
            602.3794485206148,
            751.6648189186456,
            302.48305737677276,
            579.6766339951956,
            279.29375216785644,
            310.75713990188547,
            497.4253712869901,
            524.4921353080521,
            408.87161799273866,
            499.6678897027505,
            655.62946852624,
            780.3774727655841,
            412.4851512478964,
            368.169797783577,
            274.0218969352632,
            465.8433213001985,
            650.0,
            324.91383473161005,
            561.2717701791174,
            997.0381136145197,
            918.3866288225238,
            680.9552114493287,
            168.65645555388625,
            250.49151682242658,
            262.33756879257686,
            760.6582675551485,
            323.0015479839068,
            595.4569673788359,
            310.4593371119638,
            300.0266654815868
        ],
        [
            351.0911562543266,
            290.27056344038743,
            572.4927947144837,
            899.1134522405946,
            562.3175259584215,
            0,
            674.1668932838514,
            890.4336022410654,
            893.4567700790005,
            657.4382100243338,
            1052.810049344135,
            862.0092806924993,
            364.66011572421786,
            378.746617146609,
            1094.2513422427226,
            864.8849634488971,
            405.2221612893352,
            585.2349955359813,
            1050.611726566956,
            437.5671377057468,
            858.8282715421052,
            663.6926999749205,
            760.7792058146699,
            870.377504304885,
            676.4621201516017,
            353.7866588779176,
            866.2978702501813,
            521.0777293264413,
            993.0689804842361,
            586.9599645631719,
            740.27022093287,
            962.2234667685047,
            702.5667228100118,
            1167.9473447035189,
            836.5434836277191,
            832.3875299402316,
            749.6939375505181,
            171.21331723905124,
            897.1432438579694,
            795.7216850130452,
            732.9120001746458,
            262.7184805071771,
            471.2472811592657,
            1006.8271947062217,
            730.4772412608075,
            959.0630844735917,
            768.4087453953138,
            511.7860881266704,
            703.1962741653286,
            865.5662886226565,
            571.1716029355802,
            990.941471530988,
            324.1188053785217,
            621.5866793939522,
            967.0496367818974,
            206.71236053995415,
            494.2721922180126,
            809.4893452047409,
            773.6336342222978,
            262.19458423087235,
            587.194175720434,
            898.6434220534862,
            921.1020573204686,
            392.149206297807,
            507.15875226599417,
            565.0884886458049,
            443.6146976825723,
            686.4765108872991,
            884.5298186042119,
            968.9994840039907,
            280.2356151526783,
            657.5233836146058
        ],
        [
            323.0758424890354,
            551.2404194178797,
            770.0422066354545,
            345.97398746148536,
            119.54915307102765,
            674.1668932838514,
            0,
            448.53650910488886,
            929.8354693170185,
            99.45853407325085,
            636.4039597614081,
            499.32454375886624,
            685.7885971638781,
            339.7793401606402,
            616.1566359295338,
            977.0552696751603,
            393.79436258026857,
            356.20359346867906,
            690.3115238788934,
            714.4634350335922,
            516.0009689913383,
            233.80547470065795,
            108.23123393919151,
            419.6975101188951,
            962.0405396863482,
            389.2351474366106,
            539.0593659329184,
            154.8709139896837,
            704.0859322554314,
            468.2360515808239,
            454.8197445142416,
            543.195176709072,
            477.18864194362385,
            805.4638415223865,
            869.4204966527991,
            455.18567640030153,
            566.1271941887264,
            567.7578709273876,
            797.5819707089673,
            916.0884236797231,
            546.7586304760081,
            415.4443404356352,
            712.6324438306187,
            788.6012934303368,
            327.2002444986861,
            588.7962296074933,
            271.95771730178944,
            407.8455590048763,
            566.4662390646065,
            552.3622000101021,
            497.77504959569836,
            461.94371951570037,
            774.4481906493164,
            886.4789901627674,
            325.65626049563366,
            474.08543533839975,
            374.7692623468472,
            499.21738751770255,
            723.3367127417217,
            425.8368232081392,
            657.0312016944096,
            1090.5452764557738,
            999.8249846848198,
            798.1177857935506,
            271.4940146669904,
            333.68548065506235,
            372.4043501357093,
            858.4876236731664,
            212.24985276791125,
            605.5386032285638,
            429.563732174866,
            356.1179579858337
        ],
        [
            609.213427297856,
            635.5572358175147,
            646.4209155032037,
            155.30936868070773,
            452.59805567412684,
            890.4336022410654,
            448.53650910488886,
            0,
            636.7205038319404,
            362.72992708074145,
            191.09421759959145,
            95.26804291051643,
            693.9546094666424,
            522.1158875192365,
            204.611827615121,
            719.1842601169745,
            485.95575930325185,
            306.8093870793395,
            242.90944814889357,
            675.5005551441095,
            119.20570456148481,
            258.549801779077,
            506.0484166559559,
            28.861739379323623,
            821.562535659946,
            537.5732508226205,
            141.4213562373095,
            523.8263070904324,
            277.1028689855087,
            347.92240514229604,
            186.09674903124986,
            94.92101980067429,
            242.404620418011,
            357.022408260322,
            591.9197580753662,
            80.60397012554654,
            280.79351844371337,
            727.6276520308998,
            456.7997373029017,
            681.0117473289282,
            275.85503439306666,
            699.4862400362141,
            651.0069124056979,
            380.4536765494585,
            164.83021567661675,
            145.9931505242626,
            177.77513886930308,
            389.5137994988111,
            322.8513589873829,
            159.10059710761615,
            381.4302033137911,
            136.5613415282671,
            813.776996479994,
            757.6344765122559,
            319.8327688026979,
            748.3435040140323,
            398.4833748100415,
            150.6154042586614,
            446.52547519710447,
            725.4970709796146,
            510.10685155171166,
            856.1308311233745,
            715.4418215340784,
            798.489198424124,
            395.38588745679834,
            325.3567273009735,
            447.1800532224128,
            678.0280230196979,
            418.6800687876126,
            162.9969324864735,
            612.9437168288782,
            233.89955108977873
        ],
        [
            847.9740562069101,
            624.0640992718618,
            326.06287737183453,
            782.5215651980461,
            852.2218021149189,
            893.4567700790005,
            929.8354693170185,
            636.7205038319404,
            0,
            832.2992250386877,
            618.0226533064949,
            541.4545225593744,
            531.1459309831904,
            725.1179214445056,
            717.6161926824116,
            104.04326023342406,
            633.8769596696192,
            576.0772517640321,
            540.9805911490726,
            459.8478009080831,
            517.5683529737884,
            702.7809046922091,
            1028.2587223067937,
            649.2888417337849,
            342.65434478494507,
            690.4679572579745,
            496.400040290087,
            897.1203932583408,
            436.74363189404374,
            468.351363828483,
            500.38485188902354,
            607.3096409575596,
            460.9566140104728,
            583.234086795345,
            63.63961030678928,
            566.2578917772361,
            378.72681447185647,
            742.7200010771219,
            190.53870997778904,
            126.0158720161869,
            394.2245552981194,
            882.0362804329535,
            423.9587244060441,
            344.79269133785306,
            635.0196847342609,
            542.5946921966708,
            721.5601153057173,
            550.0727224649482,
            365.3080891521566,
            479.0093944798996,
            446.59825346725216,
            763.6294913110677,
            611.9934640173864,
            334.55193916640206,
            947.6085689777187,
            893.4411004649382,
            589.6185207403173,
            493.7246196008459,
            207.87015177749785,
            913.1073321357134,
            326.09814473559953,
            239.45980873624697,
            78.81624198095213,
            549.4742942122042,
            688.680622640132,
            602.0797289396147,
            624.0681052577514,
            228.17756243767704,
            1008.4621956226222,
            533.9822094414757,
            738.1144897642912,
            577.3820225812369
        ],
        [
            314.35330442036076,
            495.0414124091034,
            685.7178720144314,
            283.01590061337544,
            106.50821564555477,
            657.4382100243338,
            99.45853407325085,
            362.72992708074145,
            832.2992250386877,
            0,
            553.2612402834668,
            405.3948692324559,
            619.5046408220038,
            293.7515957403466,
            543.4933302258639,
            882.0051020260596,
            328.33214889803287,
            262.00190838999623,
            601.2869531263754,
            640.8884458312538,
            420.8669623527131,
            134.39121995130486,
            197.2054765973805,
            333.9850296046217,
            878.7229369943634,
            338.02366781040644,
            443.3655376774339,
            174.72549899771354,
            609.1247819617915,
            374.6104643493024,
            355.5629339512205,
            457.58168669648484,
            377.9219496139381,
            718.9603605206618,
            772.3885032805706,
            361.1121709386157,
            466.7676081306414,
            531.1845253770106,
            698.16402084324,
            822.3442101699262,
            447.48742999105576,
            411.8859065323794,
            635.456528804292,
            691.045584603505,
            230.00869548780108,
            498.3422518711412,
            185.16209115258988,
            322.27007307536326,
            468.0940076523091,
            456.03947197583676,
            405.88668369386056,
            396.69131576075625,
            716.7607690157156,
            803.5801142387734,
            310.4834939252005,
            469.6008943773425,
            292.9573347776089,
            401.54949881677106,
            625.296729561254,
            428.99067588934844,
            567.4451515344897,
            998.1808453381581,
            903.1157179453804,
            733.5420914985043,
            196.88829320200833,
            242.09502266672067,
            300.6742423288034,
            769.1716323422231,
            242.29321080046793,
            514.8057886232438,
            392.01147942375354,
            257.0291812226775
        ],
        [
            792.7395536997003,
            781.4345781957694,
            720.4089116605929,
            310.0258053775524,
            643.5479780094099,
            1052.810049344135,
            636.4039597614081,
            191.09421759959145,
            618.0226533064949,
            553.2612402834668,
            0,
            190.80094339389416,
            812.8591513909406,
            697.2201947735019,
            101.01980003939822,
            715.0111887236451,
            648.7464836128208,
            469.9882977266562,
            89.37561188601731,
            780.0743554303012,
            195.7268504830137,
            447.800178651148,
            685.4166616008105,
            219.5449840010015,
            871.3231317943993,
            705.8229239688947,
            193.6930561481232,
            714.664256836733,
            184.06792224611,
            477.2179795439397,
            313.765836253726,
            97.9438614717635,
            358.66558240232644,
            173.07223925286226,
            589.4149641805848,
            223.44574285494903,
            348.72625367184503,
            884.8689168458794,
            427.55233597771394,
            694.3947004406068,
            355.64729719203547,
            879.7840644158088,
            749.7606284675129,
            291.81158304632123,
            349.24203641600764,
            100.28459502834919,
            368.09917141987705,
            541.5126960653831,
            401.44987233775527,
            200.5043640422821,
            503.5176263051771,
            215.61539833694627,
            933.5737785520757,
            818.0299505519341,
            448.9743867972872,
            925.7715700970732,
            559.2584375760458,
            246.9412885687608,
            469.3591375482105,
            907.0948131259488,
            592.8406193910805,
            854.7637100392132,
            694.6221994724903,
            906.5285434005926,
            574.9791300560396,
            493.80562977754715,
            611.3763161915907,
            721.5323970550456,
            577.2521112997335,
            97.73944955850735,
            781.7397265074867,
            400.3123780249619
        ],
        [
            610.1778429277812,
            592.294690166981,
            565.7137085134141,
            246.20519897028984,
            481.4488550199283,
            862.0092806924993,
            499.32454375886624,
            95.26804291051643,
            541.4545225593744,
            405.3948692324559,
            190.80094339389416,
            0,
            633.0347541802108,
            509.4045543573398,
            246.661711661944,
            624.4629692784033,
            458.11898017873045,
            280.07141946296485,
            205.30221625691235,
            607.1218987979267,
            24.041630560342618,
            281.8865019826242,
            569.9517523440031,
            110.60289327137875,
            735.0734657161827,
            515.8342757126557,
            47.70744176750625,
            550.2453997990351,
            205.1194773784294,
            290.6303494131334,
            124.33824833895642,
            105.65036677645752,
            174.18381095842403,
            327.6171546180084,
            497.01207228798773,
            44.28317965096906,
            192.4188140489386,
            694.2233070129524,
            362.26233588381774,
            587.6401960383581,
            191.04973174542798,
            694.0439467353634,
            579.8085891050598,
            298.4845054605013,
            179.0111728356641,
            102.34256201600583,
            231.04977818643323,
            350.8518205738713,
            239.10876186371755,
            65.21502894272147,
            319.8202620222803,
            226.85017081765662,
            753.8600665906107,
            673.5532644119543,
            412.14681850039807,
            738.1937415069299,
            368.6204009546949,
            65.03076195155643,
            352.8696643238123,
            722.2146495329488,
            431.16702100230253,
            761.8530041943786,
            620.1814250685037,
            732.4022119027222,
            390.85803049189104,
            305.0,
            420.9726831992784,
            589.4149641805848,
            499.9249943741561,
            116.36150566231086,
            591.6891075556488,
            212.28518554058357
        ],
        [
            441.6876724564542,
            150.0,
            207.85812469085735,
            762.9469182059784,
            569.5489443410461,
            364.66011572421786,
            685.7885971638781,
            693.9546094666424,
            531.1459309831904,
            619.5046408220038,
            812.8591513909406,
            633.0347541802108,
            0,
            355.46026500862234,
            879.6959702078894,
            500.4448021510464,
            292.4995726492605,
            412.5736297923075,
            785.4069009118776,
            72.99315036357862,
            621.161009722922,
            550.9237696814324,
            793.0094576989608,
            683.5934464285041,
            336.47585351700945,
            304.09537977417546,
            619.4941484792249,
            573.2268311933767,
            706.402859563861,
            346.08236013989506,
            511.68056441494826,
            738.591226592897,
            458.8779794237243,
            890.2055942309058,
            476.53961010602256,
            618.5951826517888,
            469.282430951767,
            234.104677441524,
            559.3612428475896,
            431.077719210817,
            458.9259199478713,
            426.75519914817676,
            107.2240644631605,
            692.8102193241667,
            567.1983779948599,
            712.7054089874722,
            639.0688538803937,
            324.23448305200355,
            416.3964457100949,
            612.4916325959075,
            313.80567235153666,
            821.4195030555337,
            120.8801058900926,
            270.05369836386245,
            884.5258616908835,
            414.00603860330347,
            337.8905148121208,
            569.771884178221,
            437.22076803372454,
            452.6201497945048,
            249.04618045655712,
            543.8648729234129,
            556.4530528265615,
            114.48143954370946,
            422.6925596695546,
            411.32955157634854,
            319.02507738420815,
            322.29955010828047,
            859.5533723975491,
            717.747169970039,
            299.8216136305053,
            477.0262047309351
        ],
        [
            124.06449935416657,
            213.1009150613859,
            482.70591461054215,
            520.3767865691166,
            220.42232191862962,
            378.746617146609,
            339.7793401606402,
            522.1158875192365,
            725.1179214445056,
            293.7515957403466,
            697.2201947735019,
            509.4045543573398,
            355.46026500862234,
            0,
            726.6532873386042,
            741.7472615385918,
            91.41115905621152,
            231.44977856977957,
            710.4364855495528,
            396.6257681996973,
            511.4694516782014,
            285.0771825313278,
            443.9279220774472,
            499.65187881163826,
            663.5781792675223,
            51.40038910358559,
            524.2184659090138,
            217.80036730914847,
            673.4010692002204,
            284.7542800380707,
            397.75494968636156,
            602.0074750366476,
            376.107697342131,
            832.2175196425511,
            661.4967875961303,
            473.78053991273214,
            448.4751944087878,
            238.1029189237293,
            653.2296686464875,
            672.8001189060537,
            428.03387716394593,
            187.29655629509048,
            404.01113846031524,
            715.9511156496651,
            358.2764295903374,
            611.0032733136542,
            389.85253622363416,
            191.60375779195982,
            416.9244535884169,
            527.8503575825255,
            290.6578744847626,
            614.1807551527481,
            435.6190996730974,
            588.8166098200695,
            595.927847981616,
            228.79029699705362,
            156.26259949200895,
            467.3157390886808,
            543.4868903662718,
            217.36835096213983,
            405.0580205353302,
            830.5401856623195,
            780.5485250770769,
            464.0107757369434,
            129.29423807734048,
            204.60694025374605,
            106.88779163215976,
            589.7024673511211,
            534.0262165849164,
            623.4621079103365,
            100.62305898749052,
            297.2574641619618
        ],
        [
            811.1035692191225,
            834.0053956659993,
            803.1799300281351,
            272.30313990110363,
            642.0412759316958,
            1094.2513422427226,
            616.1566359295338,
            204.611827615121,
            717.6161926824116,
            543.4933302258639,
            101.01980003939822,
            246.661711661944,
            879.6959702078894,
            726.6532873386042,
            0,
            813.5305771758059,
            689.2553953361555,
            509.41731419338316,
            188.08774548066657,
            852.765501178372,
            259.7537295208675,
            457.0098467210526,
            650.1638255086175,
            227.56317804073663,
            961.3204460532398,
            741.9117198157743,
            265.8307732374114,
            713.5516799784021,
            285.0473644852729,
            536.3357157601943,
            369.3589040486231,
            141.22322755127783,
            420.8301320010249,
            240.07707095847368,
            687.1717398147279,
            265.6332057556058,
            427.4681274668323,
            930.1053703747765,
            527.0787417454815,
            790.5093294832137,
            430.9547540055685,
            902.7319646495298,
            824.4877197387478,
            392.577380907255,
            368.75601690006357,
            183.5755975068582,
            363.00137740785505,
            589.023768620588,
            478.51123288800653,
            277.1154993860863,
            566.3400038845923,
            159.45218719101973,
            1000.5163666827245,
            905.1695973683605,
            384.3761178845532,
            952.3549758362163,
            600.9534091757863,
            310.4593371119638,
            561.9688603472616,
            928.1551594426439,
            671.7894015240194,
            953.3823996697232,
            794.6099672166214,
            978.4564374564663,
            599.4731019820656,
            529.2834779208586,
            650.6765709628709,
            812.1797830529888,
            525.1980578791205,
            187.53666308218243,
            817.401981891407,
            436.8077380266975
        ],
        [
            861.3228198532767,
            613.0130504320442,
            293.3428028774526,
            859.6144484593077,
            890.4094563738639,
            864.8849634488971,
            977.0552696751603,
            719.1842601169745,
            104.04326023342406,
            882.0051020260596,
            715.0111887236451,
            624.4629692784033,
            500.4448021510464,
            741.7472615385918,
            813.5305771758059,
            0,
            650.6957814524387,
            620.8590822400845,
