{
    "depot": [
        201,
        242
    ],
    "final_destination": [
        149,
        143
    ],
    "requests": [
        [
            [
                552,
                203
            ],
            [
                343,
                851
            ]
        ],
        [
            [
                388,
                625
            ],
            [
                218,
                477
            ]
        ],
        [
            [
                506,
                99
            ],
            [
                910,
                774
            ]
        ],
        [
            [
                255,
                179
            ],
            [
                231,
                224
            ]
        ],
        [
            [
                772,
                618
            ],
            [
                465,
                178
            ]
        ],
        [
            [
                948,
                644
            ],
            [
                349,
                547
            ]
        ],
        [
            [
                67,
                110
            ],
            [
                419,
                538
            ]
        ],
        [
            [
                958,
                449
            ],
            [
                937,
                671
            ]
        ],
        [
            [
                152,
                26
            ],
            [
                259,
                478
            ]
        ],
        [
            [
                12,
                295
            ],
            [
                681,
                448
            ]
        ],
        [
            [
                711,
                246
            ],
            [
                626,
                972
            ]
        ],
        [
            [
                699,
                563
            ],
            [
                771,
                648
            ]
        ],
        [
            [
                74,
                674
            ],
            [
                578,
                309
            ]
        ],
        [
            [
                391,
                571
            ],
            [
                817,
                817
            ]
        ],
        [
            [
                400,
                316
            ],
            [
                669,
                966
            ]
        ],
        [
            [
                841,
                134
            ],
            [
                985,
                112
            ]
        ],
        [
            [
                764,
                78
            ],
            [
                627,
                423
            ]
        ],
        [
            [
                23,
                191
            ],
            [
                422,
                621
            ]
        ],
        [
            [
                601,
                695
            ],
            [
                333,
                519
            ]
        ],
        [
            [
                318,
                775
            ],
            [
                47,
                223
            ]
        ],
        [
            [
                472,
                824
            ],
            [
                971,
                483
            ]
        ],
        [
            [
                94,
                505
            ],
            [
                516,
                804
            ]
        ],
        [
            [
                25,
                150
            ],
            [
                841,
                418
            ]
        ],
        [
            [
                754,
                810
            ],
            [
                470,
                62
            ]
        ],
        [
            [
                485,
                211
            ],
            [
                627,
                766
            ]
        ],
        [
            [
                157,
                23
            ],
            [
                271,
                33
            ]
        ],
        [
            [
                119,
                326
            ],
            [
                673,
                820
            ]
        ],
        [
            [
                868,
                493
            ],
            [
                592,
                725
            ]
        ],
        [
            [
                637,
                192
            ],
            [
                773,
                865
            ]
        ],
        [
            [
                629,
                343
            ],
            [
                165,
                953
            ]
        ],
        [
            [
                885,
                119
            ],
            [
                647,
                953
            ]
        ],
        [
            [
                35,
                261
            ],
            [
                969,
                353
            ]
        ],
        [
            [
                386,
                711
            ],
            [
                1000,
                13
            ]
        ],
        [
            [
                543,
                404
            ],
            [
                213,
                135
            ]
        ],
        [
            [
                158,
                949
            ],
            [
                392,
                302
            ]
        ]
    ],
    "travel_costs": [
        [
            0,
            353.1600203873592,
            426.21356149235794,
            336.8590209568389,
            82.97590011563598,
            683.679018253449,
            848.300064835551,
            188.09572031282372,
            784.7916921068927,
            221.48814866714653,
            196.2906008957128,
            510.01568603328275,
            592.4905062530539,
            450.2810233620777,
            379.9223604896137,
            212.31344752511558,
            649.0485343947707,
            586.400034106411,
            185.16209115258988,
            604.3252435568119,
            545.6903884071993,
            642.000778815727,
            283.9330907097657,
            198.59506539690256,
            792.7376615249208,
            285.6868915438718,
            223.37636401374252,
            117.38824472663352,
            712.6640162096021,
            438.8576078866584,
            439.7556139493844,
            694.9712224257922,
            167.083811304387,
            504.1686225857377,
            378.4283287493155,
            708.3064308616716,
            625.3359097317217,
            235.61409125941515,
            886.4000225631767,
            34.9857113690718,
            271.64682954159434,
            339.0117992046885,
            367.6139279189514,
            851.9019896678255,
            243.02263269086686,
            522.3370559322783,
            844.704090199639,
            699.811403165167,
            382.90729948644224,
            842.6630406040127,
            862.0904824900922,
            794.7049767051922,
            462.857429453174,
            438.7277059862986,
            306.843608374038,
            155.16765126791086,
            806.8339358257064,
            644.2584884966592,
            663.7589924061292,
            323.6680398185771,
            675.3162222248181,
            220.41097976280585,
            746.2358876387545,
            621.4257799608897,
            845.761786793421,
            711.9108090203434,
            839.3074526060161,
            775.980025516121,
            831.1690562093852,
            107.67079455451234,
            200.20239758804087,
            111.82575731914362
        ],
        [
            353.1600203873592,
            0,
            452.74717006293923,
            113.71895180663599,
            297.9681191000138,
            469.70735570139846,
            592.7031297369705,
            493.8360051677075,
            474.7125445993607,
            437.41170537606786,
            547.7809781290329,
            164.7118696390761,
            388.85601448351036,
            671.0625902253828,
            401.67773152117854,
            189.40168953839878,
            297.122870206923,
            246.10770000144248,
            529.1360883553493,
            494.43401986513834,
            618.0129448482451,
            626.1317752677945,
            548.6055048939994,
            529.6583804680145,
            639.7288488101815,
            67.47592163134935,
            434.0794858087629,
            450.1310920165369,
            428.9009209596081,
            85.70880934886448,
            159.7779709471866,
            343.43121582057734,
            520.2432123536069,
            534.4342803376295,
            201.2013916452866,
            843.6539574967926,
            680.870766004827,
            432.00925916003234,
            673.947327318686,
            321.68618248224465,
            90.52071586106685,
            399.4308450783439,
            360.43584727382483,
            606.0107259776843,
            401.8382759270202,
            276.8862582361212,
            772.5522636042173,
            495.96975714250965,
            109.14210919713801,
            668.7458411085635,
            771.9183894687313,
            442.4590376520747,
            232.43278598338918,
            437.7487864060847,
            384.4697647410002,
            505.39588443120505,
            503.9454335540704,
            602.0772375700645,
            360.2027207004411,
            163.11039206623224,
            567.9735909353533,
            328.4219846478003,
            628.7527335924672,
            523.5303238590865,
            697.9147512411527,
            843.9603071235045,
            755.9927248327195,
            443.1579853731623,
            486.625112381184,
            345.7528018686183,
            188.1515346735179,
            407.4420204151752
        ],
        [
            426.21356149235794,
            452.74717006293923,
            0,
            539.0732788777423,
            465.4084227858366,
            384.06379678381563,
            560.3222287220095,
            606.8492399270184,
            596.5534343208494,
            643.8144142530516,
            500.27592386602015,
            497.96586228375133,
            317.1198511604091,
            317.80025173054844,
            54.08326913195984,
            309.23292192132453,
            668.0493993710345,
            663.7657719406748,
            567.0811229445044,
            224.20749318432692,
            165.5294535724685,
            216.00231480241132,
            317.5468469375818,
            597.8243889303948,
            410.0987685911773,
            425.2117119741647,
            644.7984181122035,
            402.1964694027037,
            497.8192443045969,
            499.48973963435924,
            370.95147930693037,
            709.2566531235361,
            507.0552238168936,
            86.02325267042627,
            269.937029693964,
            397.33612974407447,
            230.43654224102565,
            225.39742678211746,
            542.8489661038326,
            430.63906000268946,
            453.58350940041896,
            87.2066511224918,
            92.35799911215054,
            550.9237696814325,
            195.57607215607945,
            342.312722521381,
            420.7766628509714,
            383.68997901952037,
            368.72211758992705,
            470.00531911883724,
            441.86196939768416,
            787.1327715195195,
            312.929704566377,
            34.23448553724738,
            119.41942890501528,
            527.1479868120525,
            600.0441650412075,
            220.05681084665386,
            498.0542139165173,
            568.9402429078118,
            277.4923422366823,
            603.4509093538595,
            345.3259329966402,
            227.19154913860683,
            453.67940222143653,
            396.62702883187376,
            417.92941987852447,
            641.5177316333509,
            865.4987001723342,
            520.3124061561477,
            323.0247668523267,
            538.0009293672271
        ],
        [
            336.8590209568389,
            113.71895180663599,
            539.0732788777423,
            0,
            263.4406954135978,
            583.1955075272786,
            701.7043536989064,
            439.13779158710537,
            571.6677356646953,
            361.4484748895754,
            531.4621341168156,
            252.25780463644725,
            502.5385557347814,
            719.2002502780432,
            485.8075750747409,
            241.50569351466646,
            336.82339586198583,
            258.8532402733255,
            491.6838415079349,
            603.5238189168675,
            701.6551859710011,
            725.7968035201037,
            578.4289066082366,
            483.6961856372242,
            753.0106240950389,
            113.95174417269794,
            357.179226719584,
            448.6624566419615,
            535.0513994000951,
            160.65490966665163,
            273.2489707208428,
            379.52733761878073,
            498.08131866192286,
            623.6537500889416,
            307.23606559126483,
            918.479177771603,
            769.4627996206184,
            475.2136361679871,
            786.6644773980837,
            302.0761493398643,
            89.00561780022653,
            474.7135978671771,
            447.53770790850683,
            716.2017872080467,
            452.38258145070085,
            390.4177250074592,
            881.2088288254947,
            609.6113516003454,
            222.0,
            782.4608616410152,
            882.1893220845512,
            479.1763767132099,
            345.8569068270865,
            528.7154244014449,
            454.23452092503936,
            475.4545193811917,
            603.0596985373836,
            705.0709184188496,
            462.5862081817831,
            51.62363799656123,
            677.8864211650799,
            244.09219569662605,
            740.0878326252905,
            631.8797353927407,
            811.1997287967988,
            919.5634833985091,
            865.5616673582534,
            528.0956352783082,
            501.4299552280458,
            295.2033197645311,
            232.81967270830017,
            359.7012649407839
        ],
        [
            82.97590011563598,
            297.9681191000138,
            465.4084227858366,
            263.4406954135978,
            0,
            678.2403703702693,
            834.550178239751,
            200.26232796010336,
            753.0663981349852,
            184.43969204051496,
            269.2675249635574,
            460.8958667638494,
            587.0195908144805,
            527.0540769219036,
            414.92167935647814,
            199.48433522459854,
            587.725275958079,
            518.9238865190154,
            232.3101375317057,
            621.2664484744046,
            599.3204485081416,
            680.5247974908777,
            363.5890537406207,
            231.82105167564055,
            804.4637965750852,
            232.2154172315008,
            184.22811946062959,
            200.2623279601034,
            688.7416061194502,
            382.221140179347,
            408.3772765470675,
            632.8506932918696,
            234.78500803926985,
            547.8914125992486,
            365.47092907644515,
            776.0856911449921,
            677.7374122770559,
            300.2881949061601,
            884.9011244201241,
            51.0,
            210.00238093888368,
            379.8157448026609,
            394.6859511054327,
            840.9447068624667,
            299.02675465583343,
            503.8223893397355,
            875.4941461826002,
            697.2926215011887,
            348.1795513811804,
            850.2282046603723,
            889.2496837221817,
            733.0682096503708,
            444.88200682877704,
            472.4965608340446,
            348.832337950483,
            212.60291625469299,
            777.8637412812093,
            677.3079063468844,
            632.8641244374655,
            244.7733645640391,
            694.9481995084238,
            146.87409574189724,
            765.2483257087205,
            641.6268385907808,
            859.60456024849,
            779.214989588881,
            867.6059013169515,
            734.8959109969247,
            763.2699391434198,
            60.8276253029822,
            184.1140950606444,
            111.94641575325224
        ],
        [
            683.679018253449,
            469.70735570139846,
            384.06379678381563,
            583.1955075272786,
            678.2403703702693,
            0,
            177.9100896520487,
            868.9585720849989,
            251.31056483960236,
            857.2420894939772,
            825.7899248598277,
            376.9681684174408,
            91.40021881811882,
            700.2428150291869,
            383.8880045013129,
            479.1534201067545,
            488.8936489667257,
            540.0592560080792,
            862.1658773113211,
            187.53666308218243,
            480.38005787084876,
            363.91757308489514,
            687.3521659236987,
            881.4947532458715,
            192.84190415985836,
            498.01405602653426,
            855.716074407861,
            715.3132181079839,
            157.610278852618,
            446.8791783021446,
            309.9580616793182,
            511.63463526231294,
            818.9126937592309,
            397.04533746160524,
            313.42782263226087,
            697.5363789796199,
            488.1905365735801,
            571.6616131943792,
            208.27865949251736,
            669.2660158711184,
            536.5156102109239,
            428.9172414347551,
            361.95165423023,
            173.30320250935932,
            531.7602843387234,
            192.8237537234456,
            382.9255802372048,
            30.01666203960727,
            364.8520247990958,
            204.02450833171977,
            362.92285681670694,
            549.0036429751627,
            243.00205760445735,
            350.01285690671415,
            450.0244437805573,
            825.6209784156408,
            240.4703723954367,
            316.4364075134213,
            211.56795598577776,
            632.7242685404125,
            207.19314660480447,
            770.2116592210222,
            224.9555511651135,
            209.401528170164,
            247.002024283203,
            693.3065699962752,
            357.5611835756224,
            330.2029678849056,
            646.5361552148495,
            738.7624787440142,
            494.2226219023164,
            783.4245336980455
        ],
        [
            848.300064835551,
            592.7031297369705,
            560.3222287220095,
            701.7043536989064,
            834.550178239751,
            177.9100896520487,
            0,
            1030.2024072967408,
            195.25624189766637,
            1007.7400458451573,
            998.9479465918132,
            463.22024998913855,
            261.84346468835156,
            874.5147225747546,
            561.7632953477826,
            638.6610994886098,
            521.1036365254037,
            595.1571221114639,
            1029.9679606667385,
            350.727814693959,
            643.4757182675971,
            508.8968461289576,
            865.2381175144794,
            1046.8834701149885,
            255.32724100651697,
            633.9227082223825,
            1005.645066611476,
            887.8992059913107,
            170.88300090997936,
            548.6574523325096,
            438.59092557872196,
            528.7664891045952,
            990.0797947640383,
            565.9796816141018,
            470.77064479425644,
            846.8323328735152,
            639.4325609475951,
            748.8584645979506,
            135.4400236266961,
            830.9566775710995,
            671.1519947076072,
            606.803098212262,
            539.5155234096605,
            29.154759474226502,
            708.7150344108695,
            331.2174512310606,
            459.6389887727106,
            177.04519197086375,
            499.1242330322181,
            217.0023041352326,
            426.0575078554537,
            533.2851019857952,
            389.7204126037023,
            526.5026115794678,
            627.5746967493192,
            994.505907473656,
            162.63455967290594,
            460.67776156441494,
            250.04999500099976,
            753.1321265222989,
            343.40209667385545,
            911.9484634561319,
            326.49808575242827,
            365.0986168146902,
            281.89714436297504,
            841.7660007389228,
            431.3722290551398,
            291.75674799394096,
            633.1390052745131,
            894.0391490309584,
            652.7633568147036,
            943.0811205829539
        ],
        [
            188.09572031282372,
            493.8360051677075,
            606.8492399270184,
            439.13779158710537,
            200.26232796010336,
            868.9585720849989,
            1030.2024072967408,
            0,
            953.3110720011596,
            119.5031380341119,
            193.0025906561878,
            658.2036159122799,
            777.5815069817439,
            564.0434380435606,
            563.4687214034157,
            391.56736329781114,
            774.3720036261641,
            697.734190075275,
            92.17917335276988,
            792.0738601923434,
            710.7925154361151,
            820.8660061179291,
            395.9217094325594,
            58.0,
            980.800183523637,
            430.0290687848904,
            125.17587627015038,
            222.17110523198107,
            887.8569704631485,
            575.8680404398216,
            608.3855685336398,
            818.049509504162,
            154.3534904043313,
            680.4131098090336,
            559.4747536752664,
            843.9206123800981,
            790.7319394080398,
            396.850097643934,
            1073.1006476561274,
            199.7298175035465,
            403.7672596930068,
            520.0894153893155,
            554.1552129142159,
            1035.1912866712123,
            415.07589667433115,
            700.8851546437547,
            1027.3874634236101,
            886.0361166453656,
            548.3812542383264,
            1030.7031580430905,
            1046.4893692723304,
            918.0021786466522,
            641.5364370010484,
            622.2105752878201,
            487.89035653515435,
            114.75626344561763,
            977.9289340233266,
            826.5815144315775,
            833.0306116824278,
            405.84849389889325,
            862.5172462043874,
            218.04815981796315,
            933.4538017491814,
            808.6099183166132,
            1033.6638718655113,
            848.6772060094463,
            1023.2541228844376,
            934.1589800456878,
            938.0287842065402,
            148.1249472573746,
            377.47715162642623,
            88.3911760301898
        ],
        [
            784.7916921068927,
            474.7125445993607,
            596.5534343208494,
            571.6677356646953,
            753.0663981349852,
            251.31056483960236,
            195.25624189766637,
            953.3110720011596,
            0,
            910.2554586488345,
            958.4529200748465,
            319.71549852955206,
            282.97879779234347,
            912.1847400609156,
            579.9767236708728,
            573.6314147603842,
            336.0267846467005,
            418.66096068298515,
            969.9427818175669,
            433.549305154558,
            718.2450835195464,
            613.8574753149138,
            865.8129128166199,
            979.7397613652311,
            414.65286686576763,
            529.5025967830563,
            907.2359119876152,
            847.9681597795993,
            100.17983829094554,
            411.2055447096987,
            345.65445172889065,
            337.9778099224859,
            941.9516972753964,
            629.1486310880761,
            417.432629294836,
            943.3981132056604,
            734.7305628596105,
            740.5295402615617,
            328.5254936835192,
            761.0216816885048,
            562.574439518896,
            616.8346618016858,
            546.2984532286358,
            222.99103120977756,
            699.6013150359281,
            277.0018050482704,
            619.4780060663978,
            273.0750812505601,
            404.96913462633177,
            394.08755372378863,
            592.2921576384412,
            338.07987221956887,
            332.0195777360124,
            562.9209535982827,
            628.9077833832239,
            938.6144043216042,
            36.40054944640259,
            566.9118097199952,
            121.03718436910206,
            622.8266211394629,
            458.31212072123947,
            803.1344843797954,
            467.83116612726855,
            458.40157067793734,
            455.2812317677943,
            939.608961217378,
            592.2305294393392,
            96.62815324738438,
            438.0182644593716,
            808.4683048827578,
            584.7777355542873,
            864.9375700014423
        ],
        [
            221.48814866714653,
            437.41170537606786,
            643.8144142530516,
            361.4484748895754,
            184.43969204051496,
            857.2420894939772,
            1007.7400458451573,
            119.5031380341119,
            910.2554586488345,
            0,
            303.25072135116187,
            600.7337180481882,
            766.5363657387692,
            652.6775620472946,
            595.1016719855525,
            381.58092195496357,
            697.4130770210722,
            614.2051774448014,
            209.44211610848473,
            805.70590167877,
            767.1746867565431,
            859.7697366155661,
            482.4987046614737,
            177.49647883831386,
            988.4634540538158,
            380.938315216519,
            5.8309518948453,
            301.80954259267554,
            854.8362416275997,
            512.6216928691176,
            572.7285569971172,
            738.8761736583472,
            262.5147614897113,
            723.8653189647919,
            543.842808171626,
            923.0195014191195,
            846.8211145218334,
            455.80368581221455,
            1064.9262885289293,
            213.17832910500076,
            347.95545691941663,
            557.0008976653448,
            577.4365766038726,
            1015.9970472398038,
            464.49219584402056,
            676.7015590347047,
            1058.1077449863033,
            877.5220794942996,
            511.43425774971314,
            1033.3953744816163,
            1072.7949477882528,
            837.4276088116512,
            619.0589632660204,
            653.3949800847876,
            525.1761609212665,
            223.23530186778254,
            937.8752582300059,
            858.9412086982437,
            792.7073861141954,
            320.03124847427006,
            879.3321329281672,
            119.20570456148481,
            949.6720486567982,
            825.954599236544,
            1043.820865857739,
            927.091149779783,
            1050.8824862942572,
            880.0102272132978,
            848.0996403725212,
            124.90796611905904,
            365.7540156990761,
            117.03845521878696
        ],
        [
            196.2906008957128,
            547.7809781290329,
            500.27592386602015,
            531.4621341168156,
            269.2675249635574,
            825.7899248598277,
            998.9479465918132,
            193.0025906561878,
            958.4529200748465,
            303.25072135116187,
            0,
            700.7153487686708,
            737.4232163418778,
            384.03775856027494,
            468.84645674250334,
            388.56788338718883,
            844.4891947206903,
            782.6832053902779,
            104.58011283222064,
            711.9838481314024,
            569.2416007285483,
            701.0285300898959,
            225.44178849538966,
            145.58159224297555,
            903.2103852370166,
            480.4008742706449,
            308.2352997305792,
            111.40017953306896,
            878.6011609370886,
            633.4303434474859,
            618.8642823753848,
            890.5644277647745,
            41.048751503547585,
            559.4032534764166,
            542.0719509437838,
            670.0985002221688,
            647.0680026086903,
            274.8817927764587,
            1017.7647075822584,
            230.22163234587666,
            467.86536524944864,
            420.8004277564366,
            474.0232061829885,
            998.4993740608954,
            307.405269961333,
            686.2725406134214,
            913.961158912128,
            837.0722788385721,
            566.1731184010771,
            959.4316025647687,
            939.0899850387076,
            990.059594165927,
            628.1791145843675,
            523.8091255409742,
            391.42943169874184,
            80.05623023850174,
            977.2538053136452,
            716.3078946933365,
            838.0751756256715,
            513.8608761133698,
            774.6392708867786,
            368.40874039577295,
            844.1243984153047,
            722.0110802473879,
            950.8001893142427,
            675.5538468545642,
            914.4337045406846,
            958.7559647793593,
            1027.4570550636167,
            256.9065978132909,
            380.06446821559103,
            204.628932460686
        ],
        [
            510.01568603328275,
            164.7118696390761,
            497.96586228375133,
            252.25780463644725,
            460.8958667638494,
            376.9681684174408,
            463.22024998913855,
            658.2036159122799,
            319.71549852955206,
            600.7337180481882,
            700.7153487686708,
            0,
            317.2270480271189,
            767.4327332085855,
            456.09757727924847,
            318.7804887379402,
            171.59254063041317,
            176.16185739256954,
            690.1949000101348,
            462.278054854435,
            659.0068284926948,
            625.46382789095,
            669.1561850569716,
            692.6846324266188,
            565.6368092689867,
            228.69411885748178,
            597.197622232373,
            597.3809504830231,
            292.67387994148027,
            91.60785992479029,
            127.0157470552372,
            215.41819793137253,
            676.1663996384323,
            567.3182528352141,
            230.62523712724936,
            894.4372532492148,
            708.1306376651132,
            544.4354874546663,
            564.256147507495,
            480.5039021693789,
            255.22539058643832,
            470.79188608131295,
            412.9503602129438,
            481.35330060154354,
            508.0629882209489,
            204.215572373901,
            730.9589591762318,
            406.45294930655876,
            147.16657229140046,
            580.7555423756195,
            721.2239596685623,
            305.01147519396704,
            195.92090240706835,
            473.44059817468127,
            466.2756695346648,
            664.3982239590953,
            351.80818637433663,
            591.0913634963719,
            215.60148422494683,
            303.2111475523286,
            526.7409230352242,
            488.8445560707412,
            575.2564645442935,
            493.5605332682102,
            622.0972592770363,
            893.2888670525341,
            709.8908366784291,
            279.30807363912703,
            371.22769293251815,
            510.2205405508484,
            323.878063474512,
            571.3606566784241
        ],
        [
            592.4905062530539,
            388.85601448351036,
            317.1198511604091,
            502.5385557347814,
            587.0195908144805,
            91.40021881811882,
            261.84346468835156,
            777.5815069817439,
            282.97879779234347,
            766.5363657387692,
            737.4232163418778,
            317.2270480271189,
            0,
            634.7802769462832,
            308.1038785864274,
            387.8272811445837,
            451.89047345568144,
            489.33628518637363,
            771.5957490810846,
            164.40194646049665,
            436.0103209787585,
            345.90461112855957,
            607.773806609005,
            790.4713783559781,
            253.04940229133126,
            411.94659848091965,
            765.0908442792921,
            626.5532698821387,
            182.92348127017482,
            376.1449188810078,
            230.8679276123039,
            481.3855004048211,
            729.4518489934753,
            346.22680427719627,
            222.74873737015886,
            664.5878421999608,
            457.90828776076984,
            488.6276701129399,
            298.3990616607231,
            577.8797452757797,
            450.53412745318195,
            350.36552341804406,
            281.1138559374119,
            261.357992033915,
            448.13502429513363,
            116.40017182117903,
            415.46359647988413,
            111.39569111954016,
            281.3485382936972,
            280.07141946296485,
            404.1150826188006,
            534.0383881332876,
            157.42934923323543,
            283.0070670495703,
            368.63532115086315,
            735.3257781419063,
            283.52072234670965,
            302.60535355475787,
            202.95073293782409,
            550.8556979826932,
            215.39034333042883,
            681.237109969796,
            258.3118270617898,
            194.1468516355596,
            310.93407661432025,
            661.2533553790105,
            393.4513947109604,
            342.0526275297414,
            626.9776710537625,
            647.5955527951069,
            402.9516099980245,
            692.0260110718383
        ],
        [
            450.2810233620777,
            671.0625902253828,
            317.80025173054844,
            719.2002502780432,
            527.0540769219036,
            700.2428150291869,
            874.5147225747546,
            564.0434380435606,
            912.1847400609156,
            652.6775620472946,
            384.03775856027494,
            767.4327332085855,
            634.7802769462832,
            0,
            333.31366608646573,
            484.19004533344133,
            938.0239869001218,
            911.7653206829045,
            485.685083155742,
            527.4182401093084,
            264.0776400985134,
            425.32810864084684,
            170.17931719218998,
            526.2860438962828,
            693.4666538486188,
            619.1041915542165,
            656.2697616072219,
            350.8974209081623,
            814.3690809454887,
            741.1430361273052,
            646.2089445372912,
            982.7237658670924,
            414.83731751133473,
            314.1862504948299,
            541.166333025254,
            287.5430402565849,
            322.00931663540416,
            244.0184419260151,
            841.9596189841886,
            476.60151069840305,
            631.5829320049744,
            302.90922732726386,
            370.8382396679177,
            863.0052143527291,
            269.51994360343724,
            647.707495710834,
            627.3021600472933,
            697.4847668587464,
            622.286911319851,
            756.6359758827225,
            662.7888049748577,
            1070.404129289494,
            607.2972912832726,
            352.01278385876844,
            301.8377047355085,
            451.80748112442757,
            917.1095899618539,
            460.72117381340314,
            808.5944595407516,
            728.9444423273972,
            560.6005708166912,
            670.5892930848211,
            616.5362925246169,
            520.5045629002689,
            724.6254204759863,
            293.4655005277452,
            637.3146789459663,
            950.82385329776,
            1137.7156938356788,
            556.6345300104907,
            489.39554554572726,
            536.2704541553637
        ],
        [
            379.9223604896137,
            401.67773152117854,
            54.08326913195984,
            485.8075750747409,
            414.92167935647814,
            383.8880045013129,
            561.7632953477826,
            563.4687214034157,
            579.9767236708728,
            595.1016719855525,
            468.84645674250334,
            456.09757727924847,
            308.1038785864274,
            333.31366608646573,
            0,
            255.15877409957906,
            627.2710737791119,
            618.2054674620729,
            528.9839317030339,
            243.87701818744625,
            216.66794871415567,
            265.6501458685841,
            304.2449670906653,
            557.8503383525011,
            434.61477195327814,
            372.06988590854803,
            595.8691131448248,
            366.072397211262,
            483.335287352372,
            451.83736011976697,
            329.587621126765,
            669.5819591356983,
            472.055081531806,
            140.089257261219,
            225.8162970203878,
            444.04166471177,
            284.08449447303525,
            196.88829320200833,
            557.2880763124222,
            382.1112403476244,
            399.9062390110962,
            48.373546489791295,
            43.278170016764804,
            555.0819759278804,
            161.47135968957468,
            315.0063491423625,
            464.7859722495936,
            387.72283915188694,
            321.88973267254113,
            491.9268238264712,
            483.0207034900264,
            750.6776938207236,
            278.56776554368236,
            58.83026432033092,
            77.89736837660178,
            489.3260671576776,
            586.63787808153,
            264.41255643406953,
            475.2988533543921,
            515.0941661482879,
            306.1388573833776,
            551.220464061341,
            376.19808611953357,
            253.21334877924585,
            482.0373429517676,
            443.8468204234429,
            459.84780090808306,
            617.7442836643655,
            825.9812346536693,
            470.93523970924065,
            269.0018587296378,
            491.6787569134953
        ],
        [
            212.31344752511558,
            189.40168953839878,
            309.23292192132453,
            241.50569351466646,
            199.48433522459854,
            479.1534201067545,
            638.6610994886098,
            391.56736329781114,
            573.6314147603842,
            381.58092195496357,
            388.56788338718883,
            318.7804887379402,
            387.8272811445837,
            484.19004533344133,
            255.15877409957906,
            0,
            477.0796579188846,
