{
    "depot": [
        139,
        370
    ],
    "final_destination": [
        976,
        693
    ],
    "requests": [
        [
            [
                930,
                426
            ],
            [
                668,
                498
            ]
        ],
        [
            [
                291,
                425
            ],
            [
                176,
                381
            ]
        ],
        [
            [
                286,
                716
            ],
            [
                230,
                207
            ]
        ],
        [
            [
                973,
                423
            ],
            [
                524,
                240
            ]
        ],
        [
            [
                698,
                12
            ],
            [
                628,
                250
            ]
        ],
        [
            [
                945,
                581
            ],
            [
                918,
                1000
            ]
        ],
        [
            [
                457,
                132
            ],
            [
                13,
                366
            ]
        ],
        [
            [
                185,
                474
            ],
            [
                969,
                364
            ]
        ],
        [
            [
                999,
                197
            ],
            [
                166,
                246
            ]
        ],
        [
            [
                107,
                401
            ],
            [
                144,
                68
            ]
        ]
    ],
    "travel_costs": [
        [
            0,
            792.9798231985476,
            161.6446720433433,
            375.93217473368776,
            835.6823559223923,
            663.8109670681857,
            833.1608488161214,
            397.20020140981796,
            113.71895180663599,
            877.2280205283002,
            44.553338819890925,
            544.2655601817921,
            38.600518131237564,
            186.6815470259447,
            406.3557554655772,
            503.5086891007939,
            1001.868753879469,
            126.0634760745554,
            830.0216864636731,
            126.90547663517125,
            302.0413878924542,
            897.1610780679242
        ],
        [
            792.9798231985476,
            0,
            639.0007824721343,
            706.2832293067703,
            43.10452412450461,
            474.5734927279441,
            155.72411502397438,
            556.9245909456683,
            746.5447073015788,
            239.1693960355296,
            823.3796208311206,
            271.7130839691015,
            755.3416445556275,
            733.45824693707,
            446.57810067221163,
            349.54255821001254,
            574.1254218374239,
            918.9608261509301,
            73.24616030891994,
            784.9178300943354,
            863.6897591149266,
            270.93357119412127
        ],
        [
            161.6446720433433,
            639.0007824721343,
            0,
            291.0429521565502,
            682.0029325450148,
            579.8430822213886,
            672.3481241142865,
            336.7565886512096,
            116.77756633874506,
            743.8064264309633,
            185.55861607589122,
            384.0026041578364,
            123.13001258832064,
            226.3735850314696,
            297.51302492496023,
            379.7288506289718,
            850.7373272638271,
            284.19183661745103,
            680.7385694963963,
            218.32544515012447,
            386.080302527855,
            735.5603306323691
        ],
        [
            375.93217473368776,
            706.2832293067703,
            291.0429521565502,
            0,
            746.8721443460053,
            815.6960218120473,
            672.6856621037794,
            608.5203365541697,
            262.2308143601739,
            881.890015818299,
            362.30650007969774,
            439.8272388108767,
            352.59750424527965,
            512.0712841001729,
            532.18417864495,
            578.0311410296162,
            692.8780556490442,
            443.8794881496553,
            768.3703534103851,
            485.0773134253962,
            663.3762130194299,
            690.3832269109671
        ],
        [
            835.6823559223923,
            43.10452412450461,
            682.0029325450148,
            746.8721443460053,
            0,
            494.51592492052265,
            160.46183346827368,
            592.3993585411787,
            789.6486560490051,
            227.49065914889778,
            866.2794006554699,
            314.0859754907882,
            798.1058826997831,
            773.760298800604,
            484.86080476771883,
            385.94559202042973,
            579.6153897197693,
            961.6906987176283,
            59.135437767890075,
            826.1827884917477,
            901.8126191177412,
            270.0166661522951
        ],
        [
            663.8109670681857,
            474.5734927279441,
            579.8430822213886,
            815.6960218120473,
            494.51592492052265,
            0,
            620.2983153290036,
            269.22295593058186,
            690.3716390466803,
            353.30723174030845,
            707.5323314167347,
            486.9250455665636,
            639.2534708548715,
            506.99999999999994,
            286.81004166521086,
            248.08063205337092,
            1012.197609165325,
            771.0648481159027,
            444.2352980122133,
            581.188437600061,
            556.8231317034162,
            735.5576116117622
        ],
        [
            833.1608488161214,
            155.72411502397438,
            672.3481241142865,
            672.6856621037794,
            160.46183346827368,
            620.2983153290036,
            0,
            663.1327167317263,
            767.4952768584311,
            387.77828716935664,
            857.1137614109343,
            289.16777137156896,
            794.582280195072,
            806.9082971441055,
            541.7767067713414,
            458.31212072123947,
            419.869027197768,
            956.477391264425,
            218.3231549790356,
            847.9775940436161,
            951.1939865243053,
            116.21101496846158
        ],
        [
            397.20020140981796,
            556.9245909456683,
            336.7565886512096,
            608.5203365541697,
            592.3993585411787,
            269.22295593058186,
            663.1327167317263,
            0,
            436.97597187946155,
            545.8836872448195,
            441.4306287515628,
            422.46538319725084,
            375.4490644548206,
            239.06902768865731,
            127.09445306542689,
            207.76188293332345,
            982.8250098567903,
            501.8884338177161,
            562.1103094589175,
            312.53319823660337,
            319.4761336938958,
            764.2525760506144
        ],
        [
            113.71895180663599,
            746.5447073015788,
            116.77756633874506,
            262.2308143601739,
            789.6486560490051,
            690.3716390466803,
            767.4952768584311,
            436.97597187946155,
            0,
            859.8401014142106,
            106.83164325236227,
            483.59590568986414,
            93.43446901438463,
            270.76558126911186,
            411.91868129522845,
            496.4121271685453,
            902.2000886721305,
            203.09603639657766,
            791.6792279705209,
            228.7902969970536,
            408.06494581132546,
            820.7569676828824
        ],
        [
            877.2280205283002,
            239.1693960355296,
            743.8064264309633,
            881.890015818299,
            227.49065914889778,
            353.30723174030845,
            387.77828716935664,
            545.8836872448195,
            859.8401014142106,
            0,
            915.0300541512285,
            447.39468034387716,
            843.3178522953252,
            769.0650167573609,
            476.94234452394767,
            374.7665940288702,
            807.0749655391376,
            1000.3784283959744,
            169.67321532876073,
            834.4399319303936,
            864.6768182390459,
            496.53297977072975
        ],
        [
            44.553338819890925,
            823.3796208311206,
            185.55861607589122,
            362.30650007969774,
            866.2794006554699,
            707.5323314167347,
            857.1137614109343,
            441.4306287515628,
            106.83164325236227,
            915.0300541512285,
            0,
            569.3241607379754,
            71.84010022264724,
            229.7063342618135,
            447.0011185668331,
            542.440780177892,
            1008.2271569443069,
            100.3045362882457,
            862.7937181041596,
            165.8493292117879,
            335.0492501110844,
            916.7469661798723
        ],
        [
            544.2655601817921,
            271.7130839691015,
            384.0026041578364,
            439.8272388108767,
            314.0859754907882,
            486.9250455665636,
            289.16777137156896,
            422.46538319725084,
            483.59590568986414,
            447.39468034387716,
            569.3241607379754,
            0,
            505.72027841485647,
            525.8564442887431,
            295.4657340538831,
            251.2050954897213,
            560.8065620158167,
            668.1683919492151,
            329.4798931649699,
            561.7009880710555,
            677.8465903137671,
            364.5394354524624
        ],
        [
            38.600518131237564,
            755.3416445556275,
            123.13001258832064,
            352.59750424527965,
            798.1058826997831,
            639.2534708548715,
            794.582280195072,
            375.4490644548206,
            93.43446901438463,
            843.3178522953252,
            71.84010022264724,
            505.72027841485647,
            0,
            182.18671740826773,
            375.479693192588,
            470.6006799825091,
            966.2944685757029,
            163.68872899500442,
            793.1821984890987,
            135.36986370680884,
            314.63153052419904,
            858.6873703508163
        ],
        [
            186.6815470259447,
            733.45824693707,
            226.3735850314696,
            512.0712841001729,
            773.760298800604,
            506.99999999999994,
            806.9082971441055,
            239.06902768865731,
            270.76558126911186,
            769.0650167573609,
            229.7063342618135,
            525.8564442887431,
            182.18671740826773,
            0,
            295.84624384974035,
            400.3161250811663,
            1049.8537993454136,
            269.0167281044061,
            755.4932163825166,
            74.94664769020693,
            163.45335726133004,
            890.3437538389315
        ],
        [
            406.3557554655772,
            446.57810067221163,
            297.51302492496023,
            532.18417864495,
            484.86080476771883,
            286.81004166521086,
            541.7767067713414,
            127.09445306542689,
            411.91868129522845,
            476.94234452394767,
            447.0011185668331,
            295.4657340538831,
            375.479693192588,
            295.84624384974035,
            0,
            104.4796630928718,
            856.0584092221745,
            526.305044627163,
            461.95346085942464,
            358.05027579936313,
            417.1138933193188,
            639.9320276404362
        ],
        [
            503.5086891007939,
            349.54255821001254,
            379.7288506289718,
            578.0311410296162,
            385.94559202042973,
            248.08063205337092,
            458.31212072123947,
            207.76188293332345,
            496.4121271685453,
            374.7665940288702,
            542.440780177892,
            251.2050954897213,
            470.6006799825091,
            400.3161250811663,
            104.4796630928718,
            0,
            804.1144197189851,
            625.8442298208078,
            359.55110902345996,
            462.01731569282117,
            517.0880002475401,
            563.3409269705157
        ],
        [
            1001.868753879469,
            574.1254218374239,
            850.7373272638271,
            692.8780556490442,
            579.6153897197693,
            1012.197609165325,
            419.869027197768,
            982.8250098567903,
            902.2000886721305,
            807.0749655391376,
            1008.2271569443069,
            560.8065620158167,
            966.2944685757029,
            1049.8537993454136,
            856.0584092221745,
            804.1144197189851,
            0,
            1104.980090318373,
            638.0415346981731,
            1064.9037515193568,
            1211.486689980538,
            312.43079233647893
        ],
        [
            126.0634760745554,
            918.9608261509301,
            284.19183661745103,
            443.8794881496553,
            961.6906987176283,
            771.0648481159027,
            956.477391264425,
            501.8884338177161,
            203.09603639657766,
            1000.3784283959744,
            100.3045362882457,
            668.1683919492151,
            163.68872899500442,
            269.0167281044061,
            526.305044627163,
            625.8442298208078,
            1104.980090318373,
            0,
            956.0020920479202,
            194.44536507718564,
            325.5226566615602,
            1017.0044247691354
        ],
        [
            830.0216864636731,
            73.24616030891994,
            680.7385694963963,
            768.3703534103851,
            59.135437767890075,
            444.2352980122133,
            218.3231549790356,
            562.1103094589175,
            791.6792279705209,
            169.67321532876073,
            862.7937181041596,
            329.4798931649699,
            793.1821984890987,
            755.4932163825166,
            461.95346085942464,
            359.55110902345996,
            638.0415346981731,
            956.0020920479202,
            0,
            811.6236812710679,
            876.4935824066254,
            329.07445965920846
        ],
        [
            126.90547663517125,
            784.9178300943354,
            218.32544515012447,
            485.0773134253962,
            826.1827884917477,
            581.188437600061,
            847.9775940436161,
            312.53319823660337,
            228.7902969970536,
            834.4399319303936,
            165.8493292117879,
            561.7009880710555,
            135.36986370680884,
            74.94664769020693,
            358.05027579936313,
            462.01731569282117,
            1064.9037515193568,
            194.44536507718564,
            811.6236812710679,
            0,
            179.3543977715629,
            925.1535007770333
        ],
        [
            302.0413878924542,
            863.6897591149266,
            386.080302527855,
            663.3762130194299,
            901.8126191177412,
            556.8231317034162,
            951.1939865243053,
            319.4761336938958,
            408.06494581132546,
            864.6768182390459,
            335.0492501110844,
            677.8465903137671,
            314.63153052419904,
            163.45335726133004,
            417.1138933193188,
            517.0880002475401,
            1211.486689980538,
            325.5226566615602,
            876.4935824066254,
            179.3543977715629,
            0,
            1040.6003075148499
        ],
        [
            897.1610780679242,
            270.93357119412127,
            735.5603306323691,
            690.3832269109671,
            270.0166661522951,
            735.5576116117622,
            116.21101496846158,
            764.2525760506144,
            820.7569676828824,
            496.53297977072975,
            916.7469661798723,
            364.5394354524624,
            858.6873703508163,
            890.3437538389315,
            639.9320276404362,
            563.3409269705157,
            312.43079233647893,
            1017.0044247691354,
            329.07445965920846,
            925.1535007770333,
            1040.6003075148499,
            0
        ]
    ],
    "incompatibilities": [
        [
            0,
            0,
            1,
            0,
            0,
            1,
            0,
            0,
            1,
            1
        ],
        [
            0,
            0,
            1,
            0,
            0,
            0,
            1,
            1,
            0,
            0
        ],
        [
            1,
            1,
            0,
            0,
            1,
            0,
            0,
            1,
            1,
            1
        ],
        [
            0,
            0,
            0,
            0,
            0,
            0,
            1,
            0,
            0,
            1
        ],
        [
            0,
            0,
            1,
            0,
            0,
            0,
            1,
            1,
            1,
            1
        ],
        [
            1,
            0,
            0,
            0,
            0,
            0,
            0,
            1,
            0,
            1
        ],
        [
            0,
            1,
            0,
            1,
            1,
            0,
            0,
            0,
            1,
            0
        ],
        [
            0,
            1,
            1,
            0,
            1,
            1,
            0,
            0,
            0,
            1
        ],
        [
            1,
            0,
            1,
            0,
            1,
            0,
            1,
            0,
            0,
            1
        ],
        [
            1,
            0,
            1,
            1,
            1,
            1,
            0,
            1,
            1,
            0
        ]
    ]
}