{
    "depot": [
        836,
        406
    ],
    "final_destination": [
        527,
        205
    ],
    "requests": [
        [
            [
                233,
                920
            ],
            [
                2,
                617
            ]
        ],
        [
            [
                21,
                35
            ],
            [
                932,
                935
            ]
        ],
        [
            [
                900,
                875
            ],
            [
                288,
                536
            ]
        ],
        [
            [
                289,
                942
            ],
            [
                219,
                775
            ]
        ],
        [
            [
                661,
                61
            ],
            [
                76,
                463
            ]
        ],
        [
            [
                445,
                314
            ],
            [
                59,
                89
            ]
        ],
        [
            [
                476,
                38
            ],
            [
                320,
                166
            ]
        ],
        [
            [
                143,
                923
            ],
            [
                869,
                429
            ]
        ],
        [
            [
                748,
                976
            ],
            [
                852,
                707
            ]
        ],
        [
            [
                321,
                877
            ],
            [
                896,
                752
            ]
        ],
        [
            [
                921,
                708
            ],
            [
                617,
                305
            ]
        ],
        [
            [
                142,
                772
            ],
            [
                302,
                561
            ]
        ],
        [
            [
                237,
                588
            ],
            [
                599,
                476
            ]
        ],
        [
            [
                5,
                135
            ],
            [
                678,
                111
            ]
        ],
        [
            [
                26,
                540
            ],
            [
                792,
                524
            ]
        ],
        [
            [
                853,
                304
            ],
            [
                966,
                723
            ]
        ],
        [
            [
                542,
                7
            ],
            [
                865,
                349
            ]
        ],
        [
            [
                869,
                295
            ],
            [
                79,
                592
            ]
        ],
        [
            [
                83,
                868
            ],
            [
                252,
                167
            ]
        ],
        [
            [
                798,
                865
            ],
            [
                782,
                7
            ]
        ]
    ],
    "travel_costs": [
        [
            0,
            792.3414667932002,
            895.4697091471046,
            473.3465960583217,
            765.8361443546523,
            386.84622267769396,
            401.6777315211785,
            514.8048173822774,
            864.6027989776577,
            576.752980052986,
            697.9011391307511,
            313.73396373360663,
            784.5967116933386,
            626.039136156838,
            874.0720794076425,
            821.0091351501517,
            103.40696301506972,
            495.6177962906497,
            115.80155439371269,
            883.4325101556994,
            460.570298651574,
            860.277280880996,
            537.6402142697289,
            563.208664706075,
            718.9228053136164,
            762.1345025649999,
            839.1769777585655,
            569.0834736662101,
            40.22437072223754,
            301.4249491996308,
            351.1637794534054,
            241.1679912426191,
            556.0404661533187,
            247.12142764236373,
            334.64757581670904,
            125.93649193144932,
            342.620781623065,
            63.953107821277925,
            779.5158753995969,
            631.0126781610652,
            402.63755413522966,
            368.6217573611195
        ],
        [
            792.3414667932002,
            0,
            910.0379112982051,
            668.5162675657191,
            60.16643582596529,
            959.7213137156015,
            642.0124609382593,
            914.8622847183066,
            90.0499861188218,
            518.0357130546117,
            97.9438614717635,
            719.9222180208081,
            173.73830895919298,
            332.0240955111542,
            817.4405177136744,
            432.722774995724,
            873.9885582775096,
            963.8723981938689,
            891.6955758553476,
            158.7576769797291,
            567.6706791793989,
            381.0118108405565,
            699.1609256816345,
            387.91880593753126,
            145.67429423202984,
            483.2163076718335,
            849.0212011487109,
            759.0026350415392,
            803.4780644174426,
            654.6220283491841,
            683.9539458179916,
            725.0386196610496,
            365.5707865790154,
            575.4059436606474,
            923.3125148074188,
            685.052552728621,
            759.0111988633632,
            851.7423319290875,
            362.3534186398688,
            753.2396696935178,
            1065.3497078424532,
            773.0853769151245
        ],
        [
            895.4697091471046,
            910.0379112982051,
            0,
            1215.8293465778822,
            945.765827253237,
            640.5279072764903,
            507.5598486878173,
            455.00989000240423,
            896.3414527957523,
            1189.12152448772,
            893.8478617751456,
            1123.8011389921262,
            746.86678865779,
            593.6876283029654,
            101.27191120937731,
            505.0247518686584,
            874.4055123339513,
            521.7518567288477,
            886.9633588824288,
            835.3041362282363,
            1136.938432809798,
            582.3100548676796,
            1280.5940027971396,
            567.7059097807596,
            766.0313309519396,
            431.5194086017452,
            66.03029607687671,
            326.43835558953543,
            935.0614953039185,
            1068.7118414240574,
            1131.2444475001855,
            654.3057389324963,
            596.3530833323493,
            727.0247588631353,
            661.3811306652163,
            912.9961664760701,
            1168.917875643965,
            900.5176289223883,
            560.0116070225688,
            266.05450569385215,
            761.5149374766066,
            533.7939677441101
        ],
        [
            473.3465960583217,
            668.5162675657191,
            1215.8293465778822,
            0,
            614.6625090242612,
            848.3613616849838,
            722.3198737401596,
            938.2670195631945,
            758.5202699994246,
            182.4965753103329,
            579.0034542211299,
            168.31518053936784,
            764.9660123168873,
            722.4527666221509,
            1161.3031473306185,
            936.0026709363602,
            572.9310604252487,
            938.9291773078522,
            580.8278574586449,
            817.0299872097719,
            102.48902380255164,
            934.327565685611,
            68.0,
            699.6177527764715,
            688.3029856102615,
            921.2600067299134,
            1151.1198894989175,
            916.013646186562,
            447.0760561694173,
            174.72263734273244,
            123.06502346320825,
            636.3874605929944,
            675.4257916307313,
            499.80196078046754,
            795.6004022120652,
            367.239703735857,
            165.71059109181886,
            527.1631625976914,
            868.4065868013669,
            959.7749736266309,
            875.9840181190522,
            766.830489743333
        ],
        [
            765.8361443546523,
            60.16643582596529,
            945.765827253237,
            614.6625090242612,
            0,
            956.3184616015734,
            647.0857748397813,
            923.1386678067385,
            147.23111084278352,
            460.25753660315,
            72.44998274671983,
            673.9287796199241,
            224.7420743875076,
            357.79882615794037,
            855.514465102724,
            480.3883845390103,
            851.5515251586365,
            968.6247983610579,
            868.9125387517435,
            218.88809926535524,
            514.7912198163446,
            433.5827487343102,
            643.038101514988,
            406.0012315252258,
            181.07733154649702,
            524.2232348913963,
            883.4642041418543,
            776.6189541853844,
            774.3184099580741,
            610.0770443148963,
            636.0416653018889,
            716.4865665174749,
            381.22172026263144,
            559.6927728674009,
            917.541279725332,
            654.0129968127545,
            711.5405821174221,
            826.6952280012265,
            408.166632639171,
            775.882723096732,
            1057.0118258562675,
            774.4759518538972
        ],
        [
            386.84622267769396,
            959.7213137156015,
            640.5279072764903,
            848.3613616849838,
            956.3184616015734,
            0,
            332.6634936388422,
            186.4242473499625,
            1005.6679372437007,
            919.12675948424,
            883.9999999999999,
            697.2868850050172,
            880.2738210352504,
            676.3911590196903,
            660.1605865242184,
            795.4030424885236,
            309.6982402274833,
            130.6789960169575,
            313.0814590485997,
            992.639410863784,
            815.5887444049237,
            862.2163301631441,
            915.0502718430283,
            603.9486733158705,
            839.7380543955358,
            709.8091292734971,
            602.6508110008648,
            356.79966367697153,
            422.715034035933,
            673.6445650341135,
            729.8671111921676,
            247.9354754769878,
            615.5331022780173,
            419.6057673578856,
            52.810983706043565,
            481.17564360636544,
            728.8820206315971,
            352.9305880764658,
            787.8356427580566,
            422.5127217019625,
            132.50283015845358,
            196.70282153543198
        ],
        [
            401.6777315211785,
            642.0124609382593,
            507.5598486878173,
            722.3198737401596,
            647.0857748397813,
            332.6634936388422,
            0,
            277.73548566936853,
            679.7683428933713,
            728.04738856753,
            576.4937120212153,
            617.9093784690438,
            549.1566261095281,
            344.0058139043583,
            475.016841806688,
            476.06407131813677,
            408.12253062040077,
            321.9596247978929,
            424.425494050487,
            661.7854637267277,
            654.3775668526542,
            536.7103501890009,
            789.1831219685328,
            271.9062338380641,
            513.4169845262231,
            397.94723268292745,
            446.7896596833906,
            193.72403051764124,
            439.31879085693566,
            565.7720388990605,
            628.6851358191952,
            172.23530416264836,
            285.40847920130193,
            223.51733713517615,
            309.0275068662982,
            405.59709071934924,
            662.3609287993971,
            421.45581025773026,
            459.60852907664804,
            242.60667756679743,
            455.87059567381624,
            136.40014662748717
        ],
        [
            514.8048173822774,
            914.8622847183066,
            455.00989000240423,
            938.2670195631945,
            923.1386678067385,
            186.4242473499625,
            277.73548566936853,
            0,
            945.5760149242365,
            976.6411828302142,
            853.1975152331376,
            804.3164800002546,
            806.4192458020827,
            599.6840834973027,
            480.88460154178364,
            674.1691182485297,
            461.3946250228756,
            72.91776189653656,
            469.57214568157684,
            918.3403508503807,
            887.4756334683224,
            748.27601859207,
            1006.2529503062339,
            532.3044241784958,
            780.5241828412494,
            583.6308764964376,
            420.1071291944472,
            201.791972090071,
            554.3735202911481,
            767.422308771383,
            828.3694827792727,
            301.94370336206714,
            551.185086880986,
            454.942853554158,
            214.78593994952274,
            579.6999223736364,
            842.2143432642312,
            498.03815114908616,
            681.5607089614249,
            258.48984506165806,
            307.5662530252629,
            174.61385970191483
        ],
        [
            864.6027989776577,
            90.0499861188218,
            896.3414527957523,
            758.5202699994246,
            147.23111084278352,
            1005.6679372437007,
            679.7683428933713,
            945.5760149242365,
            0,
            607.3170506415903,
            183.84776310850236,
            807.1610743835458,
            151.00331122197287,
            347.9382129056824,
            799.9924999648434,
            400.4722212588533,
            941.9453275004871,
            999.1281199125566,
            959.9270805639354,
            81.39410298049853,
            657.5629247456094,
            336.9228398313181,
            789.0912494762566,
            413.27230732290786,
            166.37307474468335,
            464.853740438861,
            838.2195416476521,
            777.4175197408404,
            878.1298309475654,
            741.1727194116091,
            772.1722605740251,
            778.8452991448302,
            395.3795644693843,
            638.5491367154136,
            972.4037227407142,
            761.8411908002874,
            846.9527731815983,
            922.366521508668,
            337.13053851586926,
            763.8173865525712,
            1116.8603314649508,
            814.2358380715012
        ],
        [
            576.752980052986,
            518.0357130546117,
            1189.12152448772,
            182.4965753103329,
            460.25753660315,
            919.12675948424,
            728.04738856753,
            976.6411828302142,
            607.3170506415903,
            0,
            438.3263624287273,
            318.9874605685935,
            639.4153579638199,
            641.6112530185237,
            1122.198734627695,
            843.4334591418578,
            680.1536591094691,
            990.6548339356144,
            691.666104417442,
            673.7128468420354,
            121.74152947946726,
            827.887069593432,
            188.51259904844557,
            636.5532185135819,
            565.8992843254,
            845.430659486631,
            1123.160718686333,
            916.1244456950158,
            560.2231698171721,
            288.40423020475964,
            268.4771871127973,
            683.6680481052189,
            609.213427297856,
            521.7288567829079,
            867.8277478854891,
            454.1365433435191,
            333.96556708738706,
            637.8228594210151,
            771.3734504116668,
            948.9452038974642,
            969.5963077487454,
            802.0486269547501
        ],
        [
            697.9011391307511,
            97.9438614717635,
            893.8478617751456,
            579.0034542211299,
            72.44998274671983,
            883.9999999999999,
            576.4937120212153,
            853.1975152331376,
            183.84776310850236,
            438.3263624287273,
            0,
            623.346613049273,
            207.52349264601347,
            300.9601302498389,
            806.4862057096823,
            447.8772153168768,
            781.8906573172492,
            897.6307704173248,
            799.3922691645198,
            238.1701072762911,
            477.1509195212768,
            411.5349316886721,
            613.7466904187753,
            342.59305305274364,
            144.2497833620557,
            481.0623660192096,
            830.4143544038723,
            711.0007032345326,
            707.8191859507625,
            557.549100976766,
            588.430114796991,
            644.0496875241847,
            316.5706872090339,
            487.93954543570254,
            845.1065021640763,
            588.6000339789321,
            663.1297007373445,
            758.1028953908566,
            373.8836717483127,
            713.3449376003169,
            984.5917935875759,
            702.865563248051
        ],
        [
            313.73396373360663,
            719.9222180208081,
            1123.8011389921262,
            168.31518053936784,
            673.9287796199241,
            697.2868850050172,
            617.9093784690438,
            804.3164800002546,
            807.1610743835458,
            318.9874605685935,
            623.346613049273,
            0,
            781.6245901965981,
            694.4465422190538,
            1080.4559222846624,
            910.6310998423016,
            409.6828041302197,
            796.8952252335308,
            416.2607355972936,
            853.1377380001426,
            199.44422779313518,
            923.4944504435314,
            227.26636354727023,
            655.9519799497521,
            705.1900453069371,
            879.8011138888152,
            1061.2280621996385,
            809.2990794508542,
            283.80451018262556,
            69.00724599634447,
            50.60632371551998,
            504.80194135918293,
            636.2153723386444,
            396.8727755843175,
            644.5603152537395,
            224.71537553091468,
            47.434164902525694,
            363.3414372184929,
            849.952939873732,
            860.3731748491465,
            714.6481651833999,
            638.9405293139573
        ],
        [
            784.5967116933386,
            173.73830895919298,
            746.86678865779,
            764.9660123168873,
            224.7420743875076,
            880.2738210352504,
            549.1566261095281,
            806.4192458020827,
            151.00331122197287,
            639.4153579638199,
            207.52349264601347,
            781.6245901965981,
            0,
            207.07728026029315,
            651.5658063465271,
            259.3838853899756,
            851.2020911628449,
            863.2641542424892,
            869.5159573003821,
            112.6809655620682,
            662.5594312965441,
            208.86598574205422,
            806.6405643159783,
            277.5103601669675,
            77.05841939723393,
            315.9699352786591,
            688.0247088586282,
            631.6011399609725,
            803.8519764235205,
            712.9691437923524,
            754.2652053488879,
            666.1186080571537,
            264.80370088048244,
            544.4859961468247,
            851.0094006531303,
            695.7039600289767,
            825.4556317573949,
            837.6502850235292,
            190.7065809037538,
            614.9186938124421,
            997.409143731899,
            685.3568413607615
        ],
        [
            626.039136156838,
            332.0240955111542,
            593.6876283029654,
            722.4527666221509,
            357.79882615794037,
            676.3911590196903,
            344.0058139043583,
            599.6840834973027,
            347.9382129056824,
            641.6112530185237,
            300.9601302498389,
            694.4465422190538,
            207.07728026029315,
            0,
            508.95284653885176,
            216.39085008382403,
            678.3155607827377,
            656.1905211141045,
            696.6153888624626,
            319.5559418943732,
            625.6596518875099,
            236.78260071213,
            776.8101441150212,
            72.83543093852057,
            187.86431273661321,
            203.82835916525454,
            529.7971309850592,
            430.08487534439064,
            651.6939465730827,
            626.4072157949652,
            679.1001398910178,
            473.8027015541385,
            70.38465741907109,
            378.93007270471423,
            649.6229675742692,
            558.6779036260518,
            741.394631758283,
            671.9412176671409,
            158.05062480104277,
            421.2671361499731,
            796.6090634683992,
            480.4050374423649
        ],
        [
            874.0720794076425,
            817.4405177136744,
            101.27191120937731,
            1161.3031473306185,
            855.514465102724,
            660.1605865242184,
            475.016841806688,
            480.88460154178364,
            799.9924999648434,
            1122.198734627695,
            806.4862057096823,
            1080.4559222846624,
            651.5658063465271,
            508.95284653885176,
            0,
            405.5440789852565,
            864.676239988124,
            552.0443822737443,
            878.6899339357428,
            737.1383859222093,
            1077.8446084663594,
            482.0093360091691,
            1224.470906146814,
            490.80546044232227,
            674.8303490507818,
            335.5964838909967,
            70.9365914038728,
            316.5217212135685,
            912.6510833829103,
            1022.0533254189822,
            1083.7758070745074,
            635.1724175371597,
            519.3120449209704,
            684.9211633465562,
            673.4277986540205,
            877.8895146884943,
            1126.6166162452957,
            886.2257048856121,
            462.9524813628284,
            249.06424873915566,
            787.4725392037491,
            526.672573806535
        ],
        [
            821.0091351501517,
            432.722774995724,
            505.0247518686584,
            936.0026709363602,
            480.3883845390103,
            795.4030424885236,
            476.06407131813677,
            674.1691182485297,
            400.4722212588533,
            843.4334591418578,
            447.8772153168768,
            910.6310998423016,
            259.3838853899756,
            216.39085008382403,
            405.5440789852565,
            0,
            860.0145347608958,
            741.8524111978069,
            877.8804018771577,
            332.91590529741893,
            837.6210360300176,
            80.65358020571684,
            988.3627876442941,
            262.03053257206494,
            304.09537977417546,
            91.80958555619343,
            452.2057054040783,
            475.7226082498077,
            850.276425640509,
            842.7128811166945,
            895.4574250069066,
            636.0078615866316,
            276.7977601065442,
            576.5630928181234,
            780.4774179949092,
            766.1670836051364,
            957.6476387481985,
            860.4661527335053,
            74.24957912338628,
            436.1249820865574,
            925.0,
            602.6823375543704
        ],
        [
            103.40696301506972,
            873.9885582775096,
            874.4055123339513,
            572.9310604252487,
            851.5515251586365,
            309.6982402274833,
            408.12253062040077,
            461.3946250228756,
            941.9453275004871,
            680.1536591094691,
            781.8906573172492,
            409.6828041302197,
            851.2020911628449,
            678.3155607827377,
            864.676239988124,
            860.0145347608958,
            0,
            430.03488230607525,
            18.35755975068582,
            954.4611044982399,
            563.6896309140341,
            906.735904219084,
            635.9260963351009,
            610.777373516734,
            789.8082045661465,
            793.1015067442502,
            822.5940675691747,
            550.575153816443,
            126.01983970788092,
            403.00124069287926,
            450.0588850361695,
            236.00211863455803,
            607.9884867330959,
            306.75723300355935,
            260.5263902179585,
            228.30024091095478,
            433.9700450491946,
            46.57252408878007,
            825.8450217807213,
            616.4170666034482,
            305.3686296920494,
            340.70074845823274
        ],
        [
            495.6177962906497,
            963.8723981938689,
            521.7518567288477,
            938.9291773078522,
            968.6247983610579,
            130.6789960169575,
            321.9596247978929,
            72.91776189653656,
            999.1281199125566,
            990.6548339356144,
            897.6307704173248,
            796.8952252335308,
            863.2641542424892,
            656.1905211141045,
            552.0443822737443,
            741.8524111978069,
            430.03488230607525,
            0,
            435.74419101119406,
            975.7058983115762,
            895.377015563835,
            814.6778504415104,
            1006.6200872225828,
            586.8193929992431,
            833.1584483158051,
            651.9907974810687,
            489.91121644640884,
            273.06592610576666,
            533.8660880782745,
            765.5716818169283,
            824.827860829155,
            307.2930197710322,
            603.7516045527332,
            472.4510556660869,
            171.20747647226156,
            574.2725833608984,
            832.1249906113866,
            470.417899319318,
            746.052276988684,
            331.2099032335839,
            240.0,
            198.56736892047496
        ],
        [
            115.80155439371269,
            891.6955758553476,
            886.9633588824288,
            580.8278574586449,
            868.9125387517435,
            313.0814590485997,
            424.425494050487,
            469.57214568157684,
            959.9270805639354,
            691.666104417442,
            799.3922691645198,
            416.2607355972936,
            869.5159573003821,
            696.6153888624626,
            878.6899339357428,
            877.8804018771577,
            18.35755975068582,
            435.74419101119406,
            0,
            972.6895702124085,
            574.4049094497714,
            924.863773752654,
            643.0933058273893,
            629.0007949120572,
            808.0222769206305,
            810.6003947692105,
            835.7846612614999,
            563.952125627699,
            134.0,
            412.35057899801717,
            457.79689819831674,
            252.1983346495373,
            626.2946590862803,
            325.05537989702617,
            265.21123656436583,
            241.59884105682295,
            438.85418990822,
            54.147945482723536,
            843.9840045877647,
            630.1372866288742,
            300.85378508504755,
            353.643888678993
        ],
        [
            883.4325101556994,
            158.7576769797291,
            835.3041362282363,
            817.0299872097719,
            218.88809926535524,
            992.639410863784,
            661.7854637267277,
            918.3403508503807,
            81.39410298049853,
            673.7128468420354,
            238.1701072762911,
            853.1377380001426,
            112.6809655620682,
            319.5559418943732,
            737.1383859222093,
            332.91590529741893,
            954.4611044982399,
            975.7058983115762,
            972.6895702124085,
            0,
            715.0062936785941,
            263.74609001841145,
            851.6395951339981,
            390.19097888085525,
            164.7573974060042,
            405.06048930993006,
            779.3696170624052,
            740.9271219222576,
            900.2871764053957,
            785.6729599521674,
            821.2338278468562,
            775.967138479459,
            377.107411754264,
            648.0123455614098,
            962.8468206314024,
            788.0463184356615,
            894.8262401159233,
            938.5547400125365,
            276.02898398537786,
            721.0839063520972,
            1109.0184849676762,
            797.937967513766
        ],
        [
            460.570298651574,
            567.6706791793989,
            1136.938432809798,
            102.48902380255164,
            514.7912198163446,
            815.5887444049237,
            654.3775668526542,
            887.4756334683224,
            657.5629247456094,
            121.74152947946726,
            477.1509195212768,
            199.44422779313518,
            662.5594312965441,
            625.6596518875099,
            1077.8446084663594,
            837.6210360300176,
            563.6896309140341,
            895.377015563835,
            574.4049094497714,
            715.0062936785941,
            0,
            833.7385681375187,
            151.18200951171406,
            606.9110313711557,
            585.9530697931364,
            826.370377010212,
            1071.586207451365,
            846.8087151181192,
            441.74313803385786,
            166.9730517179344,
            149.57606760441323,
            588.5244260011644,
            581.749086806331,
            436.946220947155,
            763.4893581445651,
            341.05278183882325,
            219.97272558205938,
            520.331625023888,
            769.0838705888974,
            886.1828253808578,
            858.149171181794,
            713.471092616933
        ],
        [
            860.277280880996,
            381.0118108405565,
            582.3100548676796,
            934.327565685611,
            433.5827487343102,
            862.2163301631441,
            536.7103501890009,
            748.27601859207,
            336.9228398313181,
            827.887069593432,
            411.5349316886721,
            923.4944504435314,
            208.86598574205422,
            236.78260071213,
            482.0093360091691,
            80.65358020571684,
            906.735904219084,
            814.6778504415104,
            924.863773752654,
            263.74609001841145,
            833.7385681375187,
            0,
            982.865199302529,
            297.2490538252393,
            268.4268988011447,
            170.85666507338834,
            531.0677922826802,
            551.837838499681,
            887.1488037527864,
            854.751425854324,
            904.1354986947476,
            689.6151100432763,
            305.18191296339955,
            613.4248120185554,
            844.4003789672291,
            795.4552155841333,
            969.8102907270061,
            903.6553546568516,
            80.95677859203637,
            514.78150704935,
            990.2019995940223,
            667.359723087931
        ],
        [
            537.6402142697289,
            699.1609256816345,
            1280.5940027971396,
            68.0,
            643.038101514988,
            915.0502718430283,
            789.1831219685328,
            1006.2529503062339,
            789.0912494762566,
            188.51259904844557,
            613.7466904187753,
            227.26636354727023,
            806.6405643159783,
            776.8101441150212,
            1224.470906146814,
            988.3627876442941,
            635.9260963351009,
            1006.6200872225828,
            643.0933058273893,
            851.6395951339981,
            151.18200951171406,
            982.865199302529,
            0,
            757.5862987145425,
            730.7318249535872,
            977.5070332227795,
            1215.6664838680058,
            982.8046601436117,
            509.9068542390856,
            241.6278129686233,
            186.50737250843466,
            704.3614129124338,
            732.6499846447825,
            567.0714240728411,
            862.2598216315081,
            434.19005055390204,
            214.7091055358389,
            589.8177684675159,
            919.3791383319506,
            1025.7797034451403,
            940.0446797892107,
            834.8203399534538
        ],
        [
            563.208664706075,
            387.91880593753126,
            567.7059097807596,
            699.6177527764715,
            406.0012315252258,
            603.9486733158705,
            271.9062338380641,
            532.3044241784958,
            413.27230732290786,
            636.5532185135819,
            342.59305305274364,
            655.9519799497521,
            277.5103601669675,
            72.83543093852057,
            490.80546044232227,
            262.03053257206494,
            610.777373516734,
            586.8193929992431,
            629.0007949120572,
            390.19097888085525,
            606.9110313711557,
            297.2490538252393,
            757.5862987145425,
            0,
            248.76092940813678,
            224.2164133153503,
            502.24496015390736,
            371.3812057711052,
            590.7706830911636,
            589.3530351156257,
            645.2286416457348,
            401.99751243011445,
            28.65309756378881,
            316.7349049283959,
            576.8231964822496,
            504.14283690240006,
            703.3157185787902,
            606.5459586873858,
            216.37236422426963,
            370.75193863282766,
            723.7934788321872,
            408.2670694533175
        ],
        [
            718.9228053136164,
            145.67429423202984,
            766.0313309519396,
            688.3029856102615,
            181.07733154649702,
            839.7380543955358,
            513.4169845262231,
            780.5241828412494,
            166.37307474468335,
            565.8992843254,
            144.2497833620557,
            705.1900453069371,
            77.05841939723393,
            187.86431273661321,
            674.8303490507818,
            304.09537977417546,
            789.8082045661465,
            833.1584483158051,
            808.0222769206305,
            164.7573974060042,
            585.9530697931364,
            268.4268988011447,
            730.7318249535872,
            248.76092940813678,
            0,
            343.20984834354624,
            704.4118113717287,
            617.3183943476819,
            736.3531761322145,
            636.6419715978518,
            677.3905815701899,
            615.8766110187981,
            229.53213282675694,
            483.52973021314835,
            807.203196227567,
            625.5637457525812,
            748.8077189773087,
            773.8165157193273,
            230.41050323281706,
            608.8949006191461,
            952.2567930973241,
            647.891966303025
        ],
        [
            762.1345025649999,
            483.2163076718335,
            431.5194086017452,
            921.2600067299134,
            524.2232348913963,
            709.8091292734971,
            397.94723268292745,
            583.6308764964376,
            464.853740438861,
            845.430659486631,
            481.0623660192096,
            879.8011138888152,
            315.9699352786591,
            203.82835916525454,
            335.5964838909967,
            91.80958555619343,
            793.1015067442502,
            651.9907974810687,
            810.6003947692105,
            405.06048930993006,
            826.370377010212,
            170.85666507338834,
            977.5070332227795,
            224.2164133153503,
            343.20984834354624,
            0,
            374.3861642742691,
            384.37611788455325,
            793.7285430170696,
            813.456821226548,
            869.4371742685033,
            563.6000354861592,
            246.3331078032346,
            523.1615429291415,
            697.357870823869,
            718.5937656283973,
            927.200086281273,
            797.1932011752233,
            129.03487900563943,
            344.3718920004942,
            840.459398186492,
            519.5815624134482
        ],
        [
            839.1769777585655,
            849.0212011487109,
            66.03029607687671,
            1151.1198894989175,
            883.4642041418543,
            602.6508110008648,
            446.7896596833906,
            420.1071291944472,
            838.2195416476521,
            1123.160718686333,
            830.4143544038723,
            1061.2280621996385,
            688.0247088586282,
            529.7971309850592,
            70.9365914038728,
            452.2057054040783,
            822.5940675691747,
            489.91121644640884,
            835.7846612614999,
            779.3696170624052,
            1071.586207451365,
            531.0677922826802,
            1215.6664838680058,
            502.24496015390736,
            704.4118113717287,
            374.3861642742691,
            0,
            272.12129648375554,
            878.4645695758024,
            1005.3720704296494,
            1067.7724476685096,
            598.3477249894078,
            530.8794590111771,
            664.3560792225807,
            619.3908297674417,
            852.3579060465153,
            1106.6187238611137,
            846.8978686949213,
            503.39745728400334,
            208.16579930430456,
            727.6352108027758,
            482.1617985697332
        ],
        [
            569.0834736662101,
            759.0026350415392,
            326.43835558953543,
            916.013646186562,
            776.6189541853844,
            356.79966367697153,
            193.72403051764124,
            201.791972090071,
            777.4175197408404,
            916.1244456950158,
            711.0007032345326,
            809.2990794508542,
            631.6011399609725,
            430.08487534439064,
            316.5217212135685,
            475.7226082498077,
            550.575153816443,
            273.06592610576666,
            563.952125627699,
            740.9271219222576,
            846.8087151181192,
            551.837838499681,
            982.8046601436117,
            371.3812057711052,
            617.3183943476819,
            384.37611788455325,
            272.12129648375554,
            0,
            608.7446098323993,
            758.7522652354984,
            821.6885054569036,
            327.9176725948146,
            395.4099138868422,
            417.06234545928504,
            362.2002208723788,
            592.4086427458667,
            852.9742082853385,
            574.9034701582519,
            489.4456047407107,
            68.00735254367721,
            488.5949242470699,
            210.64187617850348
        ],
        [
            40.22437072223754,
