{
    "depot": {
        "x": 988,
        "y": 876,
        "node_type": "depot",
        "id": 0
    },
    "final_destination": {
        "x": 715,
        "y": 837,
        "node_type": "final",
        "id": 21
    },
    "pickup_nodes": [
        {
            "x": 109,
            "y": 170,
            "node_type": "pickup",
            "id": 1
        },
        {
            "x": 772,
            "y": 309,
            "node_type": "pickup",
            "id": 2
        },
        {
            "x": 623,
            "y": 231,
            "node_type": "pickup",
            "id": 3
        },
        {
            "x": 991,
            "y": 542,
            "node_type": "pickup",
            "id": 4
        },
        {
            "x": 550,
            "y": 885,
            "node_type": "pickup",
            "id": 5
        },
        {
            "x": 937,
            "y": 425,
            "node_type": "pickup",
            "id": 6
        },
        {
            "x": 777,
            "y": 826,
            "node_type": "pickup",
            "id": 7
        },
        {
            "x": 268,
            "y": 197,
            "node_type": "pickup",
            "id": 8
        },
        {
            "x": 638,
            "y": 85,
            "node_type": "pickup",
            "id": 9
        },
        {
            "x": 282,
            "y": 962,
            "node_type": "pickup",
            "id": 10
        },
        {
            "x": 638,
            "y": 56,
            "node_type": "pickup",
            "id": 11
        },
        {
            "x": 391,
            "y": 721,
            "node_type": "pickup",
            "id": 12
        },
        {
            "x": 386,
            "y": 467,
            "node_type": "pickup",
            "id": 13
        },
        {
            "x": 329,
            "y": 898,
            "node_type": "pickup",
            "id": 14
        },
        {
            "x": 950,
            "y": 645,
            "node_type": "pickup",
            "id": 15
        },
        {
            "x": 293,
            "y": 466,
            "node_type": "pickup",
            "id": 16
        },
        {
            "x": 719,
            "y": 208,
            "node_type": "pickup",
            "id": 17
        },
        {
            "x": 732,
            "y": 703,
            "node_type": "pickup",
            "id": 18
        },
        {
            "x": 264,
            "y": 520,
            "node_type": "pickup",
            "id": 19
        },
        {
            "x": 122,
            "y": 674,
            "node_type": "pickup",
            "id": 20
        }
    ],
    "delivery_nodes": [
        {
            "x": 470,
            "y": 150,
            "node_type": "delivery",
            "id": 1
        },
        {
            "x": 500,
            "y": 496,
            "node_type": "delivery",
            "id": 2
        },
        {
            "x": 105,
            "y": 623,
            "node_type": "delivery",
            "id": 3
        },
        {
            "x": 234,
            "y": 629,
            "node_type": "delivery",
            "id": 4
        },
        {
            "x": 679,
            "y": 42,
            "node_type": "delivery",
            "id": 5
        },
        {
            "x": 1000,
            "y": 265,
            "node_type": "delivery",
            "id": 6
        },
        {
            "x": 375,
            "y": 171,
            "node_type": "delivery",
            "id": 7
        },
        {
            "x": 418,
            "y": 296,
            "node_type": "delivery",
            "id": 8
        },
        {
            "x": 916,
            "y": 196,
            "node_type": "delivery",
            "id": 9
        },
        {
            "x": 694,
            "y": 695,
            "node_type": "delivery",
            "id": 10
        },
        {
            "x": 919,
            "y": 370,
            "node_type": "delivery",
            "id": 11
        },
        {
            "x": 126,
            "y": 651,
            "node_type": "delivery",
            "id": 12
        },
        {
            "x": 320,
            "y": 334,
            "node_type": "delivery",
            "id": 13
        },
        {
            "x": 250,
            "y": 54,
            "node_type": "delivery",
            "id": 14
        },
        {
            "x": 982,
            "y": 483,
            "node_type": "delivery",
            "id": 15
        },
        {
            "x": 289,
            "y": 297,
            "node_type": "delivery",
            "id": 16
        },
        {
            "x": 630,
            "y": 31,
            "node_type": "delivery",
            "id": 17
        },
        {
            "x": 923,
            "y": 931,
            "node_type": "delivery",
            "id": 18
        },
        {
            "x": 186,
            "y": 698,
            "node_type": "delivery",
            "id": 19
        },
        {
            "x": 522,
            "y": 287,
            "node_type": "delivery",
            "id": 20
        }
    ],
    "travel_costs": [
        [
            0,
            1127.4205071755614,
            606.7495364645941,
            741.1140263144397,
            334.01347278216184,
            438.092455995307,
            453.87443197430713,
            216.8432613663611,
            989.6671157515541,
            864.9745661000675,
            711.2186724207963,
            891.5716460273959,
            616.7933203269957,
            727.7946138849888,
            659.3671208060043,
            234.104677441524,
            806.9231685854608,
            720.1284607623837,
            308.97410894765926,
            806.791174964129,
            889.2468723588519,
            891.8520056601319,
            618.5014147113974,
            918.5303478927628,
            793.4261150226907,
            889.4026084962871,
            611.1178282459119,
            934.2344459502658,
            813.203541556479,
            683.8011406834592,
            345.24918537195714,
            510.68287615701394,
            890.8810246042959,
            860.2255518176614,
            1104.6845703638664,
            393.0457988580974,
            907.6574243622977,
            917.7085594021667,
            85.14693182963201,
            821.5156724007156,
            751.0505974966002,
            275.77164466275354
        ],
        [
            1127.4205071755614,
            0,
            677.4142012092749,
            517.6069937703701,
            957.2397818728598,
            840.063092868625,
            866.3769387512574,
            936.2478304380737,
            161.27616066858735,
            535.7854048030797,
            810.6744105989778,
            541.1441582425149,
            618.9709201569973,
            406.1255963368967,
            760.5156145668542,
            965.87059174612,
            348.5283345726715,
            611.1824604813198,
            819.8890168797237,
            382.78584090846414,
            504.1676308530726,
            361.55359215474544,
            509.07465071441146,
            453.0176596999283,
            475.716302012029,
            584.1951728660551,
            896.0502218067912,
            266.0018796926067,
            333.70196283510234,
            807.4187265601413,
            786.0343503944341,
            834.326075344646,
            481.30032204435514,
            267.239592875008,
            182.58422713914803,
            927.4146861032556,
            220.29298672449835,
            539.2235158076843,
            1114.323561628309,
            533.5850447679358,
            429.2528392451237,
            901.1797822854217
        ],
        [
            606.7495364645941,
            677.4142012092749,
            0,
            168.1814496310458,
            319.7655391063896,
            617.3005750847799,
            201.6953147695801,
            517.024177384385,
            516.2944896084017,
            261.02107194630855,
            816.4000244977948,
            286.2953020920881,
            561.1639689074843,
            417.0851232062827,
            737.0006784257392,
            380.23676834309435,
            504.07340735254036,
            114.06138698087098,
            396.0252517201397,
            550.0772672997857,
            745.469650623015,
            341.29898915760066,
            330.0802932621092,
            737.2143514609573,
            625.974440372768,
            282.7330896800019,
            232.20680437919987,
            420.301082558682,
            354.2386201418473,
            183.04371062672433,
            393.80198069588226,
            159.1540134586621,
            730.9445943435111,
            452.6908437333364,
            580.9552478461659,
            272.7196362567243,
            483.1490453265949,
            312.166622174761,
            640.0664028052089,
            703.3612158770201,
            250.96613317338256,
            531.0677922826802
        ],
        [
            741.1140263144397,
            517.6069937703701,
            168.1814496310458,
            0,
            481.8142795725341,
            658.0615472735055,
            369.09619342388237,
            614.6063780990237,
            356.6244523304593,
            146.76852523616907,
            806.6238280636148,
            175.64168070250298,
            542.1475813835197,
            334.46225497057213,
            728.9204346154661,
            527.5651618520692,
            405.123437979093,
            98.71676655968834,
            484.42233639666125,
            460.87091468219165,
            668.7675231349082,
            173.1184565550421,
            292.15406894308353,
            649.6060344547301,
            556.5294241996554,
            197.12178976460214,
            378.5300516471579,
            255.154854941073,
            215.0581316760657,
            295.0830391601659,
            469.4006817208513,
            327.01223218711556,
            650.6988550781382,
            320.0281237641467,
            412.86559556349573,
            438.6171451277298,
            340.4585143596794,
            200.12246250733577,
            761.5773105863908,
            639.5764223296541,
            115.48592987892509,
            612.9437168288781
        ],
        [
            334.01347278216184,
            957.2397818728598,
            319.7655391063896,
            481.8142795725341,
            0,
            558.6859582985776,
            128.86038956948718,
            355.60089988637543,
            801.0954999249465,
            577.4582235971708,
            824.063711129182,
            600.6704587375676,
            626.1317752677946,
            609.6310359553555,
            751.6515149988059,
            110.86027241532469,
            702.1253449349339,
            430.74354319014463,
            304.96229275108755,
            727.332798655471,
            878.968145042811,
            652.0007668707146,
            493.15007857649175,
            889.694891521807,
            761.9829394415599,
            589.358973801197,
            277.14617081965974,
            719.0945695803855,
            623.574374072572,
            354.0353089735542,
            334.09280147887057,
            186.4617923329066,
            871.8405817579267,
            702.4991103197214,
            887.25700898894,
            59.68249324550709,
            743.5247137789032,
            625.6532586025586,
            394.8987211931687,
            819.976219167361,
            533.8408002391724,
            403.98143521701587
        ],
        [
            438.092455995307,
            840.063092868625,
            617.3005750847799,
            658.0615472735055,
            558.6859582985776,
            0,
            601.1397508067488,
            234.54210709380092,
            743.55093974791,
            804.8254469138013,
            278.84224930953343,
            833.6576035759525,
            228.42285349763057,
            449.02115763068446,
            221.38202275704322,
            466.476151587624,
            491.5384013482568,
            697.7750353803151,
            257.38686835190333,
            463.70356910422845,
            477.1844507106241,
            739.340922714278,
            392.20020397750943,
            516.4000387296655,
            406.6841526295314,
            852.8129923963401,
            766.0939890117922,
            735.1333212418004,
            603.6099734099827,
            780.1775438962595,
            238.40302011509837,
            633.5503137083905,
            484.2850400332432,
            597.0770469545785,
            883.4936332538,
            590.1084646062959,
            643.3234023413107,
            857.7388880073003,
            375.82575749940287,
            409.22487705416927,
            598.6551595033654,
            171.84004189943622
        ],
        [
            453.87443197430713,
            866.3769387512574,
            201.6953147695801,
            369.09619342388237,
            128.86038956948718,
            601.1397508067488,
            0,
            431.74182099954135,
            706.7849743733946,
            452.7703612207848,
            846.9911451721323,
            474.9336795806336,
            621.0732645992741,
            552.5984075257546,
            770.3200633502934,
            220.38375620721234,
            645.3038044208325,
            307.59226258148954,
            345.41134897394437,
            679.6719797078588,
            852.1889461850582,
            541.9538725758864,
            442.7301661283089,
            855.2356400431404,
            732.0006830597905,
            461.79324377907477,
            171.95638982020995,
            616.7333297301192,
            534.7915481755485,
            229.960866235975,
            363.24784927099023,
            57.87054518492115,
            841.9008255133143,
            623.6745946405065,
            780.7752557554575,
            73.40980860893181,
            660.5210064789763,
            499.484734501466,
            506.1936388379452,
            799.0807218297786,
            437.343114728013,
            468.0042734847621
        ],
        [
            216.8432613663611,
            936.2478304380737,
            517.024177384385,
            614.6063780990237,
            355.60089988637543,
            234.54210709380092,
            431.74182099954135,
            0,
            809.148935610744,
            753.9243993929365,
            513.3429652776008,
            782.4455252603851,
            400.0262491387284,
            530.8125846285109,
            453.7488291995914,
            250.37971163814373,
            603.2047745169131,
            620.7157159279923,
            130.97327971765841,
            597.3315662176243,
            672.4053836786259,
            742.445284179245,
            430.84684053617013,
            701.9921651984444,
            577.6313703392502,
            790.1012593332578,
            603.6969438385455,
            768.5239098427583,
            640.1413906317885,
            645.1519200932444,
            155.0806241927082,
            477.59815745038213,
            674.1112667801955,
            671.5005584509964,
            934.726163108747,
            399.59229221795556,
            719.7117478546533,
            808.4763447374326,
            179.836036433191,
            604.7024061470237,
            596.2767813691893,
            62.968245965724655
        ],
        [
            989.6671157515541,
            161.27616066858735,
            516.2944896084017,
            356.6244523304593,
            801.0954999249465,
            743.55093974791,
            706.7849743733946,
            809.148935610744,
            0,
            386.5798753168612,
            765.1280938509578,
            395.9558056147175,
            538.2425103984262,
            294.65912509202906,
            703.6490602566026,
            815.9828429568847,
            270.15921231747774,
            451.1341263970173,
            686.5362335667361,
            323.0247668523267,
            498.8436628844753,
            207.39575694791833,
            378.4507894033252,
            456.1195018851968,
            433.33589742831134,
            439.25618948399585,
            735.1516850283348,
            110.1135777277262,
            179.7247896090019,
            648.0007716044789,
            655.3472362038311,
            673.5948337094044,
            475.6889740155851,
            146.53668482670133,
            144.12841496387864,
            769.1501803939202,
            102.18121158021177,
            398.2461550347975,
            983.7586086027405,
            507.66622893393253,
            269.4735608552349,
            780.6465269249586
        ],
        [
            864.9745661000675,
            535.7854048030797,
            261.02107194630855,
            146.76852523616907,
            577.4582235971708,
            804.8254469138013,
            452.7703612207848,
            753.9243993929365,
            386.5798753168612,
            0,
            946.5014527194346,
            29.0,
            682.2792683351882,
            457.6330407651965,
            869.7413408594534,
            641.0491400821002,
            513.9902722814898,
            147.27525250360293,
            625.107990670412,
            573.6732519474828,
            783.0561921088422,
            180.13605968822566,
            433.5493051545579,
            757.3196154860905,
            677.607556038154,
            59.413803110051795,
            404.2820797413608,
            276.7038127673705,
            304.8294605185004,
            299.34094273921164,
            612.565098581367,
            400.23243246893423,
            763.2168761236874,
            403.88736053508785,
            389.2364320050218,
            526.060832984171,
            408.3442175420144,
            54.589376255824725,
            892.7155201966636,
            761.6252359264365,
            232.93775992741064,
            755.9318752374448
        ],
        [
            711.2186724207963,
            810.6744105989778,
            816.4000244977948,
            806.6238280636148,
            824.063711129182,
            278.84224930953343,
            846.9911451721323,
            513.3429652776008,
            765.1280938509578,
            946.5014527194346,
            0,
            973.4330999097987,
            264.5033081078571,
            505.8072755506785,
            79.40403012442127,
            739.4004327832113,
            496.12196081205684,
            871.4843658953383,
            519.2119027911436,
            442.36636400160444,
            329.460164511584,
            833.4794538559424,
            514.4706016868213,
            382.4264635194589,
            336.44167399417097,
            1002.0024950068737,
            1000.6662780367889,
            796.448366185781,
            679.744069484979,
            994.3399820986783,
            490.9511177296575,
            869.6165821786059,
            347.932464711185,
            629.1486310880762,
            908.5637016742414,
            848.1986795556805,
            665.0368410847628,
            993.9139801813837,
            641.7491721848966,
            280.912797857271,
            716.3972361755731,
            450.6817058634619
        ],
        [
            891.5716460273959,
            541.1441582425149,
            286.2953020920881,
            175.64168070250298,
            600.6704587375676,
            833.6576035759525,
            474.9336795806336,
            782.4455252603851,
            395.9558056147175,
            29.0,
            973.4330999097987,
            0,
            709.3898786985899,
            482.10476039964595,
            896.908579510755,
            666.5320697460851,
            535.8404613315422,
            172.2353041626484,
            653.7927806270118,
            595.9630861051713,
            805.0962675357525,
            192.50974001333026,
            461.1333863428238,
            778.1889230771665,
            701.1027028902399,
            43.32435804486894,
            418.0011961705373,
            287.0435507026765,
            325.5764119219941,
            311.26194756185663,
            641.4491406183346,
            421.37512978342704,
            784.9643303997959,
            422.3837118071671,
            388.0051546049356,
            548.329280633453,
            424.1249815797226,
            26.248809496813376,
            920.2445327194288,
            785.15476181451,
            258.48984506165806,
            784.7865951964267
        ],
        [
            616.7933203269957,
            618.9709201569973,
            561.1639689074843,
            542.1475813835197,
            626.1317752677946,
            228.42285349763057,
            621.0732645992741,
            400.0262491387284,
            538.2425103984262,
            682.2792683351882,
            264.5033081078571,
            709.3898786985899,
            0,
            254.04920783186864,
            187.5446613476374,
            564.142712440744,
            273.18308878845335,
            608.8949006191463,
            341.4747428434495,
            237.76038357977131,
            273.07508125056006,
            576.4390687661619,
            250.01199971201382,
            302.3243291566195,
            181.96977771047588,
            737.5533878981236,
            760.8002365930231,
            550.2326780553841,
            425.8567834378125,
            742.462120245875,
            304.11346566701053,
            634.0228702499619,
            274.08940147331487,
            393.45901946708506,
            681.7404198080087,
            637.1224372128171,
            436.0963196359263,
            730.2198299142526,
            571.9475500428339,
            206.2862089428181,
            453.3398283848442,
            344.13950659579905
        ],
        [
            727.7946138849888,
            406.1255963368967,
            417.0851232062827,
            334.46225497057213,
            609.6310359553555,
            449.02115763068446,
            552.5984075257546,
            530.8125846285109,
            294.65912509202906,
            457.6330407651965,
            505.8072755506785,
            482.10476039964595,
            254.04920783186864,
            0,
            434.7528033262121,
            591.4220151465449,
            93.00537618869136,
            421.86490728668105,
            418.8221579620639,
            133.0150367439712,
            335.47727195743084,
            327.9405433916337,
            117.63077828527703,
            321.39850653044425,
            222.14409737825582,
            516.2111970889434,
            646.3745044476925,
            296.20432137293335,
            173.9683879329805,
            595.2654869887889,
            383.20751558391964,
            541.7545569720664,
            318.5215848258953,
            148.47558721890948,
            434.81605306152164,
            596.2147264199367,
            195.7268504830137,
            499.63186447623616,
            709.6935958566909,
            305.5503231875234,
            225.6014184352572,
            495.11715785256325
        ],
        [
            659.3671208060043,
            760.5156145668542,
            737.0006784257392,
            728.9204346154661,
            751.6515149988059,
            221.38202275704322,
            770.3200633502934,
            453.7488291995914,
            703.6490602566026,
            869.7413408594534,
            79.40403012442127,
            896.908579510755,
            187.5446613476374,
            434.7528033262121,
            0,
            670.5594679072095,
            433.4974048365226,
            792.5906888173744,
            447.69855930078666,
            383.54791095767945,
            305.0,
            761.1734362154265,
            436.85810053151124,
            354.6843667262486,
            285.28231631140403,
            924.7897058250594,
            922.4586711609361,
            728.4538420517803,
            608.5433427456093,
            915.0808707431272,
            417.65296598970775,
            791.7600646660578,
            319.71549852955206,
            564.0718039398886,
            847.689211916726,
            773.7144175986382,
            602.3296439658271,
            917.7635861157273,
            594.9159604515582,
            245.86378342488752,
            640.7573643743784,
            390.7902250568712
        ],
        [
            234.104677441524,
            965.87059174612,
            380.23676834309435,
            527.5651618520692,
            110.86027241532469,
            466.476151587624,
            220.38375620721234,
            250.37971163814373,
            815.9828429568847,
            641.0491400821002,
            739.4004327832113,
            666.5320697460851,
            564.142712440744,
            591.4220151465449,
            670.5594679072095,
            0,
            680.9478687829193,
            494.29748128025096,
            225.58368735349637,
            697.295489731577,
            828.507694593116,
            689.5106960736722,
            474.0263705744649,
            845.2863420167157,
            716.1787486375172,
            661.0975722236469,
            383.27535793473595,
            745.1852118768863,
            636.258595226815,
            450.2854650108084,
            260.83711392361323,
            276.74175687814085,
            824.0218443706453,
            702.5816678507916,
            916.1228083614118,
            165.1302516197441,
            747.0107094279172,
            692.3842863612664,
            287.27164844446446,
            765.8361443546524,
            557.9856628982504,
            303.4616944525289
        ],
        [
            806.9231685854608,
            348.5283345726715,
            504.07340735254036,
            405.123437979093,
            702.1253449349339,
            491.5384013482568,
            645.3038044208325,
            603.2047745169131,
            270.15921231747774,
            513.9902722814898,
            496.12196081205684,
            535.8404613315422,
            273.18308878845335,
            93.00537618869136,
            433.4974048365226,
            680.9478687829193,
            0,
            498.0361432667312,
            498.88876515712394,
            61.29437168288782,
            269.2675249635574,
            362.1946990225009,
            209.1626161626403,
            244.93468517137381,
            173.34935823359714,
            573.3864316497209,
            735.0170066059696,
            306.18458485038076,
            211.0094784600919,
            678.9911634181994,
            461.7813335335242,
            633.3182454343156,
            249.2268043369332,
            134.73306943731373,
            414.23785437837523,
            689.2096923288296,
            169.04733065032408,
            550.2672078181654,
            783.0229881682912,
            255.48581173912575,
            290.6578744847626,
            561.8941181397079
        ],
        [
            720.1284607623837,
            611.1824604813198,
            114.06138698087098,
            98.71676655968834,
            430.74354319014463,
            697.7750353803151,
            307.59226258148954,
            620.7157159279923,
            451.1341263970173,
            147.27525250360293,
            871.4843658953383,
            172.2353041626484,
            608.8949006191463,
            421.86490728668105,
            792.5906888173744,
            494.29748128025096,
            498.0361432667312,
            0,
            495.17067764559727,
            551.6964745219966,
            757.3407423346508,
            255.66579747787927,
            361.8079601114381,
            741.0944609157459,
            642.2351594237114,
            170.75128110793196,
            286.7228627089232,
            345.98410368107955,
            313.6000637755037,
            197.3651438324407,
            487.6412615847843,
            257.37909783041823,
            740.2013239653115,
            418.4220357485968,
            493.6365059433915,
            380.51806790216943,
            439.11388044560834,
            198.1161275615895,
            751.2289930507208,
            724.0089778448882,
            212.24985276791125,
            629.0127184723692
        ],
        [
            308.97410894765926,
            819.8890168797237,
            396.0252517201397,
            484.42233639666125,
            304.96229275108755,
            257.38686835190333,
            345.41134897394437,
            130.97327971765841,
            686.5362335667361,
            625.107990670412,
            519.2119027911436,
            653.7927806270118,
            341.4747428434495,
            418.8221579620639,
            447.69855930078666,
            225.58368735349637,
            498.88876515712394,
            495.17067764559727,
            0,
            502.5067163730252,
            610.6889551973247,
            611.9256490783827,
            310.9228200052225,
            632.0830641616653,
            503.4679731621467,
            663.1214066820646,
            513.4861244473894,
            640.6816682253364,
            514.0476631597502,
            539.3560975830347,
            38.8329756778952,
            381.91360279518716,
            608.2269313340211,
            553.0867924657033,
            808.4089311728317,
            333.0165161069342,
            600.9034864268971,
            679.6969913130409,
            297.43066418915186,
            546.022893292946,
            466.0,
            135.07405376311175
        ],
        [
            806.791174964129,
            382.78584090846414,
            550.0772672997857,
            460.87091468219165,
            727.332798655471,
            463.70356910422845,
            679.6719797078588,
            597.3315662176243,
            323.0247668523267,
            573.6732519474828,
            442.36636400160444,
            595.9630861051713,
            237.76038357977131,
            133.0150367439712,
            383.54791095767945,
            697.295489731577,
            61.29437168288782,
            551.6964745219966,
            502.5067163730252,
            0,
            209.4755355644186,
            423.48081420531906,
            237.21720005092382,
            189.44656238633624,
            113.05308487608819,
            633.0157975911818,
            778.9229743690964,
            366.2267057438603,
            271.8308297452664,
            728.0659310804208,
            464.24670165764235,
            671.9560997565244,
            190.2761151589973,
            194.24726510301247,
            466.21025299750755,
            718.9527105449982,
            224.3969696765088,
            610.8002946954102,
            776.6608011223433,
            194.33990840792325,
            347.63918076074225,
            551.2621880738784
        ],
        [
            889.2468723588519,
            504.1676308530726,
            745.469650623015,
            668.7675231349082,
            878.968145042811,
            477.1844507106241,
            852.1889461850582,
            672.4053836786259,
            498.8436628844753,
            783.0561921088422,
            329.460164511584,
            805.0962675357525,
            273.07508125056006,
            335.47727195743084,
            305.0,
            828.507694593116,
            269.2675249635574,
            757.3407423346508,
            610.6889551973247,
            209.4755355644186,
            0,
            629.0310008258734,
            417.8133554591093,
            53.75872022286245,
            120.70211265756703,
            842.4209161695833,
            968.5891801997377,
            563.0435151922097,
            480.10415536631217,
            926.7793696452246,
            572.3853597009623,
            853.0093786119822,
            23.345235059857504,
            393.45139471096047,
            633.0750350471894,
            880.9545958788115,
            412.33239019024444,
            819.4589678562313,
            841.2193530821792,
            68.35202996254024,
            556.5689534999235,
            614.9943089167574
        ],
        [
            891.8520056601319,
            361.55359215474544,
            341.29898915760066,
            173.1184565550421,
            652.0007668707146,
            739.340922714278,
            541.9538725758864,
            742.445284179245,
            207.39575694791833,
            180.13605968822566,
            833.4794538559424,
            192.50974001333026,
            576.4390687661619,
            327.9405433916337,
            761.1734362154265,
            689.5106960736722,
            362.1946990225009,
            255.66579747787927,
            611.9256490783827,
            423.48081420531906,
            629.0310008258734,
            0,
            347.2981428110436,
            597.4562745506988,
            533.9822094414757,
            235.25518060183074,
            542.3329235810786,
            97.29337079164233,
            154.983870128475,
            448.36592198783353,
            589.23764306093,
            500.000999999,
            607.7310260304307,
            237.3941869549463,
            240.03333101883993,
            610.7642753141346,
            233.173754955398,
            199.40160480798542,
            902.8676536458707,
            617.2195719515058,
            146.53668482670133,
            729.3791880770933
        ],
        [
            618.5014147113974,
            509.07465071441146,
            330.0802932621092,
            292.15406894308353,
            493.15007857649175,
            392.20020397750943,
            442.7301661283089,
            430.84684053617013,
            378.4507894033252,
            433.5493051545579,
            514.4706016868213,
            461.1333863428238,
            250.01199971201382,
            117.63077828527703,
            436.85810053151124,
            474.0263705744649,
            209.1626161626403,
            361.8079601114381,
            310.9228200052225,
            237.21720005092382,
            417.8133554591093,
            347.2981428110436,
            0,
            414.91444901328754,
            297.39704100747207,
            488.01331949035983,
            550.7821710985206,
            348.209706929603,
            216.15735009478624,
            512.8898517225701,
            277.91545476997135,
            437.53514144580436,
            404.8468846366488,
            242.1652328473268,
            507.80311145167275,
            482.17527933314875,
            290.0379285541806,
            482.83019789569914,
            606.7569529885916,
            373.36309405188933,
            210.15470491997078,
            403.12032943030795
        ],
        [
            918.5303478927628,
            453.0176596999283,
            737.2143514609573,
            649.6060344547301,
            889.694891521807,
            516.4000387296655,
            855.2356400431404,
            701.9921651984444,
            456.1195018851968,
            757.3196154860905,
            382.4264635194589,
            778.1889230771665,
            302.3243291566195,
            321.39850653044425,
            354.6843667262486,
            845.2863420167157,
            244.93468517137381,
            741.0944609157459,
            632.0830641616653,
            189.44656238633624,
            53.75872022286245,
            597.4562745506988,
            414.91444901328754,
            0,
            129.13945950018532,
            816.7233313674834,
            963.9445004770764,
            526.5016619157057,
            452.65660273545103,
            916.5424158215482,
            593.3843611016387,
            852.4112857066124,
            35.0,
            360.2027207004411,
            587.1848090678095,
            888.1041605577581,
            374.3420895384327,
            791.2578593606511,
            874.0640708781021,
            110.39021695784459,
            535.5231087450849,
            646.4487605371364
        ],
        [
            793.4261150226907,
            475.716302012029,
            625.974440372768,
            556.5294241996554,
            761.9829394415599,
            406.6841526295314,
            732.0006830597905,
            577.6313703392502,
            433.33589742831134,
            677.607556038154,
            336.44167399417097,
            701.1027028902399,
            181.96977771047588,
            222.14409737825582,
            285.28231631140403,
            716.1787486375172,
            173.34935823359714,
            642.2351594237114,
            503.4679731621467,
            113.05308487608819,
            120.70211265756703,
            533.9822094414757,
            297.39704100747207,
            129.13945950018532,
            0,
            736.609801726803,
            848.08725966141,
            479.2128963206228,
            380.4536765494585,
            807.8446632862037,
            464.71066267087093,
            732.3291609652043,
            110.21796586763882,
            307.28000260348864,
            575.2225656213428,
            762.1154768143736,
            336.5248876383439,
            717.2307857307856,
            752.2798681341937,
            84.0535543567314,
            447.11072454147194,
            524.0467536394058
        ],
        [
            889.4026084962871,
            584.1951728660551,
            282.7330896800019,
            197.12178976460214,
            589.358973801197,
            852.8129923963401,
            461.79324377907477,
            790.1012593332578,
            439.25618948399585,
            59.413803110051795,
            1002.0024950068737,
            43.32435804486894,
            737.5533878981236,
            516.2111970889434,
            924.7897058250594,
            661.0975722236469,
            573.3864316497209,
            170.75128110793196,
            663.1214066820646,
            633.0157975911818,
            842.4209161695833,
            235.25518060183074,
            488.01331949035983,
            816.7233313674834,
            736.609801726803,
            0,
            390.85803049189104,
            330.2377931127811,
            364.19362981798565,
            282.63934616397626,
            653.1722590557563,
            406.42834546817727,
            822.611694543665,
            462.7580361268727,
            429.16779935125606,
            535.0607442150845,
            465.966737010272,
            50.21951811795887,
            921.8768898285714,
            820.6003899584742,
            290.9879722600232,
            795.8146769191934
        ],
        [
            611.1178282459119,
            896.0502218067912,
            232.20680437919987,
            378.5300516471579,
            277.14617081965974,
            766.0939890117922,
            171.95638982020995,
            603.6969438385455,
            735.1516850283348,
            404.2820797413608,
            1000.6662780367889,
            418.0011961705373,
            760.8002365930231,
            646.3745044476925,
            922.4586711609361,
            383.27535793473595,
            735.0170066059696,
            286.7228627089232,
            513.4861244473894,
            778.9229743690964,
            968.5891801997377,
            542.3329235810786,
            550.7821710985206,
            963.9445004770764,
