{
    "depot": {
        "x": 609,
        "y": 931,
        "node_type": "depot",
        "id": 0
    },
    "final_destination": {
        "x": 579,
        "y": 970,
        "node_type": "final",
        "id": 31
    },
    "pickup_nodes": [
        {
            "x": 922,
            "y": 182,
            "node_type": "pickup",
            "id": 1
        },
        {
            "x": 18,
            "y": 813,
            "node_type": "pickup",
            "id": 2
        },
        {
            "x": 450,
            "y": 571,
            "node_type": "pickup",
            "id": 3
        },
        {
            "x": 435,
            "y": 821,
            "node_type": "pickup",
            "id": 4
        },
        {
            "x": 877,
            "y": 141,
            "node_type": "pickup",
            "id": 5
        },
        {
            "x": 129,
            "y": 869,
            "node_type": "pickup",
            "id": 6
        },
        {
            "x": 993,
            "y": 805,
            "node_type": "pickup",
            "id": 7
        },
        {
            "x": 805,
            "y": 268,
            "node_type": "pickup",
            "id": 8
        },
        {
            "x": 971,
            "y": 272,
            "node_type": "pickup",
            "id": 9
        },
        {
            "x": 975,
            "y": 887,
            "node_type": "pickup",
            "id": 10
        },
        {
            "x": 341,
            "y": 626,
            "node_type": "pickup",
            "id": 11
        },
        {
            "x": 660,
            "y": 682,
            "node_type": "pickup",
            "id": 12
        },
        {
            "x": 954,
            "y": 611,
            "node_type": "pickup",
            "id": 13
        },
        {
            "x": 490,
            "y": 126,
            "node_type": "pickup",
            "id": 14
        },
        {
            "x": 577,
            "y": 159,
            "node_type": "pickup",
            "id": 15
        },
        {
            "x": 735,
            "y": 795,
            "node_type": "pickup",
            "id": 16
        },
        {
            "x": 314,
            "y": 921,
            "node_type": "pickup",
            "id": 17
        },
        {
            "x": 989,
            "y": 256,
            "node_type": "pickup",
            "id": 18
        },
        {
            "x": 654,
            "y": 455,
            "node_type": "pickup",
            "id": 19
        },
        {
            "x": 794,
            "y": 890,
            "node_type": "pickup",
            "id": 20
        },
        {
            "x": 419,
            "y": 433,
            "node_type": "pickup",
            "id": 21
        },
        {
            "x": 699,
            "y": 551,
            "node_type": "pickup",
            "id": 22
        },
        {
            "x": 109,
            "y": 582,
            "node_type": "pickup",
            "id": 23
        },
        {
            "x": 415,
            "y": 692,
            "node_type": "pickup",
            "id": 24
        },
        {
            "x": 900,
            "y": 47,
            "node_type": "pickup",
            "id": 25
        },
        {
            "x": 251,
            "y": 951,
            "node_type": "pickup",
            "id": 26
        },
        {
            "x": 767,
            "y": 508,
            "node_type": "pickup",
            "id": 27
        },
        {
            "x": 211,
            "y": 567,
            "node_type": "pickup",
            "id": 28
        },
        {
            "x": 531,
            "y": 147,
            "node_type": "pickup",
            "id": 29
        },
        {
            "x": 127,
            "y": 550,
            "node_type": "pickup",
            "id": 30
        }
    ],
    "delivery_nodes": [
        {
            "x": 374,
            "y": 290,
            "node_type": "delivery",
            "id": 1
        },
        {
            "x": 595,
            "y": 899,
            "node_type": "delivery",
            "id": 2
        },
        {
            "x": 182,
            "y": 605,
            "node_type": "delivery",
            "id": 3
        },
        {
            "x": 20,
            "y": 962,
            "node_type": "delivery",
            "id": 4
        },
        {
            "x": 105,
            "y": 138,
            "node_type": "delivery",
            "id": 5
        },
        {
            "x": 779,
            "y": 732,
            "node_type": "delivery",
            "id": 6
        },
        {
            "x": 17,
            "y": 75,
            "node_type": "delivery",
            "id": 7
        },
        {
            "x": 227,
            "y": 170,
            "node_type": "delivery",
            "id": 8
        },
        {
            "x": 189,
            "y": 488,
            "node_type": "delivery",
            "id": 9
        },
        {
            "x": 200,
            "y": 587,
            "node_type": "delivery",
            "id": 10
        },
        {
            "x": 983,
            "y": 608,
            "node_type": "delivery",
            "id": 11
        },
        {
            "x": 998,
            "y": 237,
            "node_type": "delivery",
            "id": 12
        },
        {
            "x": 717,
            "y": 120,
            "node_type": "delivery",
            "id": 13
        },
        {
            "x": 707,
            "y": 533,
            "node_type": "delivery",
            "id": 14
        },
        {
            "x": 257,
            "y": 546,
            "node_type": "delivery",
            "id": 15
        },
        {
            "x": 626,
            "y": 461,
            "node_type": "delivery",
            "id": 16
        },
        {
            "x": 584,
            "y": 60,
            "node_type": "delivery",
            "id": 17
        },
        {
            "x": 227,
            "y": 847,
            "node_type": "delivery",
            "id": 18
        },
        {
            "x": 33,
            "y": 670,
            "node_type": "delivery",
            "id": 19
        },
        {
            "x": 904,
            "y": 47,
            "node_type": "delivery",
            "id": 20
        },
        {
            "x": 198,
            "y": 303,
            "node_type": "delivery",
            "id": 21
        },
        {
            "x": 709,
            "y": 403,
            "node_type": "delivery",
            "id": 22
        },
        {
            "x": 131,
            "y": 477,
            "node_type": "delivery",
            "id": 23
        },
        {
            "x": 74,
            "y": 266,
            "node_type": "delivery",
            "id": 24
        },
        {
            "x": 83,
            "y": 999,
            "node_type": "delivery",
            "id": 25
        },
        {
            "x": 101,
            "y": 302,
            "node_type": "delivery",
            "id": 26
        },
        {
            "x": 497,
            "y": 256,
            "node_type": "delivery",
            "id": 27
        },
        {
            "x": 578,
            "y": 490,
            "node_type": "delivery",
            "id": 28
        },
        {
            "x": 903,
            "y": 838,
            "node_type": "delivery",
            "id": 29
        },
        {
            "x": 98,
            "y": 620,
            "node_type": "delivery",
            "id": 30
        }
    ],
    "travel_costs": [
        [
            0,
            811.769671766567,
            602.6649151891953,
            393.54923453108125,
            205.85431741889698,
            834.2205943274238,
            483.98760314702275,
            404.1435388571739,
            691.3645926716235,
            751.8809746229784,
            368.63532115086315,
            406.01600953656987,
            254.16923495970158,
            470.5581791872287,
            813.7481182773942,
            772.6629278022856,
            185.3968716025165,
            295.16944286290885,
            774.6128065039978,
            478.12236927380843,
            189.4887859478761,
            533.0140711088217,
            390.51248379533274,
            609.7548687792497,
            307.82624969290714,
            930.6648161395165,
            358.55822400274127,
            451.5451250982564,
            539.351462406472,
            787.8705477424576,
            614.3980794240815,
            682.7195617528474,
            34.92849839314596,
            537.2196943523198,
            589.8152253036538,
            939.608961217378,
            261.72695696087555,
            1040.768946500615,
            851.4957427961693,
            610.4498341387276,
            534.4314736240747,
            494.17102302745354,
            795.5859475883168,
            818.1595198981676,
            409.8877895229376,
            521.6598508606925,
            470.3073463172779,
            871.35870914337,
            391.1265779770022,
            632.3740981412823,
            931.9232801041081,
            750.5364747965285,
            537.3862670370354,
            659.2419889539805,
            853.4928236370824,
            530.3772242470448,
            808.5202533022905,
            684.2287629148602,
            442.08822648878584,
            308.35855752678566,
            598.1989635564408,
            49.20365840057017
        ],
        [
            811.769671766567,
            0,
            1102.4413816616284,
            611.6412347119838,
            803.4239229696861,
            60.8769250208977,
            1049.1987418978351,
            627.0326945223829,
            145.20674915443843,
            102.47438704378766,
            706.9893917167357,
            731.229786045399,
            564.4856065481209,
            430.1918176813688,
            435.6145084819834,
            345.76581670257696,
            640.8884458312539,
            956.9665615892752,
            99.82484660644363,
            382.56110623010284,
            719.4775882541444,
            562.1476674326773,
            431.1496260000697,
            906.0733965855085,
            719.1307252509797,
            136.7808466123821,
            1020.5890456006276,
            360.9722981061013,
            808.5456078663715,
            392.5633706804546,
            876.0416656757827,
            558.5409564212816,
            788.0469529158779,
            852.3667051216866,
            1192.4780920419462,
            818.183964643649,
            568.2860195359375,
            911.303462080552,
            695.1035894023278,
            794.3078748193299,
            827.8339205420372,
            430.3452102672923,
            93.81364506296512,
            214.17049283222934,
            411.61389675277,
            758.1035549316466,
            406.7640593759483,
            359.3438464757675,
            961.8991631143048,
            1014.1326343235385,
            136.194713553794,
            734.0415519573806,
            306.93647551244214,
            844.2191658568289,
            852.1502214985336,
            1171.0721583233033,
            829.7234479029744,
            431.3942512366154,
            461.73585522460786,
            656.2750947582882,
            933.1773679210185,
            859.4143354634015
        ],
        [
            602.6649151891953,
            1102.4413816616284,
            0,
            495.16461909146943,
            417.0767315494836,
            1090.6259670482818,
            124.32618388738553,
            975.032819960436,
            957.2847016431424,
            1095.8512672803731,
            959.8567601470545,
            373.2264728017026,
            655.2289676136122,
            957.5489543621254,
            833.5184461066234,
            860.3470230087391,
            717.225905834417,
            315.08728949292765,
            1119.4150258058894,
            729.8355979259986,
            779.8108745074024,
            552.4499977373517,
            729.6608801354229,
            248.2780699135548,
            415.03011938894264,
            1168.1951891700292,
            270.8006646963777,
            808.7187397358862,
            312.6739515853535,
            840.6693761521233,
            284.69281690973514,
            632.6649982415654,
            583.373808119631,
            264.8773300982929,
            149.01342221424218,
            680.5835731194222,
            765.2986345211913,
            738.0006775064642,
            676.1138957305936,
            367.2410652418926,
            290.17236257093816,
            986.5343379730886,
            1136.73919612196,
            984.3017829913751,
            743.7210498567322,
            358.3434107110105,
            702.5439488032048,
            942.0005307854132,
            211.74749113035557,
            143.78456106272327,
            1171.2181692579738,
            540.8326913195984,
            803.4805535916847,
            354.4925951271761,
            549.8590728541269,
            197.03045449879062,
            517.6968224743126,
            734.63596427074,
            646.4742840979833,
            885.353036929337,
            208.92343095019285,
            582.5547184599916
        ],
        [
            393.54923453108125,
            611.6412347119838,
            495.16461909146943,
            0,
            250.44959572736386,
            605.9942243949195,
            438.0011415510238,
            591.2740481367333,
            466.7269008745907,
            600.7012568656737,
            612.7650446949467,
            122.09013064126029,
            237.5310506018108,
            505.58480989839876,
            446.79413604030213,
            431.12991081575404,
            362.49275854836054,
            375.4943408361836,
            624.2964039620923,
            234.67424230196204,
            469.14496693452867,
            141.4390328021229,
            249.80192152983932,
            341.1773732239581,
            125.96031120952345,
            690.7068842859466,
            428.9533774199709,
            323.199628712658,
            239.03347045968272,
            431.66769626646834,
            323.68194265358704,
            291.09620402883996,
            358.62096982747676,
            270.1481075262235,
            581.1892979055964,
            553.6370652331724,
            366.28131265463156,
            658.4109658868084,
            458.8354824989018,
            273.87953556262653,
            250.5114767830009,
            534.2826967065282,
            641.7631962024622,
            524.1087673374678,
            259.79414927977115,
            194.61243536834948,
            207.54758490524526,
            528.2773892568184,
            354.8309456628607,
            428.5907138518053,
            693.319551145069,
            367.86954209338944,
            308.71507899679926,
            332.56127254988667,
            484.14977021578767,
            563.802270304049,
            440.6381735619373,
            318.48704840228595,
            151.47607071745688,
            525.8307712563045,
            355.39414739131536,
            419.33518812520373
        ],
        [
            205.85431741889698,
            803.4239229696861,
            417.0767315494836,
            250.44959572736386,
            0,
            811.0265100476063,
            309.7418279793674,
            558.2293435497635,
            665.3638102572156,
            767.2659252175872,
            544.0183820423719,
            216.47401691658052,
            264.4730610100016,
            559.875879101788,
            697.1728623519421,
            677.0583431285668,
            301.12455894529757,
            156.97452022541748,
            791.2907177516996,
            426.5172915603774,
            365.5707865790154,
            388.329756778952,
            377.6188554614295,
            404.2239478309022,
            130.54118124178285,
            902.9401973552845,
            225.29092303064496,
            456.2817112267376,
            338.6620734596657,
            680.8024676806041,
            410.2499238269277,
            534.4922824512997,
            178.0,
            332.6634936388422,
            438.2989847124905,
            758.544000042186,
            355.3266103178877,
            855.1257217509014,
            683.4215390225859,
            414.01086942253096,
            331.6338342208165,
            587.9396227504998,
            811.1874012828356,
            755.5957914123134,
            396.1413889004783,
            327.5805244516224,
            407.53036696668386,
            775.4495470370719,
            209.61870145576228,
            429.424032862624,
            905.0066298099699,
            569.642870577698,
            499.799959983992,
            459.0773355329143,
            662.0770347927801,
            394.4464475692487,
            617.184737335589,
            568.3915903670637,
            360.568994784632,
            468.30865889923496,
            392.3901120058965,
            207.21245136332905
        ],
        [
            834.2205943274238,
            60.8769250208977,
            1090.6259670482818,
            605.9942243949195,
            811.0265100476063,
            0,
            1043.785418560731,
            674.0563774640813,
            145.98972566588375,
            161.23585209251695,
            752.4094629920598,
            722.856140597837,
            582.8979327463771,
            476.2656821565039,
            387.29058857658805,
            300.5395148728366,
            669.2383730779339,
            961.9610179212046,
            160.52725625263767,
            385.1298482330343,
            753.5847663003813,
            543.1648000377049,
            446.9720349194119,
            885.6099592935933,
            719.0584120918134,
            96.77293009927931,
            1023.7069893284895,
            383.13052606128895,
            790.5896533600728,
            346.0520192109851,
            854.2722048621272,
            524.6046130182235,
            808.7570710664606,
            835.6560297155762,
            1186.7982136825115,
            772.0058289935381,
            599.0701127580977,
            862.5288400975355,
            650.646601466572,
            770.5536970257167,
            810.7064820266334,
            478.8788990966296,
            154.45711378890906,
            161.37224048763778,
            427.2750870341027,
            740.5572226371168,
            406.6952175769959,
            303.99013141876827,
            959.6541043521879,
            996.0808200141191,
            97.8008179924892,
            698.0580205111893,
            311.23624467596954,
            818.1760201814766,
            812.6709051024283,
            1169.0166808048548,
            792.5257093621632,
            397.02015062210637,
            459.5671876885903,
            697.4847668587464,
            914.4845542708745,
            880.9341632607968
        ],
        [
            483.98760314702275,
            1049.1987418978351,
            124.32618388738553,
            438.0011415510238,
            309.7418279793674,
            1043.785418560731,
            0,
            866.3671277235766,
            904.5313703791594,
            1032.1690752972597,
            846.1914676951075,
            322.479456710036,
            562.9653630553128,
            864.4009486343707,
            826.0568987666649,
            839.5260567725102,
            610.5014332497508,
            192.16919628285902,
            1056.1103162075447,
            668.5962907465162,
            665.3314963234493,
            523.6372790396039,
            652.7051401666758,
            287.69602013236124,
            336.34060117684277,
            1126.9982253757103,
            146.99659860010365,
            733.0518399131128,
            312.93449793846634,
            826.370377010212,
            319.00626953086675,
            628.7018371215404,
            466.96466675756096,
            269.2675249635574,
            143.28293687665675,
            731.3938747350842,
            664.2808141140313,
            801.8603369664819,
            705.8363833070664,
            385.69547573182655,
            290.80061898145954,
            892.9932810497513,
            1074.5161701901,
            952.2315894781058,
            668.5656287904726,
            347.4377642110886,
            643.0186622486162,
            928.1734751650685,
            100.43903623591774,
            220.94569468536832,
            1129.73846530956,
            570.190319104069,
            744.0134407388082,
            392.0051020076142,
            605.5030966064501,
            137.8985134075056,
            567.6909370423311,
            714.9776220274309,
            587.5729741912913,
            774.620552270594,
            250.92229873010487,
            461.1951864449585
        ],
        [
            404.1435388571739,
            627.0326945223829,
            975.032819960436,
            591.2740481367333,
            558.2293435497635,
            674.0563774640813,
            866.3671277235766,
            0,
            568.9578191746731,
            533.4538405523011,
            83.95236744726142,
            676.1249884451838,
            354.9901407081611,
            197.88127753782064,
            845.0147927699254,
            768.3566880036901,
            258.1937257177254,
            688.8374263931947,
            549.0145717556138,
            487.2586582093744,
            216.39316070523117,
            684.0029239703586,
            388.5254174439557,
            911.6934791913343,
            588.9422722134998,
            763.6838351045542,
            756.2274790035073,
            373.2090566961097,
            817.4154390516488,
            803.9950248602289,
            902.7629810753208,
            805.2241923837112,
            408.9498746790369,
            835.2969531849137,
            985.5851054069353,
            1110.6002881325035,
            226.10838109190024,
            1218.801050212872,
            994.9778892015642,
            864.2366574035146,
            822.4189929713443,
            197.25364381932212,
            568.0220066159409,
            738.512694542213,
            394.689751577109,
            780.2416292405834,
            503.0159043211258,
            849.88587469142,
            767.1505719218359,
            969.4457179233915,
            763.2070492336925,
            940.2281637985536,
            492.19914668759833,
            922.2949636640113,
            1065.4022714449222,
            930.4493538070733,
            1024.047362185949,
            739.8763410192274,
            521.0086371644908,
            95.85927185202274,
            913.9201278011114,
            445.66915980354753
        ],
        [
            691.3645926716235,
            145.20674915443843,
            957.2847016431424,
            466.7269008745907,
            665.3638102572156,
            145.98972566588375,
            904.5313703791594,
            568.9578191746731,
            0,
            166.04818577750254,
            641.9197769192035,
            586.054604964418,
            438.65818127558043,
            373.9652390263031,
            345.5271335221013,
            252.71525478292762,
            531.6286297783444,
            817.0006119948748,
            184.39088914585776,
            240.35390573069537,
            622.0972592770362,
            419.78685067543506,
            302.2002647252315,
            763.5522248019449,
            576.086799015565,
            240.55352834660314,
            879.4344773773655,
            242.98971171636052,
            665.009022495184,
            299.5279619668254,
            734.3078373543347,
            431.5611196574594,
            665.0270671183242,
            708.3064308616715,
            1047.7886237214068,
            711.9691004531027,
            464.72787736480797,
            811.2909465783529,
            586.2490938159308,
            654.1070248820142,
            683.9488284952319,
            383.77597631951903,
            195.47378340841516,
            172.1859460002471,
            282.5402626175604,
            614.4818955835884,
            263.2299375071156,
            303.48805577814755,
            818.1228514104712,
            870.3953124873777,
            242.16110340019515,
            608.0082236285953,
            165.65325230734229,
            705.6606833315855,
            731.002735972992,
            1027.4458623207356,
            704.8205445359832,
            308.23367758893573,
            317.5106297433206,
            578.3632076818166,
            789.7803492110955,
            737.4822031751004
        ],
        [
            751.8809746229784,
            102.47438704378766,
            1095.8512672803731,
            600.7012568656737,
            767.2659252175872,
            161.23585209251695,
            1032.1690752972597,
            533.4538405523011,
            166.04818577750254,
            0,
            615.013007992514,
            722.645141130832,
            514.6076175106622,
            339.42598604113977,
            502.6698717846534,
            409.88412996845824,
            573.7813172280881,
            923.4987818075343,
            24.08318915758459,
            366.0300534109187,
            642.8475713573164,
            575.0,
            389.64727639238026,
            916.0480336750907,
            696.8041331679942,
            235.9364321167886,
            989.6671157515541,
            311.94871373352385,
            815.2453618389987,
            457.41119356657634,
            888.6056493180763,
            597.271295141496,
            731.0984885772915,
            856.3936010970657,
            1174.9472328577144,
            876.3058826688316,
            498.46163342829107,
            974.1278150222381,
            750.959386385176,
            811.2829346165246,
            832.866135702491,
            336.2142174269256,
            44.20407221060069,
            296.00675667964066,
            371.2371209887287,
            764.7692462435973,
            393.377681115744,
            441.2629601496142,
            940.2983569059344,
            1018.944551975229,
            234.76371099469358,
            773.621354410541,
            292.92490505247247,
            864.6531096341469,
            897.0200666651779,
            1147.6380091300566,
            870.5170877128146,
            474.26996531511463,
            449.4140629753368,
            570.0701711193105,
            939.8047669596062,
            800.5423161832234
        ],
        [
            368.63532115086315,
            706.9893917167357,
            959.8567601470545,
            612.7650446949467,
            544.0183820423719,
            752.4094629920598,
            846.1914676951075,
            83.95236744726142,
            641.9197769192035,
            615.013007992514,
            0,
            685.6216157619303,
            375.83240945932266,
            276.7977601065442,
            902.4112144693239,
            829.6915089357008,
            257.0291812226775,
            661.8738550509455,
            631.1552899247538,
            538.2053511439663,
            181.02486017119307,
            717.8105599669038,
            434.82410236784244,
            918.1399675430756,
            592.9797635670209,
            843.3415678122359,
            726.8232247252423,
            432.3251091481964,
            828.3091210411727,
            862.9808804371044,
            912.5091780360348,
            847.1186457633902,
            380.18942647054246,
            841.648976711788,
            957.9404991960618,
            1147.9986933790474,
            249.88197213884797,
            1255.8296062762654,
            1036.1433298535487,
            881.4743331487309,
            831.038506929733,
            279.11467177488174,
            650.4067957824549,
            809.2298808126156,
            444.00450448165503,
            794.8616231772672,
            550.7059106274419,
            914.7731959343803,
            749.0687551887343,
            966.6710919438938,
            842.9952550281644,
            972.000514403156,
            552.2789150420284,
            938.3155119681226,
            1094.276930214651,
            899.0038932062531,
            1051.7133639923,
            791.6091207155208,
            561.4427842621187,
            87.09190547921202,
            916.7431483245457,
            404.6047453997543
        ],
        [
            406.01600953656987,
            731.229786045399,
            373.2264728017026,
            122.09013064126029,
            216.47401691658052,
            722.856140597837,
            322.479456710036,
            676.1249884451838,
            586.054604964418,
            722.645141130832,
            685.6216157619303,
            0,
            323.878063474512,
            613.1834961901699,
            521.7288567829079,
            523.2446846361652,
            428.7155233951763,
            296.23301639081353,
            746.1930045236286,
            356.66510903086663,
            524.3138373150188,
            208.16579930430456,
            365.7717867742125,
            236.13555429032706,
            99.15644204992432,
            804.8117792378539,
            337.23137457834497,
            442.0407221060069,
            142.76203977248295,
            515.3067047885172,
            227.0946939054279,
            337.6166465090251,
            372.88738246285567,
            160.3807968554839,
            464.69021939352245,
            542.0701061670899,
            450.6439836500649,
            639.2002816019404,
            470.0340413204133,
            205.2997808084558,
            146.29422408283932,
            642.2522868779838,
            763.5247212762662,
            630.4062182434434,
            377.63077205121937,
            116.0,
            329.31747600150226,
            615.958602505071,
            248.67046467162118,
            311.1269837220809,
            807.5951956271161,
            353.23929566230316,
            430.2940854810812,
            257.489805623446,
            448.20642565675024,
            453.5339017096737,
            403.2071427938746,
            401.5420276882608,
            273.2489707208428,
            600.6563077168173,
            243.0740627874558,
            418.3061080118243
        ],
        [
            254.16923495970158,
            564.4856065481209,
            655.2289676136122,
            237.5310506018108,
            264.4730610100016,
            582.8979327463771,
            562.9653630553128,
            354.9901407081611,
            438.65818127558043,
            514.6076175106622,
            375.83240945932266,
            323.878063474512,
            0,
            302.4516490284026,
            581.4086342668123,
            529.5450877876217,
            135.6244815658294,
            420.5199162941037,
            538.2536576745206,
            227.07928130941406,
            247.42675683927152,
            346.5284981065771,
            136.68211294825667,
            560.000892856431,
            245.20399670478457,
            678.8409239284267,
            489.532429977831,
            204.26698215815497,
            463.4932577718903,
            550.3326266904407,
            549.1019941686608,
            485.24220756236775,
            226.52593670482858,
            484.16216291651705,
            698.5699678629192,
            777.149277809611,
            129.07749610214788,
            884.249964659315,
            670.5467918050164,
            509.38884950497294,
            469.7073557013984,
            331.36837507523256,
            558.8103434976844,
            564.8831737625047,
            156.23699945915502,
            425.3292842022519,
            223.60008944542037,
            626.6258851978587,
            463.3724204136452,
            627.1148220222514,
            680.2653893885827,
            597.5658959478862,
            283.2701890421934,
            567.3323540923785,
            718.6459489901825,
            658.344894413255,
            675.9297300755456,
            456.1195018851968,
            208.77739341221792,
            288.76461001999536,
            565.4095860524475,
            299.1738624947039
        ],
        [
            470.5581791872287,
            430.1918176813688,
            957.5489543621254,
            505.58480989839876,
            559.875879101788,
            476.2656821565039,
            864.4009486343707,
            197.88127753782064,
            373.9652390263031,
            339.42598604113977,
            276.7977601065442,
            613.1834961901699,
            302.4516490284026,
            0,
            671.2086113869517,
            588.5855927560578,
            286.0367109306076,
            711.1258679024411,
            356.72117963473937,
            338.13606728652894,
            321.6224494652076,
            563.834195486581,
            261.96373794859466,
            845.4974866905283,
            545.0522910693982,
            566.5792089372853,
            780.902682797287,
            213.49004660639332,
            744.3016861461487,
            627.873394881484,
            829.2466460589395,
            662.9034620516022,
            460.2445002387318,
            772.0233157100892,
            997.7760269719853,
            971.8693327809042,
            212.7580785775243,
            1079.4744091454877,
            850.2999470775005,
            774.8251415642111,
            754.3818661659359,
            29.1547594742265,
            376.57934090972117,
            545.2063829413592,
            259.02316498722655,
            700.0242852930176,
            360.67159577654576,
            663.7024935918201,
            764.3461257833391,
            922.887858843099,
            566.2119744406682,
            816.333265278342,
            321.38606068092,
            833.8375141476905,
            945.2116165176981,
            953.5119296579358,
            907.2430765787083,
            578.682987481056,
            394.98987328791105,
            232.65854809140367,
            856.047311776633,
            519.1396729204964
        ],
        [
            813.7481182773942,
            435.6145084819834,
            833.5184461066234,
            446.79413604030213,
            697.1728623519421,
            387.29058857658805,
            826.0568987666649,
            845.0147927699254,
            345.5271335221013,
            502.6698717846534,
            902.4112144693239,
            521.7288567829079,
            581.4086342668123,
            671.2086113869517,
            0,
            93.04837451562494,
            712.4507000487824,
            814.2487334960982,
            515.6558930139362,
            367.6098475285993,
            822.260299418621,
            315.1031577118833,
            473.609543822757,
            594.2196563561324,
            570.9474581780709,
            417.54161469247595,
            858.9214166616176,
            471.86120840772656,
            521.8448045156721,
            46.06517122512408,
            558.1621628165062,
            200.87807247183554,
            780.098711702564,
            569.4778309995921,
            959.0599564156561,
            385.18696758846863,
            671.3843906436907,
            475.7415264615861,
            266.6552080871476,
            470.79188608131295,
            544.6292316796813,
            689.4729871430787,
            519.9855767230472,
            227.07928130941406,
            461.2352978686692,
            480.30094732365455,
            361.5535921547454,
            114.85643212288984,
            767.4698691153941,
            710.4822306011602,
            421.470046385268,
            341.45717154571525,
            353.1147122395214,
            502.07768323238594,
            438.92596186600764,
            963.2123338080758,
            426.9625276297676,
            130.18832512940628,
            374.48631483673745,
            823.1117785574447,
            630.6346010171025,
            848.6795626147715
        ],
        [
            772.6629278022856,
            345.76581670257696,
            860.3470230087391,
            431.12991081575404,
            677.0583431285668,
            300.5395148728366,
            839.5260567725102,
            768.3566880036901,
            252.71525478292762,
            409.88412996845824,
            829.6915089357008,
            523.2446846361652,
            529.5450877876217,
            588.5855927560578,
            93.04837451562494,
            0,
            655.3319769399324,
            806.1097940107167,
            423.2646925979061,
            305.85127104525816,
            762.5286879849178,
            316.29100524675056,
            410.54597793669836,
            630.835160719502,
            557.0753988465116,
            341.86693317722325,
            856.4694974136556,
            397.3675880088863,
            548.1058291972455,
            47.539457296018846,
            596.1384067479632,
            241.59884105682295,
            740.2188865464052,
            595.7692506331625,
            977.2706892156338,
            472.4669300596604,
            607.5631654404339,
            566.2649556523871,
            350.1728144787942,
            508.70915069418595,
            570.3621656456536,
            605.3404001055935,
            428.16468794145084,
            145.33065746772084,
            395.9494917284274,
            502.16431573738885,
            305.94934221207274,
            99.24716620639605,
            771.9093210993116,
            746.362512456246,
            345.6486655550691,
            405.4343350038327,
            277.41665415039523,
            547.759071125253,
            514.2548006581951,
            974.4926885308067,
            497.01609631882144,
            125.73384588089239,
            331.00151057057127,
            753.2044875065469,
            664.8022262297261,
            811.0024660874959
        ],
        [
            185.3968716025165,
            640.8884458312539,
            717.225905834417,
            362.49275854836054,
            301.12455894529757,
            669.2383730779339,
            610.5014332497508,
            258.1937257177254,
            531.6286297783444,
            573.7813172280881,
            257.0291812226775,
            428.7155233951763,
            135.6244815658294,
            286.0367109306076,
            712.4507000487824,
            655.3319769399324,
            0,
            439.45079360492684,
            595.8498132919067,
            349.5153787746685,
            111.83022847155414,
            480.52055106935853,
            246.64144015148793,
            661.2450377885644,
            336.1681127055331,
            765.9823757763621,
            508.5194194915274,
            288.7784618007375,
            571.4542851357403,
            679.3526330264717,
            655.5066742604533,
            620.762434430435,
            174.40183485273315,
            584.7298521539669,
            734.2438287108718,
            910.2466698648229,
            76.84399781375251,
            1016.8205348044462,
            805.4123167670085,
            626.3904533116704,
            574.011323930112,
            310.6010302622965,
            616.8735688939834,
            675.239957348497,
            263.4919353604584,
            538.9666037891402,
            351.3360214950924,
