{
    "depot": [
        248,
        776
    ],
    "final_destination": [
        721,
        492
    ],
    "requests": [
        [
            [
                278,
                928
            ],
            [
                98,
                126
            ]
        ],
        [
            [
                974,
                445
            ],
            [
                145,
                535
            ]
        ],
        [
            [
                144,
                481
            ],
            [
                970,
                374
            ]
        ],
        [
            [
                522,
                823
            ],
            [
                315,
                860
            ]
        ],
        [
            [
                402,
                399
            ],
            [
                161,
                248
            ]
        ],
        [
            [
                587,
                839
            ],
            [
                778,
                96
            ]
        ],
        [
            [
                486,
                182
            ],
            [
                140,
                55
            ]
        ],
        [
            [
                842,
                690
            ],
            [
                847,
                989
            ]
        ],
        [
            [
                271,
                624
            ],
            [
                20,
                66
            ]
        ],
        [
            [
                892,
                627
            ],
            [
                432,
                304
            ]
        ],
        [
            [
                436,
                339
            ],
            [
                411,
                137
            ]
        ],
        [
            [
                620,
                816
            ],
            [
                84,
                489
            ]
        ],
        [
            [
                651,
                396
            ],
            [
                642,
                322
            ]
        ],
        [
            [
                167,
                17
            ],
            [
                97,
                273
            ]
        ],
        [
            [
                348,
                257
            ],
            [
                901,
                725
            ]
        ],
        [
            [
                123,
                889
            ],
            [
                735,
                368
            ]
        ],
        [
            [
                506,
                669
            ],
            [
                379,
                593
            ]
        ],
        [
            [
                535,
                394
            ],
            [
                32,
                497
            ]
        ],
        [
            [
                709,
                389
            ],
            [
                132,
                973
            ]
        ],
        [
            [
                732,
                143
            ],
            [
                177,
                307
            ]
        ],
        [
            [
                452,
                535
            ],
            [
                615,
                514
            ]
        ],
        [
            [
                393,
                92
            ],
            [
                79,
                435
            ]
        ],
        [
            [
                107,
                574
            ],
            [
                661,
                543
            ]
        ],
        [
            [
                50,
                926
            ],
            [
                579,
                927
            ]
        ],
        [
            [
                781,
                237
            ],
            [
                246,
                602
            ]
        ],
        [
            [
                80,
                912
            ],
            [
                162,
                962
            ]
        ],
        [
            [
                100,
                567
            ],
            [
                296,
                20
            ]
        ],
        [
            [
                961,
                735
            ],
            [
                292,
                42
            ]
        ],
        [
            [
                215,
                752
            ],
            [
                330,
                799
            ]
        ],
        [
            [
                423,
                785
            ],
            [
                249,
                820
            ]
        ]
    ],
    "travel_costs": [
        [
            0,
            154.9322432549145,
            797.895356547461,
            312.79546032511405,
            278.00179855533304,
            407.24071505683224,
            344.8042923166705,
            639.9062431325389,
            600.1933021952177,
            153.7302832886221,
            661.0121027636332,
            475.72365928131006,
            374.1443571671234,
            553.903421184596,
            763.3098977479592,
            528.546119085175,
            168.50519279832298,
            279.30807363912703,
            477.80016743404354,
            601.9053081673229,
            796.8343617088813,
            315.74831749353785,
            699.2002574370237,
            246.34325645326686,
            248.4028985338134,
            758.0303424006192,
            216.14809737770076,
            256.09568524284043,
            714.1778489984131,
            40.80441152620633,
            175.231275747225,
            667.0832032063167,
            262.0877715575452,
            826.370377010212,
            107.4476616776745,
            535.1196127969896,
            862.1484790916238,
            729.0438944261175,
            635.7436590324752,
            745.7103995519977,
            506.5964863676021,
            659.4619018563544,
            330.55256768024054,
            601.1256108335429,
            525.1761609212665,
            654.988549518234,
            635.3211786175556,
            225.055548698538,
            352.8413241104278,
            228.61539755668255,
            474.34375720567886,
            450.9246056715025,
            380.5811345823647,
            474.19194425886235,
            363.81588750355587,
            174.01149387324966,
            204.91949638821583,
            757.5222769001583,
            735.3176184479738,
            85.16454661418683,
            44.01136216933078,
            551.7109750584992
        ],
        [
            154.9322432549145,
            0,
            847.1747163366008,
            466.6529759896534,
            265.6332057556058,
            543.3387525292118,
            321.5618136533006,
            774.454646832208,
            612.1601097752124,
            304.08058142538465,
            683.8106463049547,
            609.8237450280204,
            359.87219953755806,
            649.7330220944599,
            917.7374352177206,
            674.641386219375,
            159.83116091676243,
            345.05796614482034,
            592.6255141318167,
            690.1318714564629,
            906.8301935864287,
            429.7964634568321,
            843.8726207195017,
            393.1373805681673,
            228.00877176108816,
            854.6870772393836,
            198.6454127333425,
            402.4984472019737,
            709.7450246391305,
            186.93581786270923,
            203.65166338628322,
            821.9513367590565,
            414.8951674821002,
            886.4423275092407,
            77.41446893184762,
            689.9920289394653,
            970.6822343073968,
            883.8399176321469,
            572.2604302238623,
            899.782195867422,
            642.7223350716855,
            802.1034845953482,
            479.9552062432494,
            706.917251168763,
            679.5483794403457,
            655.2388877348475,
            722.8063364415118,
            349.89426974444723,
            496.263035093286,
            152.77761616153066,
            629.1597571364526,
            533.8211310916794,
            531.6483800407935,
            543.0598493720559,
            301.00166112498454,
            327.566787083184,
            120.8801058900926,
            908.178396571951,
            886.1106025773533,
            139.08630414242805,
            111.82575731914359,
            621.5665692425872
        ],
        [
            797.895356547461,
            847.1747163366008,
            0,
            830.7803560508637,
            589.2266117547646,
            573.846669416143,
            552.2725776281129,
            554.3581874564494,
            278.29660436304283,
            725.4309064273453,
            199.61963831246663,
            548.3429583755043,
            512.7933306898599,
            326.6955769519998,
            913.4730428425352,
            653.6206851071958,
            959.8630110593907,
            518.8448708429138,
            441.9524861339735,
            270.8523583061443,
            386.9987080081793,
            529.7018029042379,
            679.8308613177252,
            876.5443514164016,
            1041.6990928286343,
            283.74812774712717,
            1008.6253020819971,
            882.4737956449471,
            290.2912330746487,
            818.7368319551772,
            647.4573345016641,
            932.2751739695742,
            833.871093155291,
            71.1125867902441,
            778.784951061588,
            836.5273456379056,
            400.2711580916117,
            920.682355647158,
            558.627783054155,
            1026.526667943897,
            560.040177130177,
            641.7421600611884,
            891.0869766751166,
            354.0522560300951,
            893.7074465394144,
            289.3596378211723,
            251.09759058979435,
            613.1304918204607,
            943.4341524452037,
            993.8551202262832,
            808.8590730158128,
            365.5707865790154,
            895.0558641783203,
            327.98323127867377,
            623.1765399948879,
            744.7368662823131,
            962.6177850008798,
            800.1931016948347,
            792.1698050291996,
            734.882303501724,
            816.2413858657254,
            257.3285837212804
        ],
        [
            312.79546032511405,
            466.6529759896534,
            830.7803560508637,
            0,
            509.7528813062266,
            270.7175650008695,
            569.5726468151362,
            454.27414630374903,
            728.6185558987638,
            191.25375813301028,
            762.1154768143736,
            324.69678162864506,
            582.066147443742,
            514.0758698869263,
            464.5696933722647,
            302.9719458959855,
            408.5400837127246,
            407.90685211209683,
            400.5621050473946,
            572.4412633624519,
            678.2241517374621,
            312.69793731331197,
            461.8679464955324,
            100.08995953640904,
            454.8197445142416,
            682.1326850400881,
            435.72583122876705,
            96.60227740586657,
            855.5729074719466,
            280.14639030335553,
            412.62210314039163,
            357.9678756536681,
            54.009258465563114,
            832.9015548070493,
            415.79081278931596,
            233.6193485137736,
            741.7418688465684,
            426.0187789288167,
            867.3367281511835,
            433.12931094535736,
            338.0428966862046,
            435.4595273960601,
            60.53098380168622,
            522.7666783566068,
            213.24399170902797,
            795.3521232762254,
            601.7059082309231,
            260.3247971285102,
            113.13708498984761,
            492.1463197058371,
            177.1016657177453,
            472.1546356862337,
            79.63039620647382,
            520.7043306906521,
            623.0096307441804,
            158.25612152457168,
            481.33668050544406,
            485.41219597368996,
            463.27637539594,
            368.40195439221003,
            354.8887149516029,
            577.1048431611019
        ],
        [
            278.00179855533304,
            265.6332057556058,
            589.2266117547646,
            509.7528813062266,
            0,
            440.65405932545315,
            66.94027188471824,
            642.0101245307585,
            346.5385981387932,
            320.31546949843056,
            418.70753516028344,
            491.58112250166806,
            98.24968193332741,
            446.060534008558,
            880.7161858396836,
            592.1418748914824,
            404.42180950092194,
            154.82893786369522,
            429.19692449969864,
            472.5727457228146,
            711.6881339463233,
            296.3848849047468,
            742.2950895701789,
            483.9690072721599,
            483.10764845942975,
            640.6847898928146,
            450.87137855490454,
            493.57876777673494,
            447.7331794718814,
            315.1031577118833,
            106.04244433244642,
            815.8339291792172,
            474.41859154126746,
            634.2751768751477,
            210.28076469330233,
            678.9300405785563,
            770.7561222591747,
            857.7575414999276,
            364.93972104992906,
            908.3242813004616,
            526.7456691801082,
            694.9222978146549,
            550.8175741568164,
            515.1708454483813,
            695.0719387228922,
            391.46519640959144,
            502.3882960420157,
            270.8302051101391,
            588.5371695993381,
            417.8516483155236,
            620.7100772502408,
            322.6918034285966,
            588.8913312318326,
            312.60358283295477,
            118.59595271340419,
            353.5774314064742,
            385.9028375122422,
            834.197218887716,
            814.1627601407473,
            193.49418595916518,
            273.016483018883,
            386.21496604870197
        ],
        [
            407.24071505683224,
            543.3387525292118,
            573.846669416143,
            270.7175650008695,
            440.65405932545315,
            0,
            477.3101716913227,
            232.69078194032525,
            527.5234591939965,
            260.357446599862,
            540.4479623423516,
            68.96375859826668,
            470.5454282000836,
            249.01807163336562,
            448.4963767969592,
            151.92103211866353,
            563.8625719091489,
            289.33717355362415,
            133.09395177843356,
            307.1628232713067,
            417.65536031517667,
            144.89996549343962,
            307.13189349203054,
            343.00145772284986,
            633.7452169444753,
            412.1710809845834,
            605.6839109634661,
            345.5835644240044,
            652.2093222271512,
            399.472151720242,
            386.57082145449107,
            408.58903558465687,
            290.766229125736,
            568.5499098584046,
            469.13750649463105,
            284.39760899135564,
            482.8923275431077,
            432.41184072594496,
            739.0027063549903,
            506.7672049373361,
            99.62429422585637,
            262.15453457836657,
            330.4905444940899,
            252.04959829366916,
            330.0015151480369,
            596.0511722998286,
            334.4398301638129,
            195.35864454894235,
            382.7584094438684,
            634.3311438042437,
            243.08229059312401,
            242.06197553519223,
            325.0,
            296.33933252270106,
            556.8779040328319,
            256.0175775215444,
            612.0204244957843,
            393.54415254199876,
            373.56257842562337,
            406.4283454681772,
            447.9397280885008,
            332.28000240760804
        ],
        [
            344.8042923166705,
            321.5618136533006,
            552.2725776281129,
            569.5726468151362,
            66.94027188471824,
            477.3101716913227,
            0,
            664.717985314073,
            295.3404814785809,
            382.20544213812553,
            371.44178547923224,
            522.3035515866229,
            40.22437072223754,
            447.5991510268982,
            923.0839615116278,
            629.1621412640783,
            466.68619006780136,
            188.31091311976584,
            448.02790091689604,
            466.244571013969,
            710.9437389836132,
            332.62741919450957,
            771.7804091838559,
            548.2928049865327,
            544.0018382321882,
            632.4871540197477,
            512.2284646522487,
            557.8108998576489,
            388.19067479783695,
            382.0379562294825,
            172.66151858477323,
            864.5750401208677,
            536.4513025429243,
            602.4234391190303,
            272.8094573140748,
            728.5307131480457,
            767.1570895194803,
            902.4771465250518,
            300.16662039607263,
            958.6542651029098,
            557.0008976653448,
            723.7264676657887,
            612.7878915252813,
            519.9173011162449,
            748.6360931721099,
            334.0538878684097,
            493.7053777304841,
            322.14903383372115,
            651.911803850797,
            474.32162084391643,
            671.65765089069,
            326.20392394942155,
            649.0608600123721,
            305.1098162957069,
            88.36288813749809,
            415.2709958569223,
            442.4409565128436,
            869.1616650543211,
            849.8435150073218,
            260.09421369957465,
            338.53360246805636,
            371.97446148895756
        ],
        [
            639.9062431325389,
            774.454646832208,
            554.3581874564494,
            454.27414630374903,
            642.0101245307585,
            232.69078194032525,
            664.717985314073,
            0,
            620.3224967708329,
            491.51703937910435,
            602.3794485206148,
            164.76953601925325,
            648.0061728101053,
            270.22398117117586,
            359.14620978091915,
            157.0636813525011,
            794.7439839344491,
            487.41050460571734,
            217.58906222510356,
            304.26633070387527,
            249.07227866625382,
            354.6336137480484,
            129.41792766073794,
            545.2568202232778,
            862.3409998370714,
            300.08332176247313,
            835.3059319794155,
            545.1797868593442,
            728.9951988867965,
            631.1426146284213,
            606.2821125515745,
            392.0204076320518,
            490.8054604423223,
            520.6918474491414,
            699.2317212483999,
            331.6338342208165,
            304.4010512465422,
            368.57156699886656,
            884.0644772865835,
            480.2207825573566,
            133.41664064126334,
            87.4642784226795,
            505.81913763715977,
            209.6091601051824,
            399.50219023179335,
            683.4281235067812,
            310.80057915003954,
            424.69989404284064,
            552.5766915098754,
            866.6008308327426,
            333.325666578498,
            356.18113369464135,
            479.2264600374233,
            401.18075726535034,
            750.7822587142027,
            483.73546489791295,
            844.6158890288531,
            249.6878050686497,
            239.240464804765,
            636.41574461982,
            680.5975315852975,
            389.00514135419854
        ],
        [
            600.1933021952177,
            612.1601097752124,
            278.29660436304283,
            728.6185558987638,
            346.5385981387932,
            527.5234591939965,
            295.3404814785809,
            620.3224967708329,
            0,
            574.8017049383204,
            80.43009387039157,
            536.6907862074772,
            255.26456863419176,
            350.59520818174343,
            953.1809901587421,
            656.9056248807738,
            746.0308304621196,
            336.65561037950937,
            426.45632836200235,
            329.07445965920846,
            557.9507146693155,
            419.6724913548659,
            747.8001069804685,
            744.0974398558296,
            826.4139398630688,
            457.08861285313156,
            793.6800362866638,
            752.1256543955936,
            127.2242115322394,
            630.0579338441822,
            429.6347285776605,
            933.6123392500765,
            714.0266101483893,
            340.93987739776054,
            553.7409141466793,
            811.865136583657,
            597.4378628778059,
            946.5880835928582,
            299.0418030978278,
            1032.017441713075,
            563.1127773368315,
            701.1205317204738,
            784.1970415654475,
            418.8364836066696,
            853.7646045602968,
            68.60029154456998,
            339.3125402928692,
            473.0517942043978,
            832.6758072623463,
            764.3225758801057,
            767.4073233948188,
            287.2368360778262,
            804.4836853535315,
            233.173754955398,
            354.0310720826634,
            602.4616170346455,
            732.3824137702927,
            864.3008735388389,
            849.9435275358004,
            523.4739726099092,
            607.0823667345314,
            232.04525420701884
        ],
        [
            153.7302832886221,
            304.08058142538465,
            725.4309064273453,
            191.25375813301028,
            320.31546949843056,
            260.357446599862,
            382.20544213812553,
            491.51703937910435,
            574.8017049383204,
            0,
            621.0072463345335,
            329.31747600150226,
            398.3277544937083,
            443.1523440082428,
            615.844948018574,
            374.9906665505156,
            303.5275934738059,
            239.26972228010797,
            350.13711599886125,
            497.0603585078979,
            666.2446997913004,
            201.69779374103226,
            545.8094905734051,
            171.45261736118232,
            374.22586762542215,
            640.2101217569119,
            345.5792239125495,
            180.24982662959764,
            698.8712327746794,
            139.71399357258383,
            221.4158982548453,
            527.193512858419,
            154.26276284314372,
            742.3617716450652,
            240.06665740997852,
            391.7601306922387,
            732.0061475151695,
            583.8852627015002,
            681.9098180844737,
            611.8537406929862,
            358.2192066319169,
            506.72379063943697,
            230.63824487712353,
            478.3774660244773,
            391.7614069813411,
            638.0446692826451,
            529.9358451737343,
            112.36102527122117,
            270.64737205448716,
            375.6620821962206,
            330.6433123473088,
            361.15924465531816,
            269.41603515752365,
            398.32273347123936,
            432.0567092408125,
            33.30165161069342,
            355.1408171415952,
            604.5171627009444,
            582.3787427439295,
            184.67809832245945,
            197.23082923316022,
            468.96055271205915
        ],
        [
            661.0121027636332,
            683.8106463049547,
            199.61963831246663,
            762.1154768143736,
            418.70753516028344,
            540.4479623423516,
            371.44178547923224,
            602.3794485206148,
            80.43009387039157,
            621.0072463345335,
            0,
            539.3329213018616,
            331.2174512310606,
            333.8292976956936,
            947.4835090913193,
            657.9027283725155,
            812.4069177450424,
            388.2782507429433,
            426.3074008271496,
            300.2215848336025,
            509.76072818529286,
            449.51529451176634,
            731.591416023999,
            786.7871376681244,
            893.5127307431048,
            405.48859416757944,
            860.5631876858317,
            794.2694756818998,
            128.16005617976296,
            688.4431712203992,
            494.89897959078473,
            938.8487631136337,
            752.6440061543041,
            264.750826249891,
            622.2684308238687,
            823.4087684740794,
            543.0994384088424,
            944.8216762966439,
            364.78623877553275,
            1036.872701926326,
            562.0756176885811,
            686.630177023993,
            819.6999451018648,
            394.3665807342199,
            870.2534113693551,
            98.41239759298622,
            302.8696089078599,
            514.1254710671316,
            869.7700845625815,
            835.0544892400735,
            783.3421985313953,
            299.16216338300535,
            835.3639925206257,
            245.79869812511214,
            433.5539182154856,
            646.4835651429972,
            803.196738041185,
            850.6850180883639,
            837.9886634078053,
            587.7312310912191,
            671.3404501443362,
            217.8669318643837
        ],
        [
            475.72365928131006,
            609.8237450280204,
            548.3429583755043,
            324.69678162864506,
            491.58112250166806,
            68.96375859826668,
            522.3035515866229,
            164.76953601925325,
            536.6907862074772,
            329.31747600150226,
            539.3329213018616,
            0,
            511.25825176714756,
            222.4275162833951,
            419.57716811094474,
            120.28299963003914,
            632.8262004689756,
            337.34255586866004,
            113.25193155085701,
            277.5409879639402,
            355.0098590180279,
            196.65197685250968,
            250.7149776140229,
            404.3092875510035,
            702.5418137022166,
            359.76242160625947,
            674.5850576465506,
            406.0541835765272,
            657.6024634990353,
            468.4122116256151,
            446.18942165855975,
            399.51595712812275,
            350.8518205738713,
            535.1457745325099,
            534.8663384435405,
            289.6653241242382,
            419.5390327490399,
            410.20970246935894,
            769.039010714021,
            497.57913943412063,
            35.22782990761707,
            203.54115063052976,
            382.6277564422111,
            206.70026608594387,
            345.36502428589955,
            604.3351719038037,
            300.40306256761096,
            260.3171143048417,
            433.7971876349592,
            703.1159221636216,
            260.969346858975,
            250.33177984426987,
            369.68229603268804,
            303.71203466441693,
            605.1388270471494,
            324.45184542548066,
            680.5916543714005,
            348.3690571793081,
            330.06817477606046,
            472.055081531806,
            516.0717004448122,
            323.47179166041667
        ],
        [
            374.1443571671234,
            359.87219953755806,
            512.7933306898599,
            582.066147443742,
            98.24968193332741,
            470.5454282000836,
            40.22437072223754,
            648.0061728101053,
            255.26456863419176,
            398.3277544937083,
            331.2174512310606,
            511.25825176714756,
            0,
            421.14249370017274,
            918.482444034724,
            621.6630920361929,
            502.332559167729,
            186.02419197512992,
            430.47531868853986,
            436.17656975128773,
            682.2558171243394,
            327.3912033027155,
            758.7522652354983,
            567.2151267376427,
            580.5170109479997,
            600.96755320067,
            548.466954337269,
            576.5422794557222,
            350.4882309008392,
            410.02560895631876,
            199.42417105255822,
            865.2074895653643,
            551.8931055920159,
            563.7942887259501,
            308.15742729974886,
            730.2773445753332,
            737.1322812087393,
            899.7338495355167,
            285.40847920130193,
            960.4686356149274,
            545.4246052388909,
            710.4378931335237,
            627.8733948814839,
            494.489635887346,
            753.9084825096478,
            295.36756761702867,
            462.5245939406898,
            328.3443314570849,
            668.9581451780074,
            512.633397273334,
            674.7814460994019,
            302.0413878924542,
            661.6963049617248,
            276.06158733152284,
            118.33004690272037,
            430.89673937035076,
            480.7078114613908,
            859.4137536716527,
            840.6307155939522,
            290.49784852903815,
            371.0215627156998,
            339.37737107827326
        ],
        [
            553.903421184596,
            649.7330220944599,
            326.6955769519998,
            514.0758698869263,
            446.060534008558,
            249.01807163336562,
            447.5991510268982,
            270.22398117117586,
            350.59520818174343,
            443.1523440082428,
            333.8292976956936,
            222.4275162833951,
            421.14249370017274,
            0,
            614.7332754943399,
            333.36166546260233,
            722.3800938564129,
            309.118100408242,
            116.01724009818541,
            58.420886675914126,
            265.6501458685841,
            242.73854246905253,
            398.7229614657275,
            572.3809919974631,
            801.3120490795081,
            205.38013535880242,
            769.6083419506315,
            576.9246051261811,
            459.37022106357745,
            562.878317223181,
            450.8935572837563,
            615.3933701300331,
            524.7446998303079,
            319.7577207824699,
            572.880441278981,
            511.86326299120157,
            325.7744618597351,
            614.3305299266837,
            624.551839321605,
            712.0821581812031,
            237.53947040439402,
            353.1019682754544,
            574.5763656817082,
            74.54528824815154,
            567.4900880191653,
            413.2081799771152,
            88.54377448471463,
            335.8466912149054,
            627.1857778999776,
            776.073450132138,
            482.2831118751723,
            123.3693641063291,
            573.3280038511986,
            147.33974345029927,
            535.859123277751,
            454.379797086094,
            747.9819516539153,
            517.10830587025,
            504.1795315163042,
            515.2184002925361,
            584.27733141035,
            118.81077392223315
        ],
        [
            763.3098977479592,
            917.7374352177206,
            913.4730428425352,
            464.5696933722647,
            880.7161858396836,
            448.4963767969592,
            923.0839615116278,
            359.14620978091915,
            953.1809901587421,
            615.844948018574,
            947.4835090913193,
            419.57716811094474,
            918.482444034724,
            614.7332754943399,
            0,
            300.6010645357065,
            873.1093860450704,
            734.8639329835149,
            526.8329906146729,
            657.3796467795455,
            578.8790892751266,
            591.2266908724605,
            238.11971778918266,
            560.2222773149958,
            916.4987725032696,
            652.2238879403299,
            899.2185496307334,
            554.0658805593429,
            1070.4952125068098,
            736.5656793524934,
            809.5430810031052,
            129.0038759107648,
            518.4669709827232,
            878.7821117888096,
            855.8931008017298,
            231.07790893982056,
            616.0860329531906,
            46.61544808322666,
            1186.247866173002,
            154.9516053482506,
            390.6328199217265,
            271.91175038971744,
            479.2421100028669,
            564.4909210961679,
            265.39781461044475,
            1019.813708478171,
            667.7012805139735,
            613.7752031485144,
            498.62310415783986,
            956.6404758319605,
            290.17236257093816,
            669.1135927478981,
            427.16273245684715,
            721.6037693914853,
            998.9214183307913,
            590.3100880046012,
            945.0132274206536,
            129.03487900563943,
            127.47548783981964,
            798.8072358210084,
            807.1759411677233,
            729.7540681626928
        ],
        [
            528.546119085175,
            674.641386219375,
            653.6206851071958,
            302.9719458959855,
            592.1418748914824,
            151.92103211866353,
            629.1621412640783,
            157.0636813525011,
            656.9056248807738,
            374.9906665505156,
            657.9027283725155,
            120.28299963003914,
            621.6630920361929,
            333.36166546260233,
            300.6010645357065,
            0,
            670.8569146994014,
            441.2572945572685,
            231.8145810772049,
            384.37611788455325,
            400.5646015313884,
            296.8164415931166,
            171.02631376487068,
            398.208488106419,
            732.3694422898868,
            433.46164766908737,
            707.7068602182686,
            396.9937027208366,
            777.3371212028924,
            512.556338366818,
            533.3001031314357,
            282.24280327406046,
            344.22812203537353,
            632.9083661952969,
            603.902309980679,
            187.21645226849054,
            459.1524801196221,
            289.9448223369405,
            885.9034936154163,
            379.5589545775465,
            96.25487000666513,
            135.53228397691822,
            351.4541221838208,
            301.09965127844305,
            251.50944316267731,
            724.4535871952047,
            402.60402382489923,
            337.4270291485257,
            396.80725799813695,
            747.871646741605,
            178.1600404131072,
            370.59141922068295,
            322.56007192459515,
            423.9870281034551,
            708.7037462861333,
            359.76242160625947,
            729.1234463381355,
            242.6375898330677,
            222.17335573826128,
            542.2988106201229,
            571.6379973374758,
            440.8559855553738
        ],
        [
            168.50519279832298,
            159.83116091676243,
            959.8630110593907,
            408.5400837127246,
            404.42180950092194,
            563.8625719091489,
            466.68619006780136,
            794.7439839344491,
            746.0308304621196,
            303.5275934738059,
            812.4069177450424,
            632.8262004689756,
            502.332559167729,
            722.3800938564129,
            873.1093860450704,
            670.8569146994014,
            0,
            441.688804476636,
            644.0256206083731,
            770.3220105903764,
            963.0145377926546,
            483.27735307998864,
            841.4921271170634,
            315.40608744918035,
            81.8413098624405,
            926.319599274462,
            48.76474136094643,
            322.8203834952186,
            852.0328632159677,
            165.02424064360966,
            317.5153539594582,
            763.4094576307003,
            354.682957019364,
            991.2789718338628,
            194.17775361765825,
            642.1253771655502,
            1028.5300190077098,
            834.1732433973174,
            730.8734500582163,
            829.4202794723553,
            661.5935308027127,
            805.2626900583438,
            401.89675291049565,
            768.6676785191373,
            616.5484571386097,
            795.097478300617,
            803.7319204809523,
            391.3463938763203,
            402.42390585053465,
            84.48076704197234,
            584.4997861419625,
            618.6186224161054,
            456.12717524830725,
            639.6561576347092,
            457.5805939941072,
            312.2466973404202,
            82.76472678623425,
            886.053045816107,
            863.6955482112896,
            225.71885167172013,
            143.65583872575453,
            717.7833935108836
        ],
        [
            279.30807363912703,
            345.05796614482034,
            518.8448708429138,
            407.90685211209683,
            154.82893786369522,
            289.33717355362415,
            188.31091311976584,
            487.41050460571734,
            336.65561037950937,
            239.26972228010797,
            388.2782507429433,
            337.34255586866004,
            186.02419197512992,
            309.118100408242,
            734.8639329835149,
            441.2572945572685,
            441.688804476636,
            0,
            276.52486325826106,
            345.8453411569975,
            572.4962881975742,
            144.4714504668656,
            587.9608830526058,
            410.15362975353514,
            523.4357649224975,
            512.1025287967245,
            490.43348172815445,
            418.61676985042055,
            459.761894897783,
            302.60535355475787,
            142.63590010933433,
            679.2002650176162,
            385.0675265456697,
            549.8372486472701,
            270.1147904132612,
            544.3032243152708,
            634.2814832548717,
            714.8090654153738,
            467.6334034262309,
            774.4707870539727,
            372.4258315423354,
            540.41558082646,
            458.78535286122633,
            372.69961094693946,
            569.295178268708,
            398.949871537766,
            378.2089369647417,
            148.00337833982033,
            504.24200539026884,
            481.9668038361148,
            489.16766041920636,
            189.48878594787607,
            486.9137500625753,
            199.75234666956982,
            268.1287004406652,
            268.49394779026215,
            451.8683436577517,
            682.1297530528924,
            662.514150792268,
            218.80585001320236,
            298.0771712157776,
            278.48518811599297
        ],
        [
            477.80016743404354,
            592.6255141318167,
            441.9524861339735,
            400.5621050473946,
            429.19692449969864,
