{
    "depot": [
        513,
        90
    ],
    "final_destination": [
        698,
        165
    ],
    "requests": [
        [
            [
                333,
                820
            ],
            [
                738,
                384
            ]
        ],
        [
            [
                758,
                365
            ],
            [
                543,
                313
            ]
        ],
        [
            [
                444,
                609
            ],
            [
                944,
                948
            ]
        ],
        [
            [
                45,
                832
            ],
            [
                516,
                653
            ]
        ],
        [
            [
                268,
                888
            ],
            [
                636,
                873
            ]
        ],
        [
            [
                93,
                233
            ],
            [
                809,
                795
            ]
        ],
        [
            [
                811,
                25
            ],
            [
                285,
                817
            ]
        ],
        [
            [
                30,
                446
            ],
            [
                772,
                962
            ]
        ],
        [
            [
                887,
                38
            ],
            [
                431,
                170
            ]
        ],
        [
            [
                121,
                986
            ],
            [
                834,
                955
            ]
        ],
        [
            [
                281,
                437
            ],
            [
                968,
                730
            ]
        ],
        [
            [
                457,
                691
            ],
            [
                141,
                774
            ]
        ],
        [
            [
                613,
                740
            ],
            [
                397,
                439
            ]
        ],
        [
            [
                631,
                473
            ],
            [
                708,
                153
            ]
        ],
        [
            [
                357,
                158
            ],
            [
                591,
                406
            ]
        ],
        [
            [
                624,
                837
            ],
            [
                758,
                788
            ]
        ],
        [
            [
                967,
                518
            ],
            [
                686,
                701
            ]
        ],
        [
            [
                552,
                914
            ],
            [
                908,
                700
            ]
        ],
        [
            [
                64,
                394
            ],
            [
                136,
                462
            ]
        ],
        [
            [
                833,
                801
            ],
            [
                364,
                307
            ]
        ],
        [
            [
                915,
                244
            ],
            [
                184,
                449
            ]
        ],
        [
            [
                314,
                154
            ],
            [
                480,
                583
            ]
        ],
        [
            [
                143,
                740
            ],
            [
                335,
                629
            ]
        ],
        [
            [
                984,
                617
            ],
            [
                952,
                656
            ]
        ],
        [
            [
                657,
                324
            ],
            [
                209,
                918
            ]
        ]
    ],
    "travel_costs": [
        [
            0,
            751.8643494673757,
            368.3069372140579,
            523.566614672861,
            877.2616485405025,
            834.7628405720992,
            443.67668408425527,
            305.00655730656024,
            600.0208329716561,
            377.59766948433355,
            977.9979550080868,
            417.41226623088113,
            603.6033465778664,
            657.6473218982952,
            400.76551747873714,
            170.1763790894612,
            755.2019597432201,
            623.9390995922599,
            824.9224205948096,
            542.2333446035941,
            779.6928882579346,
            430.48809507348744,
            209.03827400741713,
            747.9304780526062,
            706.8026598704904,
            274.75807540452746,
            370.21750363806404,
            225.0088887133128,
            960.1692559127272,
            563.0079928384675,
            792.6020439034963,
            764.6182053809599,
            761.9140371459237,
            909.6510319897407,
            114.56002793295748,
            922.6407751665868,
            785.2547357386646,
            778.6141534804001,
            367.77302783102516,
            204.9243762952568,
            325.48425461149424,
            739.7492818516284,
            635.0196847342607,
            726.7220926874317,
            529.6347798247392,
            263.2299375071156,
            486.9517429889743,
            494.1032280809345,
            567.6310421391698,
            716.2939340801372,
            882.0430828479979,
            199.6246477767713
        ],
        [
            751.8643494673757,
            0,
            622.6154511413928,
            238.41560351621283,
            288.2498915871435,
            94.06912352095135,
            634.1679588247895,
            927.6362433626664,
            481.3366805054442,
            958.3527534264198,
            269.2582403567252,
            386.51390660621774,
            178.932948335403,
            291.20439557122074,
            457.39807607815754,
            662.4349024621213,
            291.4961406262525,
            702.2535154771388,
            238.32121181296472,
            503.8223893397355,
            500.360869773007,
            818.8406438373707,
            666.2709658990101,
            206.155281280883,
            681.916417165623,
            592.4457781096934,
            595.0806668007287,
            548.7704438105244,
            624.2635661321266,
            247.74583750287312,
            307.60039011678776,
            476.656060488063,
            48.093658625644196,
            461.39462502287563,
            657.3461797257211,
            518.8699258966549,
            641.346240341362,
            197.43353311937668,
            386.3379349740328,
            765.1888655750291,
            487.8114389802683,
            426.2030032742613,
            372.5184559186296,
            587.3882872512867,
            408.6232984057566,
            513.9357936551997,
            399.8024512180985,
            278.88707392061036,
            191.01047091717248,
            640.3569317185534,
            158.0506248010428,
            749.8333148106984
        ],
        [
            368.3069372140579,
            622.6154511413928,
            0,
            397.6581446418519,
            852.3250553632693,
            716.6791471781497,
            677.9741882992301,
            344.10608829254966,
            732.4923207788597,
            351.5252480263686,
            889.6122750951674,
            482.40335819726624,
            443.70823747142674,
            402.05720985949256,
            166.71232707871366,
            451.2759687818531,
            490.6526266107214,
            259.01737393464555,
            586.3761591333672,
            694.6056435129217,
            442.40366182932985,
            198.21705274773916,
            491.58620810596386,
            720.3124322125781,
            338.49667649771686,
            109.00458705944443,
            27.58622844826744,
            221.1990054227188,
            611.9517954871936,
            376.17549096133314,
            522.4442553995593,
            433.0138565912181,
            654.2423098516329,
            597.1641315417395,
            380.728249542899,
            594.8747767387688,
            421.0997506529777,
            740.249957784531,
            368.506444991129,
            217.8164364780583,
            171.95929750961417,
            423.0,
            343.6277055186324,
            367.04904304465913,
            629.5180696374013,
            398.24615503479754,
            580.1137819428185,
            353.2817572420065,
            498.6231041578398,
            349.738473720007,
            779.236806112237,
            208.80613017821102
        ],
        [
            523.566614672861,
            238.41560351621283,
            397.6581446418519,
            0,
            457.08861285313156,
            329.87421845303396,
            514.3704890446185,
            689.7427056518974,
            444.9325791622816,
            722.6963401041962,
            496.445364566938,
            236.9662423215594,
            83.02409288875127,
            213.82703290276467,
            231.22499864850255,
            459.31470692761405,
            290.48924248584495,
            530.8577964012584,
            323.5567956325442,
            436.6062299143245,
            433.8029506584758,
            595.8741477862587,
            473.2071428032337,
            328.271229321121,
            540.0592560080792,
            355.8005059018326,
            370.21750363806404,
            312.11696525501463,
            604.0869142764144,
            84.38009243891595,
            326.43529220965064,
            409.659614802338,
            261.8110005328271,
            481.8640887221209,
            439.1924407364043,
            521.359760626,
            537.7889920777479,
            345.0130432317016,
            176.37743619862488,
            526.9079616024036,
            250.63519305955418,
            361.437408135904,
            258.897663179875,
            472.839296167313,
            341.2814088109694,
            312.4163888146715,
            305.286750449475,
            44.40720662234903,
            110.81967334368028,
            510.16957964974745,
            388.2087067544982,
            511.5193055985277
        ],
        [
            877.2616485405025,
            288.2498915871435,
            852.3250553632693,
            457.08861285313156,
            0,
            229.92390045404153,
            600.9201278040202,
            1112.6567305328272,
            386.2913408296904,
            1157.3245007343446,
            171.7323498936645,
            460.1315029423654,
            435.45952739606014,
            575.402467843161,
            687.2241264682141,
            742.7112494098901,
            579.0215885439851,
            974.0020533859259,
            513.5883565658396,
            438.4119067726149,
            788.6095358287268,
            1050.0685691896506,
            729.4141484780782,
            134.41726079637243,
            963.2995380461884,
            795.3665821493886,
            825.1987639350898,
            719.2808908903392,
            906.4529772690914,
            503.86704595557745,
            592.4204587959467,
            764.8954176879347,
            240.46829312822098,
            738.531651319021,
            766.3158617698058,
            798.5298992523699,
            928.6188669201158,
            112.16059914247961,
            527.5916981909401,
            949.0047418216623,
            692.5258117933223,
            714.3563536499132,
            654.2491880010247,
            873.0366544424122,
            381.0262458151669,
            614.3175074828977,
            407.44324758179516,
            501.22450059828486,
            353.9901128562774,
            923.9182864301366,
            185.18099254513137,
            933.4334470116229
        ],
        [
            834.7628405720992,
            94.06912352095135,
            716.6791471781497,
            329.87421845303396,
            229.92390045404153,
            0,
            677.9749257900324,
            1019.6165946079929,
            502.00398404793566,
            1051.504160714545,
            176.67201249773547,
            451.1873225169342,
            273.00183149568795,
            375.40511450964544,
            551.3565089848854,
            735.4053304130996,
            359.63453671748493,
            790.8862117902929,
            285.18765751694093,
            534.4642176984349,
            571.6589892584565,
            912.877319249416,
            735.4400043511367,
            193.72403051764124,
            765.5697224943003,
            685.1401316519125,
            689.1414949050738,
            637.3774391990981,
            678.6574983008734,
            341.6562600041159,
            368.3055796482046,
            548.9353331677603,
            73.00684899377592,
            509.40357281825186,
            736.2696516901943,
            569.9517523440031,
            717.6099218935033,
            170.66048165876012,
            467.1637828428055,
            856.6358619623627,
            580.2180624558322,
            500.0999900019996,
            457.92248252297026,
            667.0412281111267,
            445.9820624195551,
            588.8777462258189,
            446.96420438330404,
            371.44178547923224,
            267.5256997000475,
            722.2741861647833,
            66.18912297349165,
            841.2068711084094
        ],
        [
            443.67668408425527,
            634.1679588247895,
            677.9741882992301,
            514.3704890446185,
            600.9201278040202,
            677.9749257900324,
            0,
            747.5212371565106,
            222.12158832495325,
            817.594642839592,
            753.5204045014309,
            277.41665415039523,
            585.0299137650996,
            726.2568416200979,
            589.1044050081446,
            274.4467161399458,
            804.2244711521778,
            919.2937506586238,
            821.2441780615555,
            163.59095329510126,
            932.8579741847095,
            822.073597678456,
            234.6955474652214,
            509.4595175281349,
            970.2252315828526,
            571.2941449026061,
            662.4394311935243,
            457.05579528105756,
            1111.4971884804747,
            596.0947911196674,
            839.3146013265824,
            910.2197536858887,
            614.7519825100201,
            996.2339082765653,
            343.8211744497421,
            1034.5844576447107,
            1006.2971728073173,
            543.1252157652046,
            367.2220036980355,
            620.1814250685037,
            527.193512858419,
            866.1697293256098,
            755.4290171816276,
            939.3157083749851,
            233.0021459128649,
            280.9216972752372,
            234.38643305447522,
            521.7940206633265,
            464.0905084140377,
            957.5019582225406,
            694.7524739070744,
            608.8094940127002
        ],
        [
            305.00655730656024,
            927.6362433626664,
            344.10608829254966,
            689.7427056518974,
            1112.6567305328272,
            1019.6165946079929,
            747.5212371565106,
            0,
            887.2440475990809,
            77.10382610480495,
            1183.0557890480059,
            671.3002308952381,
            754.2360373251864,
            741.9090240723589,
            482.8084506302681,
            473.0803314448826,
            833.2544629343428,
            517.0928349919384,
            925.9600423344411,
            833.1686503943844,
            776.3117930316401,
            242.4396832203837,
            513.4685968976097,
            978.4932294093811,
            616.7600830144571,
            336.32870826023753,
            366.3468302032924,
            393.40564307086396,
            932.5331093317814,
            693.8364360567986,
            865.8689277252072,
            770.0025973982166,
            950.7575926596642,
            937.8112816553231,
            406.7247226319049,
            930.2843651271368,
            722.2700326055345,
            1004.9383065641393,
            585.4844148224614,
            164.2954655491137,
            439.9556795860238,
            764.8385450537911,
            687.4598170075105,
            681.9340144031531,
            804.1106888979899,
            528.5196306666385,
            756.9048817387823,
            648.7873303325212,
            769.0201557826687,
            646.5616753257186,
            1076.964716227974,
            179.91386828146406
        ],
        [
            600.0208329716561,
            481.3366805054442,
            732.4923207788597,
            444.9325791622816,
            386.2913408296904,
            502.00398404793566,
            222.12158832495325,
            887.2440475990809,
            0,
            949.1643693270412,
            547.6139150898194,
            251.16130275183716,
            492.2946272304828,
            652.9356783022353,
            601.6061834788601,
            435.74419101119406,
            711.1378206789454,
            939.7622039643859,
            701.076315389416,
            62.12889826803627,
            877.9715257341777,
            907.7604309508098,
            407.33278777923096,
            314.96825236839345,
            969.2043128257322,
            638.758952970524,
            710.7095046501066,
            529.9603758772914,
            1042.7847332982967,
            528.2471012698508,
            741.3265137576019,
            853.6052952038195,
            450.18440666020405,
            903.780946911363,
            486.8028348315157,
            951.5760610692137,
            980.0510190801294,
            346.27301367562563,
            367.0667514226807,
            738.6020579446011,
            562.424217117293,
            804.3307777276709,
            703.8188687439404,
            914.0021881811881,
            107.20074626605917,
            361.76926348157326,
            154.02921800749365,
            470.39238939421625,
            355.68806558556327,
            945.6130286750495,
            504.801941359183,
            724.6964881935057
        ],
        [
            377.59766948433355,
            958.3527534264198,
            351.5252480263686,
            722.6963401041962,
            1157.3245007343446,
            1051.504160714545,
            817.594642839592,
            77.10382610480495,
            949.1643693270412,
            0,
            1218.7944863675746,
            725.5597838910312,
            781.8625198844104,
            753.5781313175165,
            504.73854618009904,
            543.4151267677411,
            841.1718017147269,
            486.62100242385753,
            937.8704601382857,
            896.6967157294599,
            764.9084912589217,
            207.8942038634074,
            584.6238106680227,
            1022.9076204623759,
            587.0689908349784,
            367.00953666083393,
            376.7187279655738,
            440.4100362162515,
            911.7834172653065,
            718.2381220737312,
            871.9093989629886,
            761.007884321838,
            984.5024123891216,
            931.128884741527,
            474.7209706764596,
            918.5303478927628,
            696.7244792599151,
            1047.9561059510079,
            633.1674344120993,
            212.75807857752432,
            472.27110858065413,
            761.0131404910168,
            692.7986720541545,
            662.3329978190728,
            862.425069208914,
            588.1241365562206,
            814.3279437671288,
            680.2014407511939,
            808.6933905999232,
            621.4088831035489,
            1110.8933342135058,
            227.705950734714
        ],
        [
            977.9979550080868,
            269.2582403567252,
            889.6122750951674,
            496.445364566938,
            171.7323498936645,
            176.67201249773547,
            753.5204045014309,
            1183.0557890480059,
            547.6139150898194,
            1218.7944863675746,
            0,
            571.8400125909343,
            447.125262091061,
            550.0727224649482,
            723.3733475875372,
            860.9761901469749,
            524.6046130182235,
            966.8195281436965,
            436.9725391829559,
            594.7377573351132,
            735.641896577404,
            1086.7382389517725,
            854.0919154283104,
            246.98178070456936,
            938.5787127353784,
            851.7863581908318,
            862.028421805221,
            794.3632670258614,
            823.876811179924,
            516.6372034609974,
            527.2513632035483,
            714.0203078344481,
            235.4930996865938,
            651.4422460970734,
            872.9009107567708,
            713.6735948597229,
            884.8417937688071,
            212.9413064672986,
            612.6867062373722,
            1019.0475945705382,
            746.5252842335616,
            667.0629655437333,
            632.8111882702455,
            837.3559577622888,
            524.2146506918707,
            721.1726561649436,
            540.6829015236195,
            539.7128866351071,
            416.22710147226115,
            894.1258300709135,
            111.21151019566275,
            1003.4789484588106
        ],
        [
            417.41226623088113,
            386.51390660621774,
            482.40335819726624,
            236.9662423215594,
            460.1315029423654,
            451.1873225169342,
            277.41665415039523,
            671.3002308952381,
            251.16130275183716,
            725.5597838910312,
            571.8400125909343,
            0,
            309.0177988401315,
            449.480811603788,
            351.8465574650404,
            289.1660422663768,
            526.924093205084,
            690.7655173790887,
            548.6073276944084,
            221.21934815924214,
            661.2110101926617,
            662.7254333432512,
            284.9175319281002,
            332.9459415580854,
            725.6783033824285,
            392.6130410467793,
            460.06303915876566,
            289.8620361482338,
            837.072278838572,
            319.18803235710453,
            562.2463872716302,
            637.9247604537702,
            380.0210520484359,
            718.8226485023965,
            306.2498979591667,
            757.7156458725134,
            746.8721443460053,
            364.9232796081938,
            116.01724009818541,
            512.8206314102426,
            311.54614425474756,
            592.2246195490355,
            483.4469981290607,
            679.9249958635144,
            147.13938969562162,
            154.2368308803056,
            97.73944955850735,
            246.8136949198727,
            199.44924166313592,
            705.8342581654705,
            486.3589209626981,
            497.8684565224031
        ],
        [
            603.6033465778664,
            178.932948335403,
            443.70823747142674,
            83.02409288875127,
            435.45952739606014,
            273.00183149568795,
            585.0299137650996,
            754.2360373251864,
            492.2946272304828,
            781.8625198844104,
            447.125262091061,
            309.0177988401315,
            0,
            163.5145253486674,
            278.9265136196271,
            542.299732620255,
            221.8220007122828,
            538.5434058643742,
            242.39224410034248,
            492.603288661373,
            391.7601306922387,
            639.9789059023742,
            555.7139551963762,
            317.80025173054844,
            532.1700855929427,
            417.9581318744738,
            416.1850549935689,
            387.6596445337069,
            550.6523404108984,
            70.178344238091,
            255.2743622066266,
            367.04223190254277,
            213.2135080148535,
            415.5309856075718,
            521.6483489861729,
            460.24450023873175,
            512.4860973724068,
            326.71853329739344,
            259.04439773907484,
            593.6707841893519,
            314.9301509858972,
            316.24357700987383,
            229.21823662178366,
            451.089791504973,
            394.31205916126885,
            395.1012528453941,
            364.8191332701727,
            110.42191811411355,
            136.85028315644803,
            496.23583103198024,
            336.2038072360276,
            578.581887030695
        ],
        [
            657.6473218982952,
            291.20439557122074,
            402.05720985949256,
            213.82703290276467,
            575.402467843161,
            375.40511450964544,
            726.2568416200979,
            741.9090240723589,
            652.9356783022353,
            753.5781313175165,
            550.0727224649482,
            449.480811603788,
            163.5145253486674,
            0,
            267.60605374318425,
            635.8144383387341,
            97.62171889492625,
            417.8516483155235,
            184.3827540742355,
            648.9352818270863,
            228.30024091095478,
            580.7064662977328,
            657.8730880648639,
            470.0,
            390.85803049189104,
            418.32045132888254,
            377.30756684699554,
            432.6996648947166,
            390.9283821878376,
            130.29965464267357,
            134.97407158413796,
            203.57062656483623,
            336.91690370178816,
            273.06592610576666,
            598.3510675180584,
            308.3277476971543,
            355.1408171415952,
            473.22299183365976,
            370.4821183269174,
            594.6377048253836,
            334.72376670920755,
            152.73833834371774,
            82.76472678623425,
            297.6995129320839,
            552.0987230559404,
            499.48973963435924,
            518.3840275317132,
            205.7619984350852,
            299.34094273921164,
            349.25205797532533,
            441.47480109288233,
            581.2486559124244
        ],
        [
            400.76551747873714,
            457.39807607815754,
            166.71232707871366,
            231.22499864850255,
            687.2241264682141,
            551.3565089848854,
            589.1044050081446,
            482.8084506302681,
            601.6061834788601,
            504.73854618009904,
            723.3733475875372,
            351.8465574650404,
            278.9265136196271,
            267.60605374318425,
            0,
            417.4937125275062,
            364.06730147048364,
            339.0,
            448.020088835311,
            572.4770737767584,
            385.21163014633913,
            364.8246153975907,
            449.7221364353772,
            556.2670222114556,
            381.241393345476,
            151.25144627407698,
            139.17614738165443,
            182.60339536821323,
            568.8532323895154,
            213.60009363293827,
            400.0312487793923,
            367.92390517605673,
            487.90572859928585,
            508.9223909399154,
            363.05509223807894,
            523.0038240777977,
            423.813638289284,
            575.0660831591445,
            236.4571842850202,
            329.1337114304762,
            78.03204469959762,
            339.6380426277363,
            234.53997527074142,
            358.13126085277725,
            495.1222071367835,
            314.39624679693617,
            447.6438316340347,
            186.81809334215998,
            334.59228921181074,
            369.49966170485186,
            613.2772619297083,
            315.2031091217217
        ],
        [
            170.1763790894612,
            662.4349024621213,
            451.2759687818531,
            459.31470692761405,
            742.7112494098901,
            735.4053304130996,
            274.4467161399458,
            473.0803314448826,
            435.74419101119406,
            543.4151267677411,
            860.9761901469749,
            289.1660422663768,
            542.299732620255,
            635.8144383387341,
            417.4937125275062,
            0,
            729.6094845874744,
            708.3078426785912,
            780.7438760566745,
            376.2246669212427,
            800.0156248474151,
            564.5883456112073,
            43.18564576337837,
            620.0967666421105,
            777.0521218039366,
            342.8644046850008,
            442.9864557748916,
            242.1177399531063,
            984.2098353501655,
            519.9096075280779,
            767.5063517652476,
            781.0716996537514,
            662.9215639877768,
            904.7878204308454,
            74.96665925596525,
            928.8369071047941,
            836.9617673466335,
            652.7725484424111,
            283.832697200305,
            351.03561072916807,
            340.969206820792,
            746.7938135790895,
            634.89369188865,
            772.8939125132246,
            375.84172200542076,
            149.164338901763,
            338.54098717880527,
            442.4409565128436,
            471.5135204848319,
            775.9052777240274,
            774.2764364230646,
            341.0718399399165
        ],
        [
            755.2019597432201,
            291.4961406262525,
            490.6526266107214,
            290.48924248584495,
            579.0215885439851,
            359.63453671748493,
            804.2244711521778,
            833.2544629343428,
            711.1378206789454,
            841.1718017147269,
            524.6046130182235,
            526.924093205084,
            221.8220007122828,
            97.62171889492625,
            364.06730147048364,
            729.6094845874744,
            0,
            468.41221162561504,
            105.41821474489123,
            714.0371138813443,
            212.07781590727492,
            660.5527987980977,
            750.0593309865561,
            490.68319718531217,
            421.90046219457975,
            514.0603077460853,
            467.1241804916547,
            530.2235377649695,
            338.7048862948393,
            213.3541656495134,
            37.94733192202055,
            189.7076698502198,
            339.58945802247746,
            193.72403051764124,
            694.3615772780057,
            240.88171371027732,
            360.256852814766,
            487.09136719921446,
            458.1844606705906,
            689.138592737339,
            432.26149493101974,
            142.67795905464865,
            149.46571513226704,
            315.3173005085512,
            615.4421175057813,
            590.3388857258176,
            586.63787808153,
            291.9794513317675,
            356.0688135740057,
            374.626480644388,
            422.83093548131023,
            676.06212732263
        ],
        [
            623.9390995922599,
            702.2535154771388,
            259.01737393464555,
            530.8577964012584,
            974.0020533859259,
            790.8862117902929,
            919.2937506586238,
            517.0928349919384,
            939.7622039643859,
            486.62100242385753,
            966.8195281436965,
            690.7655173790887,
            538.5434058643742,
            417.8516483155235,
            339.0,
            708.3078426785912,
            468.41221162561504,
            0,
            573.6209549868275,
            911.4740808163443,
            313.1213822146293,
            278.8906595782655,
            747.5994917066224,
            853.381509056764,
            100.44899203078148,
            365.6993300513415,
            265.32432983049256,
            470.9575352407051,
            430.61467694448135,
            470.7717068813716,
            485.3720222674562,
            318.89339911638183,
            744.6643539206103,
            484.9340161300298,
            639.0618123468183,
            456.79098064650964,
            212.00235847744713,
            864.7612387243082,
            575.4485207210112,
            447.5555831402397,
            392.32639472765527,
            341.4395993437199,
            335.3356527421443,
            191.32433196015606,
            832.8847459282707,
            638.8505302494474,
            786.034350394434,
            491.31863388233097,
            641.6735930362104,
            138.8128236151113,
            857.067091889544,
            443.81302369353693
        ],
        [
            824.9224205948096,
            238.32121181296472,
            586.3761591333672,
            323.5567956325442,
            513.5883565658396,
            285.18765751694093,
            821.2441780615555,
            925.9600423344411,
            701.076315389416,
            937.8704601382857,
            436.9725391829559,
            548.6073276944084,
            242.39224410034248,
            184.3827540742355,
            448.020088835311,
            780.7438760566745,
            105.41821474489123,
            573.6209549868275,
            0,
            713.1227103381297,
            302.8696089078599,
            762.0164040229055,
            796.3943746662202,
            444.47384624969783,
            524.2451716515852,
            599.2703897240376,
            561.6903061296322,
            601.0673839096579,
            393.4717270656177,
            263.47106102948004,
            93.47192091746057,
            283.21370023358685,
            284.07393403830633,
            225.1754871206011,
            753.7751654173809,
            284.96491012052695,
            454.87580722654394,
            434.19005055390204,
            499.64987741417485,
            776.8249481060711,
            509.4948478640388,
            241.47877753541823,
            251.6445906432324,
            415.36971483246106,
            614.2963454229563,
            635.4470867035271,
            593.0,
            338.740313514645,
            358.20943594495105,
            475.9873947910806,
            343.02332282222443,
            763.0969794200473
        ],
        [
            542.2333446035941,
            503.8223893397355,
            694.6056435129217,
            436.6062299143245,
            438.4119067726149,
            534.4642176984349,
            163.59095329510126,
            833.1686503943844,
            62.12889826803627,
            896.6967157294599,
            594.7377573351132,
            221.21934815924214,
            492.603288661373,
            648.9352818270863,
            572.4770737767584,
            376.2246669212427,
            714.0371138813443,
            911.4740808163443,
            713.1227103381297,
            0,
            870.063216094095,
            864.118626115651,
            346.5544690232691,
            354.90421242921303,
            946.6409034052987,
            597.117241419137,
            674.0741798941715,
            485.8003705227076,
            1039.8634525744233,
            520.9462544255405,
            746.0730527233911,
            846.0650093225697,
            477.25255368620077,
            907.6827639654726,
            429.9593003994681,
            952.6914505756835,
            964.4231436459829,
            387.72283915188694,
            336.0267846467005,
            687.6168991524278,
            527.1366046861099,
            798.042605378936,
            693.6375134030743,
            897.7594332559253,
            99.03534722511958,
            312.36036880500706,
            132.00378782444085,
            456.9212185924396,
            358.7004321157141,
            925.8444793808516,
            543.6920084018157,
            674.0897566348269
        ],
        [
            779.6928882579346,
            500.360869773007,
            442.40366182932985,
            433.8029506584758,
            788.6095358287268,
            571.6589892584565,
            932.8579741847095,
            776.3117930316401,
            877.9715257341777,
            764.9084912589217,
            735.641896577404,
            661.2110101926617,
            391.7601306922387,
            228.30024091095478,
            385.21163014633913,
            800.0156248474151,
            212.07781590727492,
            313.1213822146293,
            302.8696089078599,
            870.063216094095,
            0,
            563.0035523866612,
            829.4395698301354,
            692.6911288590319,
            238.0273093575609,
            508.4338698395299,
            427.6844631267309,
            567.6653944006099,
            184.200977196105,
            349.8471094635484,
            209.74508337503408,
            24.73863375370596,
            548.2335268843013,
            172.16852209390657,
            748.174444899049,
            154.00324671902212,
            152.5319638633162,
            692.5265337876954,
            566.692156289462,
            659.9462099292639,
            463.2375200693485,
            76.11832893594027,
            177.78920102188434,
            125.80143083447024,
            775.067738975117,
            681.1732525576734,
            738.3122645601927,
            414.889141819836,
            526.8662069254394,
            187.57931655702342,
            634.8740032478886,
            650.1699777750431
        ],
        [
            430.48809507348744,
            818.8406438373707,
            198.21705274773916,
            595.8741477862587,
            1050.0685691896506,
            912.877319249416,
            822.073597678456,
            242.4396832203837,
            907.7604309508098,
            207.8942038634074,
            1086.7382389517725,
            662.7254333432512,
            639.9789059023742,
            580.7064662977328,
            364.8246153975907,
            564.5883456112073,
            660.5527987980977,
            278.8906595782655,
            762.0164040229055,
            864.118626115651,
            563.0035523866612,
            0,
            607.7014069425873,
            917.6055797563569,
            379.32835380445795,
            270.1184925176357,
            225.67454442182884,
            378.34508058120696,
            704.5970479642956,
            571.3860341310418,
            688.1002833889839,
            561.103377284436,
            851.6037811095016,
            732.1017688818952,
            489.6243457999204,
            715.5990497478319,
            488.8813762049031,
            938.0703598344849,
            553.4880305842214,
            226.11943746613204,
            362.24301235496597,
            566.2022606807571,
            511.1653352879086,
            456.053724905301,
            808.9283033742854,
            554.589938603289,
            759.2008956791345,
            551.4943336064297,
            696.1501274868805,
            413.65807135845904,
            976.0696696445393,
            230.9328906847182
        ],
        [
            209.03827400741713,
            666.2709658990101,
            491.58620810596386,
            473.2071428032337,
            729.4141484780782,
