{
    "depot": {
        "x": 847,
        "y": 54,
        "node_type": "depot",
        "id": 0
    },
    "final_destination": {
        "x": 772,
        "y": 95,
        "node_type": "final",
        "id": 26
    },
    "pickup_nodes": [
        {
            "x": 462,
            "y": 526,
            "node_type": "pickup",
            "id": 1
        },
        {
            "x": 18,
            "y": 51,
            "node_type": "pickup",
            "id": 2
        },
        {
            "x": 492,
            "y": 330,
            "node_type": "pickup",
            "id": 3
        },
        {
            "x": 669,
            "y": 915,
            "node_type": "pickup",
            "id": 4
        },
        {
            "x": 114,
            "y": 661,
            "node_type": "pickup",
            "id": 5
        },
        {
            "x": 691,
            "y": 879,
            "node_type": "pickup",
            "id": 6
        },
        {
            "x": 374,
            "y": 447,
            "node_type": "pickup",
            "id": 7
        },
        {
            "x": 726,
            "y": 421,
            "node_type": "pickup",
            "id": 8
        },
        {
            "x": 582,
            "y": 286,
            "node_type": "pickup",
            "id": 9
        },
        {
            "x": 306,
            "y": 109,
            "node_type": "pickup",
            "id": 10
        },
        {
            "x": 309,
            "y": 886,
            "node_type": "pickup",
            "id": 11
        },
        {
            "x": 341,
            "y": 588,
            "node_type": "pickup",
            "id": 12
        },
        {
            "x": 375,
            "y": 684,
            "node_type": "pickup",
            "id": 13
        },
        {
            "x": 964,
            "y": 635,
            "node_type": "pickup",
            "id": 14
        },
        {
            "x": 957,
            "y": 915,
            "node_type": "pickup",
            "id": 15
        },
        {
            "x": 865,
            "y": 162,
            "node_type": "pickup",
            "id": 16
        },
        {
            "x": 737,
            "y": 358,
            "node_type": "pickup",
            "id": 17
        },
        {
            "x": 253,
            "y": 177,
            "node_type": "pickup",
            "id": 18
        },
        {
            "x": 637,
            "y": 376,
            "node_type": "pickup",
            "id": 19
        },
        {
            "x": 674,
            "y": 624,
            "node_type": "pickup",
            "id": 20
        },
        {
            "x": 306,
            "y": 338,
            "node_type": "pickup",
            "id": 21
        },
        {
            "x": 96,
            "y": 206,
            "node_type": "pickup",
            "id": 22
        },
        {
            "x": 932,
            "y": 132,
            "node_type": "pickup",
            "id": 23
        },
        {
            "x": 990,
            "y": 662,
            "node_type": "pickup",
            "id": 24
        },
        {
            "x": 583,
            "y": 392,
            "node_type": "pickup",
            "id": 25
        }
    ],
    "delivery_nodes": [
        {
            "x": 62,
            "y": 526,
            "node_type": "delivery",
            "id": 1
        },
        {
            "x": 171,
            "y": 66,
            "node_type": "delivery",
            "id": 2
        },
        {
            "x": 361,
            "y": 127,
            "node_type": "delivery",
            "id": 3
        },
        {
            "x": 677,
            "y": 572,
            "node_type": "delivery",
            "id": 4
        },
        {
            "x": 838,
            "y": 403,
            "node_type": "delivery",
            "id": 5
        },
        {
            "x": 720,
            "y": 98,
            "node_type": "delivery",
            "id": 6
        },
        {
            "x": 372,
            "y": 679,
            "node_type": "delivery",
            "id": 7
        },
        {
            "x": 17,
            "y": 655,
            "node_type": "delivery",
            "id": 8
        },
        {
            "x": 432,
            "y": 720,
            "node_type": "delivery",
            "id": 9
        },
        {
            "x": 762,
            "y": 110,
            "node_type": "delivery",
            "id": 10
        },
        {
            "x": 833,
            "y": 854,
            "node_type": "delivery",
            "id": 11
        },
        {
            "x": 921,
            "y": 577,
            "node_type": "delivery",
            "id": 12
        },
        {
            "x": 392,
            "y": 982,
            "node_type": "delivery",
            "id": 13
        },
        {
            "x": 550,
            "y": 414,
            "node_type": "delivery",
            "id": 14
        },
        {
            "x": 753,
            "y": 119,
            "node_type": "delivery",
            "id": 15
        },
        {
            "x": 51,
            "y": 944,
            "node_type": "delivery",
            "id": 16
        },
        {
            "x": 901,
            "y": 676,
            "node_type": "delivery",
            "id": 17
        },
        {
            "x": 201,
            "y": 91,
            "node_type": "delivery",
            "id": 18
        },
        {
            "x": 877,
            "y": 44,
            "node_type": "delivery",
            "id": 19
        },
        {
            "x": 242,
            "y": 993,
            "node_type": "delivery",
            "id": 20
        },
        {
            "x": 260,
            "y": 854,
            "node_type": "delivery",
            "id": 21
        },
        {
            "x": 283,
            "y": 82,
            "node_type": "delivery",
            "id": 22
        },
        {
            "x": 567,
            "y": 752,
            "node_type": "delivery",
            "id": 23
        },
        {
            "x": 260,
            "y": 506,
            "node_type": "delivery",
            "id": 24
        },
        {
            "x": 641,
            "y": 975,
            "node_type": "delivery",
            "id": 25
        }
    ],
    "travel_costs": [
        [
            0,
            609.1050812462494,
            829.0054282090076,
            449.66765505203955,
            879.2070290892811,
            951.7026846657521,
            839.6195567041062,
            614.9617874307313,
            386.4324002979047,
            352.20590568586437,
            543.7885618510194,
            990.7916027096718,
            735.6575290174089,
            787.2001016260097,
            592.6634795564848,
            867.9982718876807,
            109.48972554536795,
            323.2893440866866,
            606.6011869424589,
            384.4268460968875,
            595.675247093582,
            611.0130931494022,
            766.2277729239524,
            115.36463929644992,
            624.5902656942388,
            428.8822682275405,
            915.9743446188872,
            676.1065004864248,
            491.4519305079593,
            545.1825382383408,
            349.11602655850675,
            134.40610105199838,
            785.0159234053791,
            1024.744358364563,
            784.7171464929258,
            101.78899744078433,
            800.1224906225297,
            528.2092388438506,
            1033.5419681851338,
            466.7001178487102,
            114.28473213863697,
            1194.0335003675568,
            624.3396511515186,
            647.0587299465174,
            31.622776601683796,
            1117.0255144803095,
            992.2545036430926,
            564.6946077305856,
            752.0664864225769,
            740.8596358285421,
            943.7568542797452,
            85.47514258543241
        ],
        [
            609.1050812462494,
            0,
            650.2007382339704,
            198.28262657126567,
            440.64725121121546,
            373.2680002357555,
            420.7730979993849,
            118.25819210524064,
            284.1144135731237,
            268.3281572999748,
            445.22466238967496,
            391.1636486178131,
            135.95955280891445,
            180.3690660839602,
            513.6973817336428,
            629.5601639239891,
            543.051562929341,
            322.2561093292104,
            406.79478856052225,
            230.48861143232216,
            233.55513267749012,
            244.29490375363955,
            486.16458118624803,
            613.2992744166587,
            545.2338947644396,
            180.54639292990595,
            400.0,
            544.3170032251427,
            411.584742185616,
            219.8658682015014,
            395.6071283483148,
            499.7479364639738,
            177.50774630984418,
            463.3206233268707,
            196.3058837630701,
            512.8898517225701,
            495.20197899443014,
            461.82464204500826,
            461.3415220853202,
            142.43595051811883,
            500.3298911718148,
            586.2124188380864,
            463.9191739947811,
            507.2928148515411,
            636.0416653018889,
            516.2257258215634,
            385.21163014633913,
            478.7243465711766,
            249.20072231034968,
            202.98768435548004,
            483.36528630012316,
            530.9058296911045
        ],
        [
            829.0054282090076,
            650.2007382339704,
            0,
            550.0154543283306,
            1081.8026622263415,
            617.5078946863756,
            1067.0112464262033,
            532.4960093747183,
            798.8516758447715,
            611.0,
            293.7822322741796,
            884.2544882555021,
            626.6562055864442,
            726.7310369043007,
            1111.7427760053133,
            1276.0160657295817,
            854.2423543702338,
            781.7992069578992,
            266.64770765937595,
            699.132319378814,
            871.0137771585476,
            406.5870140572618,
            173.5194513592064,
            917.5821489109298,
            1148.0875402163374,
            659.9287840365806,
            477.03354179763915,
            153.73353570382747,
            351.31894341182345,
            840.0726159088869,
            892.3586722837405,
            703.5716026105658,
            720.9022125087424,
            604.0008278140022,
            786.7382029620782,
            746.3357153453129,
            1144.130237341886,
            1045.0287077396488,
            1003.313011975824,
            644.0442531379346,
            738.1388758221586,
            893.6095344164587,
            1081.8105194533837,
            187.3205808233575,
            859.0285210631833,
            968.2664922427091,
            838.6733571540233,
            266.8070463837115,
            890.394294680733,
            515.3532768887766,
            1114.4079145447595,
            755.2827285195922
        ],
        [
            449.66765505203955,
            198.28262657126567,
            550.0154543283306,
            0,
            611.1906412896061,
            502.4390510300727,
            583.9537652931095,
            166.1715980545412,
            251.07170290576357,
            100.17983829094554,
            288.85463472134217,
            585.341780500931,
            298.93979326948096,
            372.83374310810444,
            561.9688603472615,
            747.2951224248691,
            409.0880100907383,
            246.59480935331948,
            283.7780823108085,
            152.12166183683374,
            345.7744929863971,
            186.17196351760379,
            414.96023905911755,
            482.49766838814884,
            598.5215117270222,
            110.11357772772621,
            472.56322328340354,
            415.6164096856619,
            241.59884105682295,
            304.61286906498225,
            353.61702447704636,
            325.2814166225916,
            369.05419656196835,
            575.5432216610669,
            394.58839313897715,
            348.28149534536,
            625.1855724502925,
            495.0252518811541,
            659.6241353983343,
            102.07840124139875,
            335.62181097181394,
            755.9609778288824,
            535.7210094816144,
            376.56606326114945,
            479.60504584501615,
            708.5682747625665,
            573.0619512757761,
            324.3223704896102,
            428.61287894789155,
            291.2043955712207,
            661.9864046942354,
            365.54753452868476
        ],
        [
            879.2070290892811,
            440.64725121121546,
            1081.8026622263415,
            611.1906412896061,
            0,
            610.3613683712297,
            42.190046219457976,
            553.2169556331404,
            497.2775884754912,
            634.9881888665332,
            883.9711533754933,
            361.1661667432319,
            463.15548145304297,
            373.8943701100619,
            406.72472263190497,
            288.0,
            778.090611689924,
            561.1354560175288,
            847.1717653463198,
            539.949071672505,
            291.0429521565502,
            681.6876117401576,
            911.5974988995966,
            825.9891040443572,
            408.7175063537162,
            530.0235843809216,
            720.9507611480828,
            984.2789238828597,
            846.0543717752423,
            343.09328177625395,
            539.1706594391056,
            818.590251591112,
            379.3481250777444,
            701.9287713151529,
            306.91041038061906,
            810.3542435256325,
            174.9771413642365,
            421.6017077764273,
            284.9877190336454,
            514.9388313188276,
            800.4198898078434,
            618.6800465507191,
            333.0840734709481,
            947.6286192385708,
            895.4914851633152,
            434.06566323541415,
            413.52388080980285,
            918.0876864439475,
            192.28364465029262,
            578.4133470105959,
            66.2117814289874,
            826.443585491472
        ],
        [
            951.7026846657521,
            373.2680002357555,
            617.5078946863756,
            502.4390510300727,
            610.3613683712297,
            0,
            616.8087223767187,
            336.7432256185713,
            657.3766043905122,
            599.7074286683466,
            584.4381917705242,
            297.7414986191881,
            238.44915600605506,
            262.011450131478,
            850.3975540886744,
            880.4345517981448,
            901.6662353665018,
            692.7755769367162,
            503.5642957954823,
            595.6122900008024,
            561.2209903415944,
            375.7565701355067,
            455.35590476022156,
            974.1483459925394,
            876.0005707760698,
            540.6681052179794,
            144.66858677681208,
            597.7240165829043,
            588.3578842847268,
            569.9912280026773,
            768.5961228109337,
            827.1668513667602,
            258.62714474702767,
            97.18538984847466,
            323.4269623887285,
            850.5909710313177,
            744.452819190041,
            811.3599694340361,
            424.64691215173104,
            501.10378166603374,
            837.9051258943341,
            289.9275771636772,
            787.1429349235119,
            576.6012486979195,
            981.2532802492943,
            355.82017930409734,
            242.00206610688267,
            603.160011937131,
            462.0497808678195,
            212.93426215618751,
            613.4533397088975,
            867.9400900983892
        ],
        [
            839.6195567041062,
            420.7730979993849,
            1067.0112464262033,
            583.9537652931095,
            42.190046219457976,
            616.8087223767187,
            0,
            535.8292638518355,
            459.3353894487121,
            602.93449063725,
            860.8861713374191,
            382.064130742471,
            455.1713962893538,
            371.32330926027254,
            366.14887682471453,
            268.4250360901531,
            737.8109513960877,
            523.0267679574345,
            827.4345895598033,
            505.89030431507587,
            255.56603843233947,
            664.0075300777845,
            898.3061838816429,
            784.914008028905,
            369.4455304913026,
            498.8316349230469,
            721.2835780745323,
            965.0746085148029,
            821.2210421074218,
            307.3190524520079,
            498.18169376242633,
            781.5382268321877,
            376.51162000660753,
            710.2478440657177,
            303.9111712326482,
            772.2706779361754,
            144.183910336764,
            379.610326519182,
            316.24357700987383,
            485.90739858536836,
            762.5247536965604,
            643.2923130272893,
            292.0770446303509,
            927.9245658996209,
            855.4653704271144,
            463.246154868014,
            431.7244491570984,
            895.3619379893249,
            177.49647883831386,
            569.9912280026772,
            108.24047302187847,
            788.1732043148892
        ],
        [
            614.9617874307313,
            118.25819210524064,
            532.4960093747183,
            166.1715980545412,
            553.2169556331404,
            336.7432256185713,
            535.8292638518355,
            0,
            352.95892112255785,
            263.0304164920856,
            344.77238868563705,
            443.785984456472,
            144.81022063376605,
            237.00210969525145,
            619.2285523132796,
            747.6048421459026,
            567.7200014091453,
            373.7512541784977,
            295.8732836874597,
            272.4151243965724,
            348.3231258472512,
            128.47178678604888,
            367.9198282234867,
            640.7721904077923,
            652.442334616631,
            216.1157097482735,
            321.846236578898,
            431.7059184213253,
            320.26395363824514,
            327.7712617054766,
            466.0815379308646,
            491.44379129255464,
            232.00862052949674,
            413.1742973612952,
            279.0931744059679,
            513.9192543581141,
            613.457414984936,
            562.2357156922709,
            535.3027180950979,
            179.06702655709677,
            501.2235030403104,
            592.737716026237,
            574.6042116100438,
            395.8092975158618,
            644.5292856030671,
            561.7294722551062,
            422.6641692881004,
            376.17283261819955,
            360.9348971767624,
            128.3627671873741,
            591.669671353873,
            531.3266415304242
        ],
        [
            386.4324002979047,
            284.1144135731237,
            798.8516758447715,
            251.07170290576357,
            497.2775884754912,
            657.3766043905122,
            459.3353894487121,
            352.95892112255785,
            0,
            197.3854097951518,
            523.2055045581994,
            624.5910662185298,
            419.6593856927306,
            438.6000455996329,
            320.06249389767623,
            545.3411776126941,
            293.9421711833809,
            63.953107821277925,
            532.2264555619158,
            99.7296345125159,
            209.55428890862626,
            428.12264597892977,
            665.6763477847173,
            354.9042124292131,
            357.45908856818846,
            145.9109317357682,
            672.2506972848745,
            658.8247111333941,
            468.6800614491724,
            158.75137794677562,
            113.43720729989785,
            323.05572274763995,
            438.0410939626555,
            746.6170370410791,
            419.3292262649958,
            313.07666792656397,
            446.02466299522047,
            249.72184525988112,
            652.8989202012821,
            176.13914953808535,
            303.20455141702604,
            853.9051469572016,
            309.2733418838423,
            620.1007982578316,
            406.11574704756276,
            749.2930001007617,
            636.1171275795049,
            557.826137788469,
            367.20838770376696,
            473.68871635283864,
            560.4828275692307,
            329.22940330413985
        ],
        [
            352.20590568586437,
            268.3281572999748,
            611.0,
            100.17983829094554,
            634.9881888665332,
            599.7074286683466,
            602.93449063725,
            263.0304164920856,
            197.3854097951518,
            0,
            327.8795510549568,
            659.1881370291793,
            386.3741709793759,
            448.6123047799737,
            517.4214916294065,
            732.3018503322246,
            308.97410894765926,
            170.90640713560154,
            346.5862086119411,
            105.47511554864494,
            350.2970168300039,
            280.8558349046713,
            492.5403536767318,
            382.38200794493457,
            554.8333083007905,
            106.00471687618433,
            572.7128425310541,
            466.1770050098997,
            272.2535582871232,
            301.36522692573544,
            281.4693589007514,
            233.21234958723778,
            445.5883750727795,
            674.8229397404922,
            459.190592238125,
            251.74590364095303,
            620.987117418711,
            446.7683963755718,
            721.467948006008,
            131.93938001976514,
            239.01882771028727,
            845.5323766716447,
            503.8462066940665,
            428.0023364422208,
            381.5612663780222,
            784.5055767806879,
            652.9226600448172,
            361.9627052611913,
            466.24135380723146,
            389.9794866400026,
            691.5215108729446,
            269.4086115921316
        ],
        [
            543.7885618510194,
            445.22466238967496,
            293.7822322741796,
            288.85463472134217,
            883.9711533754933,
            584.4381917705242,
            860.8861713374191,
            344.77238868563705,
            523.2055045581994,
            327.8795510549568,
            0,
            777.0057914842076,
            480.2770034053265,
            579.1252023526519,
            842.4013295336136,
            1036.068047958241,
            561.5069011152045,
            497.7569688110855,
            86.21484790916237,
            425.26462349929835,
            632.9684036348101,
            229.0,
            231.3201245028197,
            626.422381464775,
            879.5822872250213,
            396.00252524447365,
            483.14076623692193,
            141.6827441857335,
            57.87054518492115,
            593.3043064060803,
            607.8322136905874,
            414.1461094831147,
            573.8083303682512,
            617.767755714071,
            623.8565540250419,
            456.0010964899098,
            912.5535600719553,
            772.8188662293384,
            877.2257406164048,
            390.59057848340376,
            447.11184283129876,
            873.0692985095742,
            821.8965871689697,
            106.53168542738821,
            574.6877412995686,
            886.3137142118471,
            746.4187832577634,
            35.4682957019364,
            693.9524479386178,
            399.6561021678513,
            928.5370213405603,
            466.21025299750755
        ],
        [
            990.7916027096718,
            391.1636486178131,
            884.2544882555021,
            585.341780500931,
            361.1661667432319,
            297.7414986191881,
            382.064130742471,
            443.785984456472,
            624.5910662185298,
            659.1881370291793,
            777.0057914842076,
            0,
            299.71319623933806,
            212.5088233462319,
            701.4456500684853,
            648.6485951576553,
            912.8592443526001,
            679.6822787155776,
            711.2081270626763,
            606.3695243001581,
            449.29834186206386,
            548.0082116173078,
            712.5791184142291,
            978.082307374998,
            716.8939949532288,
            564.8999911488759,
            436.5879063831246,
            831.5311178783389,
            760.7792058146699,
            483.75613691197753,
            716.330929110282,
            888.7434950535503,
            216.37467504308353,
            372.3237838226293,
            206.6034849657672,
            898.5460477905403,
            524.9761899362675,
            685.5836929215864,
            126.90547663517125,
            529.9669801034778,
            886.2420662550384,
            264.43902888945877,
            628.143295753445,
            802.3023120993731,
            1015.6712066412043,
            126.24579200908045,
            58.52349955359813,
            804.4202881578758,
            290.7232360854564,
            383.14618620051533,
            343.72227160892555,
            916.5424158215483
        ],
        [
            735.6575290174089,
            135.95955280891445,
            626.6562055864442,
            298.93979326948096,
            463.15548145304297,
            238.44915600605506,
            455.1713962893538,
            144.81022063376605,
            419.6593856927306,
            386.3741709793759,
            480.2770034053265,
            299.71319623933806,
            0,
            101.84301645179211,
            624.7703578115722,
            697.4130770210722,
            675.3162222248181,
            457.9475952551776,
            420.315357796976,
            364.08790147435553,
            334.9402931867111,
            252.43811122728675,
            453.81604202584117,
            746.4696912802287,
            653.2051745049177,
            311.4161203277698,
            285.80587817607955,
            548.9845170858647,
            461.4336355316981,
            336.38073666605817,
            530.3150007306978,
            619.4683204167909,
            96.13532129243653,
            330.8549531138985,
            160.32778923193572,
            636.9654621720083,
            559.303137842083,
            580.1043009666452,
            397.28704987703793,
            271.9503631179778,
            624.2635661321266,
            459.1688142720496,
            566.87211961782,
            516.3419409654807,
            763.6962747061165,
            416.9244535884169,
            278.05934618350807,
            509.3132631298737,
            279.23466833471804,
            115.26057435220423,
            489.6621284110096,
            654.8358572955516
        ],
        [
            787.2001016260097,
            180.3690660839602,
            726.7310369043007,
            372.83374310810444,
            373.8943701100619,
            262.011450131478,
            371.32330926027254,
            237.00210969525145,
            438.6000455996329,
            448.6123047799737,
            579.1252023526519,
            212.5088233462319,
            101.84301645179211,
            0,
            591.0346859533711,
            626.1669106556175,
            715.9497189048964,
            487.15500613254505,
            521.4719551423642,
            404.3612246494463,
            304.9606531997202,
            352.8129816205747,
            553.4663494739315,
            784.1893903898471,
            615.3933701300332,
            358.5080194361069,
            350.6180257773408,
            650.7995082972943,
            557.1759147701918,
            322.0993635510632,
            541.5994830130472,
            680.0154410011585,
            5.8309518948453,
            359.1726604294932,
            67.4166151627327,
            692.275234281857,
            488.53249636027283,
            556.3856576152912,
            298.4845054605013,
            321.7530108639234,
            679.7859957368937,
            415.42267631895106,
            526.0608329841712,
            618.0008090609591,
            813.3904351539918,
            336.4074909986399,
            205.24375751773792,
            608.9893266716584,
            203.68603290358422,
            211.91743675309024,
            394.25499362722087,
            710.302752352826
        ],
        [
            592.6634795564848,
            513.6973817336428,
            1111.7427760053133,
            561.9688603472615,
            406.72472263190497,
            850.3975540886744,
            366.14887682471453,
            619.2285523132796,
            320.06249389767623,
            517.4214916294065,
            842.4013295336136,
            701.4456500684853,
            624.7703578115722,
            591.0346859533711,
            0,
            280.0874863323958,
            483.2494180027535,
            358.13126085277725,
            845.7452335071124,
            417.1450587026053,
            290.2085457046363,
            721.9231261013877,
            968.2277624608788,
            504.016864797201,
            37.48332962798262,
            451.896005735833,
            908.5620507153048,
            976.0174178773656,
            788.4624277668531,
            293.833286065415,
            264.0075756488817,
            589.8347226130385,
            593.6328831862331,
            947.2111696976551,
            538.7476218044958,
            562.5202218587345,
            255.19012520080005,
            72.20110802473879,
            669.0239158654942,
            469.2941508265365,
            557.4737661989127,
            963.8723981938689,
            75.16648189186454,
            937.0725692282322,
            597.3692325521963,
            805.883366250973,
            737.2767458695547,
            877.2513892835964,
            413.8816255887666,
            715.7213144793161,
            468.9658836205465,
            573.1177889404585
        ],
        [
            867.9982718876807,
            629.5601639239891,
            1276.0160657295817,
            747.2951224248691,
            288.0,
            880.4345517981448,
            268.4250360901531,
            747.6048421459026,
            545.3411776126941,
            732.3018503322246,
            1036.068047958241,
            648.6485951576553,
            697.4130770210722,
            626.1669106556175,
            280.0874863323958,
            0,
            758.5993672552067,
            598.8731084294902,
            1019.9313702401745,
            626.8341088358227,
            405.9187110740277,
            869.9022933640307,
            1115.3483760691097,
            783.3990043394234,
            255.14309710435043,
            642.9657844706824,
            975.8821650178879,
            1156.9775278716525,
            988.0080971328119,
            442.7742088243171,
            525.6472201010864,
            850.6809037471102,
            630.80979700699,
            975.2948272189287,
            560.0446410778342,
            828.2813531644907,
            138.19189556555045,
            339.91175325369375,
            568.9586979737634,
            645.4843142943134,
            821.725014831604,
            906.4640092138243,
            245.47301277329854,
            1118.2629386687195,
            874.6662220527325,
            719.2419620683987,
            699.6642051727385,
            1071.5246147429373,
            422.6925596695546,
            808.1398393842492,
            321.64576788759405,
            840.6098976338549
        ],
        [
            109.48972554536795,
            543.051562929341,
            854.2423543702338,
            409.0880100907383,
            778.090611689924,
            901.6662353665018,
            737.8109513960877,
            567.7200014091453,
            293.9421711833809,
            308.97410894765926,
            561.5069011152045,
            912.8592443526001,
            675.3162222248181,
            715.9497189048964,
            483.2494180027535,
            758.5993672552067,
            0,
            234.0939982143925,
            612.1837959306011,
            312.697937313312,
            499.9249943741561,
            586.052045470366,
            770.257749068453,
            73.40980860893183,
            515.3882032022076,
            363.90108546142034,
            881.6490231378924,
            700.6083071160375,
            505.21381612145166,
            451.047669321104,
            242.5077318355025,
            158.49605673328278,
            714.3794509922581,
            980.8939799998775,
            706.2952640362245,
            115.3819743287486,
            692.739489274287,
            418.76126850509945,
            946.6409034052986,
            403.39682695826946,
            119.97082978791136,
            1128.769241253499,
            515.2591580942545,
            667.7851450878493,
            118.60860002546191,
            1038.6000192566917,
            919.1784375190707,
            587.4725525503299,
            660.9871405708284,
            695.9604873841619,
            843.2941361114755,
            114.62111498323509
        ],
        [
            323.2893440866866,
            322.2561093292104,
            781.7992069578992,
            246.59480935331948,
            561.1354560175288,
            692.7755769367162,
            523.0267679574345,
            373.7512541784977,
            63.953107821277925,
            170.90640713560154,
            497.7569688110855,
            679.6822787155776,
            457.9475952551776,
            487.15500613254505,
            358.13126085277725,
            598.8731084294902,
            234.0939982143925,
            0,
            516.7368769499618,
            101.6070863670443,
            273.3587386567329,
            431.4637875882517,
            658.775379017765,
            298.4979061903115,
            395.50600501130197,
            157.7085920297306,
            695.5925531516276,
            636.8830347873933,
            441.2901539803488,
            222.25210910135365,
            110.57124400132251,
            260.5551764981844,
            486.07201112592367,
            778.8510769075176,
            473.3592715897725,
            249.25689559167662,
            505.20490892310227,
            286.0367109306076,
            713.0224400395824,
            195.2050204272421,
            239.53496613229558,
            902.2150519693186,
            357.7988261579403,
            598.819672355543,
            343.7964514069335,
            805.1397394241574,
            688.1460600773646,
            531.3115846657213,
            429.1107083259517,
            499.4326781459139,
            624.4237343343061,
            265.31867631209076
        ],
        [
            606.6011869424589,
            406.79478856052225,
            266.64770765937595,
            283.7780823108085,
            847.1717653463198,
            503.5642957954823,
            827.4345895598033,
            295.8732836874597,
            532.2264555619158,
            346.5862086119411,
            86.21484790916237,
            711.2081270626763,
            420.315357796976,
            521.4719551423642,
            845.7452335071124,
            1019.9313702401745,
            612.1837959306011,
            516.7368769499618,
            0,
            432.50086705115393,
            614.0439723668005,
            169.49926253526885,
            159.6558799418299,
            680.4895296769818,
            882.2663996775577,
            393.85911186615954,
            397.84670414620757,
            138.00362314084364,
            119.01260437449471,
            579.4833906161591,
            627.1371460852881,
            473.6348804722895,
            515.911814169825,
            533.0853590186098,
            571.7429492350562,
            513.3906894364173,
            891.4757427995448,
            778.6038787470815,
            816.912480012394,
            379.97105152892897,
            503.3527590070407,
            793.1538312332608,
            817.8661259643903,
            100.4987562112089,
            638.0164574679873,
            816.0741387888725,
            677.0361881022314,
            99.62429422585637,
            655.1496012362368,
            329.07445965920846,
            887.3263210341504,
            525.4379126024311
        ],
        [
            384.4268460968875,
            230.48861143232216,
            699.132319378814,
            152.12166183683374,
            539.949071672505,
            595.6122900008024,
            505.89030431507587,
            272.4151243965724,
            99.7296345125159,
            105.47511554864494,
            425.26462349929835,
            606.3695243001581,
            364.08790147435553,
            404.3612246494463,
            417.1450587026053,
            626.8341088358227,
            312.697937313312,
            101.6070863670443,
            432.50086705115393,
            0,
            250.74489027695063,
            333.17412864746865,
            567.0811229445043,
            382.83286170338096,
            454.3181704488606,
            56.32051136131489,
            594.2432162002356,
            559.6927728674009,
            371.7216700704978,
            200.03999600079982,
            202.80532537386685,
            290.125834768295,
            402.5344705736392,
            679.8830781833007,
            400.4509957535378,
            293.9064477006246,
            516.6236541235795,
            347.932464711185,
            653.6520481112257,
            94.93682109698008,
            281.966310044303,
            816.100484009169,
            399.61981932832106,
            520.8848241214174,
            409.66327636242914,
            732.6076712675073,
            608.7799273957709,
            460.1651877315362,
            382.46045547219643,
            398.7844029046272,
            599.0133554437664,
            311.746692043396
        ],
        [
            595.675247093582,
            233.55513267749012,
            871.0137771585476,
            345.7744929863971,
            291.0429521565502,
            561.2209903415944,
            255.56603843233947,
            348.3231258472512,
            209.55428890862626,
            350.2970168300039,
            632.9684036348101,
            449.29834186206386,
            334.9402931867111,
            304.9606531997202,
            290.2085457046363,
            405.9187110740277,
            499.9249943741561,
            273.3587386567329,
            614.0439723668005,
            250.74489027695063,
            0,
            466.0686644690887,
            713.3077877045785,
            555.5429776353941,
            318.27660925679095,
            249.20874784003868,
            619.7967408755873,
            751.2476289480054,
            587.3482782812937,
            52.086466572421664,
            275.2035610234722,
            528.007575703228,
            306.96742498187,
            657.7309480327043,
            260.3459237245707,
            521.4786668695087,
            279.60865508778517,
            251.43189932862538,
