{
    "depot": [
        705,
        237
    ],
    "final_destination": [
        856,
        715
    ],
    "requests": [
        [
            [
                301,
                276
            ],
            [
                789,
                439
            ]
        ],
        [
            [
                64,
                799
            ],
            [
                980,
                929
            ]
        ],
        [
            [
                780,
                600
            ],
            [
                715,
                24
            ]
        ],
        [
            [
                509,
                10
            ],
            [
                508,
                559
            ]
        ],
        [
            [
                311,
                547
            ],
            [
                555,
                773
            ]
        ],
        [
            [
                456,
                97
            ],
            [
                396,
                783
            ]
        ],
        [
            [
                689,
                510
            ],
            [
                99,
                224
            ]
        ],
        [
            [
                134,
                437
            ],
            [
                352,
                603
            ]
        ],
        [
            [
                107,
                469
            ],
            [
                511,
                420
            ]
        ],
        [
            [
                218,
                373
            ],
            [
                375,
                553
            ]
        ],
        [
            [
                873,
                864
            ],
            [
                518,
                773
            ]
        ],
        [
            [
                445,
                326
            ],
            [
                583,
                350
            ]
        ],
        [
            [
                820,
                251
            ],
            [
                788,
                331
            ]
        ],
        [
            [
                61,
                125
            ],
            [
                292,
                361
            ]
        ],
        [
            [
                226,
                149
            ],
            [
                688,
                381
            ]
        ],
        [
            [
                343,
                200
            ],
            [
                801,
                946
            ]
        ],
        [
            [
                447,
                829
            ],
            [
                1000,
                511
            ]
        ],
        [
            [
                443,
                901
            ],
            [
                476,
                150
            ]
        ],
        [
            [
                935,
                807
            ],
            [
                610,
                466
            ]
        ],
        [
            [
                906,
                310
            ],
            [
                921,
                144
            ]
        ],
        [
            [
                335,
                892
            ],
            [
                307,
                765
            ]
        ],
        [
            [
                997,
                255
            ],
            [
                467,
                12
            ]
        ],
        [
            [
                985,
                667
            ],
            [
                153,
                728
            ]
        ],
        [
            [
                663,
                481
            ],
            [
                31,
                166
            ]
        ],
        [
            [
                585,
                318
            ],
            [
                487,
                673
            ]
        ]
    ],
    "travel_costs": [
        [
            0,
            405.8780605058618,
            852.4816713572204,
            370.6669664267373,
            299.90831932442285,
            501.3342198573722,
            285.6588874864565,
            273.4684625327023,
            605.0132229959937,
            641.4265351542607,
            505.6332663106731,
            649.1170926728089,
            274.8108440364026,
            115.84903970253704,
            653.6665816760101,
            487.016426827679,
            363.8859711503042,
            645.7770513110543,
            713.8207057798197,
            614.6543744251724,
            213.84573879317776,
            752.2798681341939,
            292.5542684699712,
            513.1276644266999,
            247.5883680627989,
            144.77914214416384,
            218.7692848642149,
            744.6401815642237,
            213.23461257497576,
            377.4824499231719,
            556.5932087260857,
            627.373094737095,
            606.1394229053246,
            508.49287113980273,
            266.6927070618917,
            456.89823812310766,
            567.6838909111302,
            166.29191201017565,
            125.39936203984452,
            431.2134042443486,
            145.0,
            715.4697757417849,
            402.61768465878396,
            244.9693858423946,
            247.92337525937322,
            235.17015116719216,
            661.2019358713343,
            327.51946507039855,
            738.7726307870372,
            677.7292969910626,
            487.46281909495417,
            501.2833530050643
        ],
        [
            405.8780605058618,
            0,
            574.1933472272211,
            578.2879905375868,
            337.6684764676738,
            271.1844390815963,
            236.78260071213006,
            453.10043036836765,
            231.96982562393757,
            273.65123789232166,
            127.66362050325849,
            820.3218880415175,
            152.43359209832983,
            519.6017705897469,
            283.5507009337131,
            147.49237268414933,
            86.83317338436964,
            571.9484242482009,
            640.9282331119452,
            826.9927448291188,
            605.9546187628245,
            616.9375981410114,
            696.3167382736107,
            787.8686438740915,
            416.01562470657274,
            287.08883642524313,
            514.5026724906296,
            942.0456464524423,
            484.66483264210535,
            350.62515597144477,
            558.1442465886395,
            515.8236132632937,
            208.58571379651102,
            330.95316889251865,
            254.62914208707534,
            286.7141433553636,
            542.3080305509038,
            291.54759474226506,
            490.0959089810891,
            85.4751425854324,
            400.99127172545786,
            836.0023923410746,
            737.4455912133451,
            215.6409052104911,
            362.74095440134687,
            633.8958905056886,
            489.036808430613,
            311.85252925060587,
            475.6132882920745,
            291.547594742265,
            438.4119067726149,
            707.6340862338388
        ],
        [
            852.4816713572204,
            574.1933472272211,
            0,
            743.1399598998831,
            905.8399417115587,
            352.8639964632266,
            804.0323376581317,
            688.5826021618611,
            368.7058448139926,
            332.78972339902566,
            452.98123581446504,
            811.6070477762006,
            607.3631533110977,
            933.7237278767205,
            674.0066765247954,
            669.8835719735184,
            660.7889224253082,
            384.1731380510616,
            392.4856685281643,
            871.0367386052094,
            973.6965646442428,
            286.5135249861689,
            1080.0115740120566,
            930.4111994166881,
            678.1777053250867,
            709.0853263183493,
            809.4596963407134,
            925.1789016184924,
            1012.1393184734995,
            504.71378027551424,
            491.6879091456287,
            332.38531856867564,
            576.0642325296719,
            348.36762191684807,
            586.046073274107,
            396.53120936440797,
            454.74388396107094,
            686.2667120005166,
            862.0904824900922,
            493.78942880543724,
            751.0659092250161,
            751.5171322065785,
            979.305876628952,
            768.7294712706155,
            639.5349873150022,
            1078.6445197561613,
            245.3670719554684,
            884.182107939309,
            113.85077953180645,
            633.8596059065446,
            441.3671940686122,
            796.4420882901655
        ],
        [
            370.6669664267373,
            578.2879905375868,
            743.1399598998831,
            0,
            649.2618886089033,
            471.9851692585266,
            598.3184770671887,
            127.98828071350908,
            666.2469512125366,
            685.6310961442749,
            606.1130257633472,
            279.9017684831591,
            432.7828554829777,
            351.2847847544781,
            861.7342977971806,
            714.3647527698997,
            592.4263667326093,
            404.14106448120316,
            451.8517455980446,
            258.6000773395089,
            316.1898164078027,
            532.2490018778805,
            407.57085273606106,
            215.67104580819372,
            166.88319268278636,
            342.8541964159109,
            161.2513565834409,
            385.0207786600614,
            579.6559324288849,
            275.07271765844024,
            283.8203657245195,
            425.376303994475,
            777.9055212556342,
            428.01051388955386,
            323.6680398185771,
            407.71803982654484,
            313.9633736600497,
            318.29074758779905,
            269.1189328159578,
            543.3829220724552,
            237.53947040439402,
            346.636697422532,
            237.32045845227924,
            543.0616907865992,
            216.46246787838302,
            477.3017913228485,
            500.9530916163708,
            666.1178574396575,
            639.9320276404362,
            865.6540879589261,
            301.9569505740843,
            137.84411485442533
        ],
        [
            299.90831932442285,
            337.6684764676738,
            905.8399417115587,
            649.2618886089033,
            0,
            572.3399339553374,
            101.87246929372039,
            531.4132102234569,
            568.2904187121229,
            610.151620501003,
            465.2418725781247,
            928.3383004056226,
            322.41588050218616,
            393.4488530927495,
            462.5245939406898,
            315.2935140468323,
            252.30140705116966,
            821.3434117347019,
            893.4411004649382,
            903.706257585948,
            497.60325561635955,
            898.9994438263018,
            546.0485326415593,
            811.3106679934635,
            495.5370823661939,
            317.23808094237364,
            512.2899569579713,
            1032.6674198404828,
            206.47518010647187,
            549.000910746057,
            764.3853740097335,
            781.2157192478912,
            462.4889187861694,
            613.4313327504555,
            410.0048780197621,
            559.2897281373939,
            763.0530781013861,
            347.95976778932356,
            425.30224546785547,
            412.66208936610593,
            411.92475040958635,
            980.4896735815222,
            701.4855664944218,
            143.83671297690307,
            467.05138903551074,
            433.24358044868933,
            781.555500268535,
            42.04759208325727,
            801.4112552241827,
            502.8120921378085,
            663.3649071212616,
            785.7696863585411
        ],
        [
            501.3342198573722,
            271.1844390815963,
            352.8639964632266,
            471.9851692585266,
            572.3399339553374,
            0,
            472.78430600010404,
            379.8065296963705,
            208.39625716408634,
            218.40329667841556,
            197.29419656948855,
            645.2387155154285,
            258.4511559269952,
            588.8098164942566,
            490.493628908674,
            406.9754292337561,
            348.472380541127,
            313.0814590485997,
            377.809475794348,
            676.0,
            640.4638943765683,
            345.83377510011945,
            745.5601920703654,
            684.5991527894262,
            358.13405311419353,
            357.0952253951318,
            490.04897714412175,
            770.3797764739154,
            660.8668549715593,
            197.3651438324407,
            332.5838240203513,
            250.84058682757063,
            386.35864167894573,
            69.40461079784252,
            236.9155967850154,
            64.28063471995279,
            306.4718584144391,
            335.8466912149054,
            523.6267754803988,
            186.96791168540128,
            411.9283918352801,
            631.9026823807602,
            689.939852450922,
            429.9232489642774,
            309.7773393907308,
            731.1012241817134,
            218.03669415949236,
            557.2800014355441,
            240.26027553467927,
            472.8223767970378,
            216.453228204155,
            570.3060581827971
        ],
        [
            285.6588874864565,
            236.78260071213006,
            804.0323376581317,
            598.3184770671887,
            101.87246929372039,
            472.78430600010404,
            0,
            474.19194425886235,
            468.2776953902459,
            510.08332652616673,
            364.4447831976746,
            873.0280636955493,
            229.2640399190418,
            395.23663797780694,
            395.9911615175268,
            235.80500418778223,
            152.89865924853626,
            732.0553257780454,
            804.1050926340412,
            856.470081205409,
            497.86443938084193,
            804.1554576075448,
            563.6000354861592,
            777.650949976916,
            436.23961305686123,
            255.89450951515158,
            477.33950182234025,
            983.2598842625483,
            269.0910626535188,
            464.91719692865735,
            683.2108020223333,
            688.6189076695468,
            378.9168774282824,
            516.5771965543969,
            327.6492026543022,
            463.1382083136739,
            678.8372411705179,
            283.08655920053855,
            406.17730118754787,
            310.792535302893,
            366.7151483099655,
            916.4202092926586,
            683.6168517525003,
            56.64803615307419,
            399.8462204398086,
            467.369233048133,
            684.4158092855541,
            85.70880934886448,
            699.978571100573,
            430.564745421638,
            576.8335981892872,
            736.1548750093284
        ],
        [
            273.4684625327023,
            453.10043036836765,
            688.5826021618611,
            127.98828071350908,
            531.4132102234569,
            379.8065296963705,
            474.19194425886235,
            0,
            559.7803140518608,
            583.4423707616717,
            490.5201321046874,
            398.96365749275964,
            305.6010471186249,
            290.2447243275922,
            736.6199834378647,
            587.1030573928227,
            464.5600068882383,
            400.4060439104285,
            461.94913139868555,
            385.64880396547323,
            295.10845463998487,
            520.807066004293,
            399.86122592719596,
            335.05969617368186,
            38.94868418830089,
            218.35750502329887,
            122.64175471673585,
            510.1391966904719,
            486.69497634555466,
            187.51533270642167,
            295.16944286290885,
            400.4722212588533,
            655.6645483782085,
            349.5969107414995,
            199.4592690250318,
            316.930591770501,
            313.70368184004474,
            191.92706948213427,
            204.55317157159897,
            424.040092444099,
            129.00387591076478,
            450.1555286787001,
            311.00160771288625,
            418.2929595391249,
            90.4267659490264,
            433.33589742831134,
            459.2918462154537,
            545.241231016144,
            578.6363279297283,
            742.4957912338629,
            259.56309444911466,
            264.41255643406953
        ],
        [
            605.0132229959937,
            231.96982562393757,
            368.7058448139926,
            666.2469512125366,
            568.2904187121229,
            208.39625716408634,
            468.2776953902459,
            559.7803140518608,
            0,
            41.86884283091664,
            105.6030302595527,
            853.4928236370826,
            330.2150814242135,
            710.7685980683164,
            320.42627857277876,
            302.3375596911505,
            315.9905061864992,
            501.6303419850119,
            557.4737661989127,
            882.3270368746499,
            782.3765078272736,
            497.4193401949707,
            881.9824261287749,
            881.5333232498928,
            530.826713721154,
            466.4354188952636,
            655.0030534279974,
            978.6623523973934,
            712.8323786136541,
            393.39547531714186,
            538.6436670007362,
            434.0046082704652,
            215.8564337702261,
            274.00729917285054,
            377.3830944809266,
            267.46401627134816,
            510.2469990112632,
            457.35106865514155,
            662.5345274021574,
            175.32826355154492,
            556.8231317034162,
            839.0292009221133,
            869.1559123655547,
            446.46724403924645,
            476.8825851297151,
            839.7725882642277,
            370.8274531369004,
            539.9203644983212,
            291.61961525247233,
            289.9137802864845,
            424.6233625226007,
            773.6717650270042
        ],
        [
            641.4265351542607,
            273.65123789232166,
            332.78972339902566,
            685.6310961442749,
            610.151620501003,
            218.40329667841556,
            510.08332652616673,
            583.4423707616717,
            41.86884283091664,
            0,
            146.75489770362012,
            861.8474342944928,
            367.00544955082074,
            745.5823227518207,
            347.0619541234677,
            341.41031033054645,
            357.8505274552491,
            495.17673612559787,
            547.2842040475863,
            894.3310349082157,
            814.6668030550895,
            480.5340778758568,
            915.3665932291827,
            900.0488875611146,
            556.1294813260668,
            501.2833530050643,
            682.6595051707695,
            986.7770771557273,
            753.4513919291675,
            410.97566837952826,
            541.4055781020362,
            426.7516842380356,
            245.13057744802057,
            279.25078334715556,
            406.960686061934,
            280.8558349046713,
            511.211306604226,
            490.6495694485016,
            694.8417085926837,
            214.21717951648978,
            587.6265821080596,
            842.1193502111206,
            893.987136372778,
            487.7724879490437,
            503.00894624250964,
            876.4821732357138,
            357.2338169882577,
            581.7636977330229,
            263.0532265531066,
            312.385979198811,
            431.2957222138889,
            788.3634948423221
        ],
        [
            505.6332663106731,
            127.66362050325849,
            452.98123581446504,
            606.1130257633472,
            465.2418725781247,
            197.29419656948855,
            364.4447831976746,
            490.5201321046874,
            105.6030302595527,
            146.75489770362012,
            0,
            818.6000244319566,
            231.8145810772049,
            614.2377389903685,
            293.51831288694746,
            224.14281161795037,
            213.4338304955426,
            510.27149636247566,
            573.9416346633167,
            838.1199198205469,
            690.8784263530017,
            532.0244355290461,
            787.8864131332639,
            821.4164595380348,
            457.9181149506973,
            371.098369708087,
            574.8017049383204,
            943.2815062323654,
            607.2972912832727,
            344.52285845789675,
            523.0382395198271,
            446.9720349194119,
            190.68822721919673,
            266.1879035568671,
            296.745682361176,
            238.84932488914427,
            500.0,
            365.72393960472425,
            571.5452737972731,
            74.96665925596525,
            470.0680801756273,
            817.4460226828436,
            794.0831190750752,
            341.0175948539899,
            402.88087569404433,
            739.3578294709538,
            401.97636746455635,
            438.545322629258,
            360.90164865237176,
            278.95877831679724,
            402.9404422492237,
            723.8839686027036
        ],
        [
            649.1170926728089,
            820.3218880415175,
            811.6070477762006,
            279.9017684831591,
            928.3383004056226,
            645.2387155154285,
            873.0280636955493,
            398.96365749275964,
            853.4928236370826,
            861.8474342944928,
            818.6000244319566,
            0,
            687.4794542384521,
            615.2869249382762,
            1097.9367012719813,
            964.2790052676663,
            849.5857814252778,
            427.43537523232675,
            431.5889247883917,
            84.21995013059554,
            554.9819816894959,
            538.7281318067584,
            621.4957763331945,
            226.61200321253946,
            436.7940017903177,
            617.3005750847799,
            433.2216522751373,
            125.19584657647393,
            854.730366840912,
            475.6574397610112,
            330.76426651015373,
            483.828482005762,
            1004.3286314747777,
            582.7194865456278,
            572.8699677937394,
            587.1328640095016,
            366.47783016166204,
            590.1660783203317,
            539.735120221021,
            768.4855236112129,
            517.2175557731969,
            109.12378292562992,
            375.150636411562,
            816.9485907938149,
            477.0461193637362,
            721.5982261618997,
            574.592899364411,
            943.7902309305814,
            732.7318745625851,
            1093.6946557426345,
            430.6704076204911,
            149.96666296213968
        ],
        [
            274.8108440364026,
            152.43359209832983,
            607.3631533110977,
            432.7828554829777,
            322.41588050218616,
            258.4511559269952,
            229.2640399190418,
            305.6010471186249,
            330.2150814242135,
            367.00544955082074,
            231.8145810772049,
            687.4794542384521,
            0,
            382.4264635194589,
            433.4247339504288,
            281.58480072617556,
            162.11107303327557,
            503.00397612742586,
            575.0034782503493,
            686.630177023993,
            461.27757370156206,
            576.589975632598,
            556.5473924114639,
            638.6556192503124,
            267.4864482548602,
            140.22838514366484,
            362.08424434100965,
            806.1228194264197,
            405.0975191234822,
            241.36694056974747,
            460.3357470368774,
            459.6194077712559,
            360.7214992206592,
            292.1951402744406,
            114.85643212288984,
            237.54788990854033,
            452.92162677443434,
            140.071410359145,
            343.0364412128834,
            156.95222202950808,
            249.14654322305978,
            714.9377595287579,
            585.0213671311502,
            178.70926109186394,
            216.390850083824,
            509.6076922496363,
            460.17931287705665,
            314.7697571241558,
            496.8581286443847,
            443.8423143414787,
            349.53254497972,
            565.8992843254
        ],
        [
            115.84903970253704,
            519.6017705897469,
            933.7237278767205,
            351.2847847544781,
            393.4488530927495,
            588.8098164942566,
            395.23663797780694,
            290.2447243275922,
            710.7685980683164,
            745.5823227518207,
            614.2377389903685,
            615.2869249382762,
            382.4264635194589,
            0,
            769.3874186650052,
            602.6939521846889,
            479.7186675542238,
            687.9047899237219,
            751.4179928641581,
            567.7684387142349,
            104.2928568982555,
            803.8071908113288,
            177.04519197086375,
            447.52765277689826,
            278.4762108331697,
            244.3644818708316,
            190.538709977789,
            696.6232841356941,
            250.10797668207226,
            438.41532819918604,
            585.4135290544624,
            680.2940540677979,
            721.5053707353813,
            585.6005464478325,
            352.19596817680923,
            537.8001487541632,
            603.0655022466465,
            256.8462575160479,
            86.16263691415207,
            539.3366295737756,
            185.26737435393204,
            695.2596637228426,
            316.2277660168379,
            358.5205712368538,
            300.54117854297436,
            147.13938969562162,
            726.1990085369162,
            426.29801782321255,
            820.0109755363034,
            793.5653722284005,
            537.562089437118,
            465.3944563485904
        ],
        [
            653.6665816760101,
            283.5507009337131,
            674.0066765247954,
            861.7342977971806,
            462.5245939406898,
            490.493628908674,
            395.9911615175268,
            736.6199834378647,
            320.42627857277876,
            347.0619541234677,
            293.51831288694746,
            1097.9367012719813,
            433.4247339504288,
            769.3874186650052,
            0,
            166.73631877908304,
            291.8030157486382,
            802.8773256232861,
            864.9277426467485,
            1108.602724153247,
            865.0144507463444,
            814.4722217485382,
            944.984655960085,
            1071.2329345198457,
            699.3854445153975,
            558.412929649735,
            792.8303727784398,
            1221.0556907856414,
            661.7529750594251,
            623.0288917859267,
            814.8251346147835,
            738.369148867963,
            106.04244433244642,
            559.6114723627455,
            538.0752735445107,
            530.8295394945538,
            792.9394680554121,
            568.4267762869727,
            755.6222601273734,
            330.2377931127811,
            677.2481081553497,
            1105.2786978857414,
            1015.2423356026875,
            415.75233011974814,
            646.2832196490947,
            860.2098581160297,
            685.6500565157127,
            421.4320823098308,
            609.9778684509791,
            50.80354318352216,
            694.1037386443038,
            990.0126261821109
        ],
        [
            487.016426827679,
            147.49237268414933,
            669.8835719735184,
            714.3647527698997,
            315.2935140468323,
            406.9754292337561,
            235.80500418778223,
            587.1030573928227,
            302.3375596911505,
            341.41031033054645,
            224.14281161795037,
            964.2790052676663,
            281.58480072617556,
            602.6939521846889,
            166.73631877908304,
            0,
            127.63228431709588,
            715.0111887236451,
            782.6832053902779,
            967.287444351471,
            698.799685174514,
            750.952728205977,
            778.2525297099908,
            918.9151212163179,
            548.8105319689117,
            396.78961679963345,
            633.3000868466702,
            1084.8575943413034,
            504.7236867831745,
            497.61832763675415,
            705.4197332085345,
            656.3962218050924,
            147.49237268414933,
            471.1602699719067,
            393.2759845197771,
            430.60074314845303,
            688.9412166505936,
            409.69500851242987,
            590.7351352340573,
            222.03603311174518,
            516.9796901233161,
            982.7685383649601,
            854.4705963343619,
            250.00199999200007,
            497.9407595286813,
            695.0179853787959,
            621.3026637638053,
            277.2183255125823,
            583.5837557711832,
            195.7396229688818,
            585.4032797994901,
            846.9096764118356
        ],
        [
            363.8859711503042,
            86.83317338436964,
            660.7889224253082,
            592.4263667326093,
            252.30140705116966,
            348.472380541127,
            152.89865924853626,
            464.5600068882383,
            315.9905061864992,
            357.8505274552491,
            213.4338304955426,
            849.5857814252778,
            162.11107303327557,
            479.7186675542238,
            291.8030157486382,
            127.63228431709588,
            0,
            637.539802679017,
            708.0967448025729,
            847.8873745964141,
            573.6453608284477,
            692.0462412295872,
            656.3086164298013,
            793.8847523412954,
            425.8650020839938,
            269.2359559939942,
            506.0009881413276,
            968.0960696129283,
            411.53371672318667,
            395.102518341759,
            610.9607188682428,
            585.4041339109249,
            245.17748673155126,
            403.10048375064,
            276.8104044287353,
            354.44745731913497,
            599.1276992428242,
            283.0194339616981,
            463.8814503728296,
            168.8845759683222,
            389.59722791621607,
            875.3742056971979,
            726.8906382668579,
            142.08800090085018,
            376.8885776990329,
            580.706466297733,
            566.1457409536877,
            225.21101216414795,
            561.1452574868649,
            313.84709652950437,
            494.4340198651384,
            726.9071467525958
        ],
        [
            645.7770513110543,
            571.9484242482009,
            384.1731380510616,
            404.14106448120316,
            821.3434117347019,
            313.0814590485997,
            732.0553257780454,
            400.4060439104285,
            501.6303419850119,
            495.17673612559787,
            510.27149636247566,
            427.43537523232675,
            503.00397612742586,
            687.9047899237219,
            802.8773256232861,
            715.0111887236451,
            637.539802679017,
            0,
            72.11102550927978,
            488.49564992945443,
            692.8506332536616,
            128.50291825480073,
            794.9691817926025,
            561.861192822569,
            409.5851559810243,
            529.3061495958648,
            518.7137939172237,
            542.299732620255,
            848.4391551549232,
            276.80498550423545,
            121.65525060596438,
            68.6804193347711,
            697.9462730038753,
            245.1550529766825,
            413.9770525041213,
            285.2367437761131,
            90.42676594902639,
            497.93272637977907,
            603.5602703955919,
            493.0,
            508.70915069418595,
            372.83374310810444,
            637.9130034730441,
            679.6190109171462,
            397.91707678861934,
            833.0072028500114,
            153.93505123915085,
            817.244761378132,
            310.8649224341659,
            782.7036476214992,
            161.0465771135792,
            424.5903908474613
        ],
        [
            713.8207057798197,
            640.9282331119452,
            392.4856685281643,
            451.8517455980446,
            893.4411004649382,
            377.809475794348,
            804.1050926340412,
            461.94913139868555,
            557.4737661989127,
            547.2842040475863,
            573.9416346633167,
            431.5889247883917,
            575.0034782503493,
            751.4179928641581,
            864.9277426467485,
            782.6832053902779,
            708.0967448025729,
            72.11102550927978,
            0,
            500.89919145472777,
            750.7662752148633,
            108.37435120913065,
            851.0182136711294,
            590.3558249056242,
            474.1307836451879,
            600.0441650412075,
            577.200138600122,
            537.7294858941622,
            918.2118491938556,
            348.1221050148927,
            170.0823330037544,
            127.0157470552372,
            759.3846192806383,
            311.58465944266254,
            485.78287330864185,
            354.5814433948849,
            148.35430563350698,
            568.5076956383265,
            666.2769694353843,
            560.7147224748071,
            574.8260606479147,
            360.8171281965423,
            679.9624989659357,
            751.7246836442182,
            465.9549334431389,
            895.2837539015214,
            192.33304448274095,
            889.3239004996998,
            337.6818028854975,
            842.5965820011378,
            232.20680437919987,
            452.95143227502876
        ],
        [
            614.6543744251724,
            826.9927448291188,
            871.0367386052094,
            258.6000773395089,
            903.706257585948,
            676.0,
            856.470081205409,
            385.64880396547323,
            882.3270368746499,
            894.3310349082157,
            838.1199198205469,
            84.21995013059554,
            686.630177023993,
            567.7684387142349,
            1108.602724153247,
            967.287444351471,
            847.8873745964141,
            488.49564992945443,
            500.89919145472777,
            0,
            497.84535751576516,
            605.9909240244446,
            555.4709713387371,
            148.66068747318505,
            424.57037108116714,
            601.3493161216699,
            395.9040287746514,
            130.034610777285,
            813.3197403235704,
            493.79449166632065,
            381.5180205442464,
            539.534058239144,
            1019.2080258710682,
            617.6609102088297,
            574.0601013831217,
            614.9113757282427,
            418.38379509727673,
            576.8474668402386,
            498.18169376242633,
            782.5375390356683,
            492.42765966180247,
            193.0725252333951,
            303.05280068001355,
            801.4549269921547,
            471.0689970694314,
            663.1477964978848,
            629.402891636192,
            922.5231704407212,
            785.980279650832,
            1108.195379885695,
            467.6109494013159,
            121.2641744292188
        ],
        [
            213.84573879317776,
            605.9546187628245,
            973.6965646442428,
            316.1898164078027,
            497.60325561635955,
            640.4638943765683,
            497.86443938084193,
            295.10845463998487,
            782.3765078272736,
            814.6668030550895,
            690.8784263530017,
            554.9819816894959,
            461.27757370156206,
            104.2928568982555,
            865.0144507463444,
            698.799685174514,
            573.6453608284477,
            692.8506332536616,
            750.7662752148633,
            497.84535751576516,
            0,
            815.3312210384195,
            106.3296760081587,
            365.6364314452267,
            297.1363323459452,
            321.0996729988992,
            174.1551032843999,
            623.407571336762,
            343.9142334943408,
            469.47310892105423,
            581.0077452151563,
            695.5781767709507,
            811.5694671437561,
            626.709661645646,
            410.0304866714181,
            583.9606151103001,
            604.0802926763959,
            325.46735627402023,
            119.85407794480753,
            616.11443742214,
            229.27058250024143,
            644.6091839246475,
            221.8941188945755,
            458.80278987817843,
            334.59228921181074,
            166.67633305301624,
            752.2140652766338,
            530.5892950295926,
            861.2392234449148,
            886.7699814495301,
            554.3735202911481,
            408.07474805481417
        ],
        [
            752.2798681341939,
            616.9375981410114,
            286.5135249861689,
            532.2490018778805,
            898.9994438263018,
            345.83377510011945,
            804.1554576075448,
            520.807066004293,
            497.4193401949707,
            480.5340778758568,
            532.0244355290461,
            538.7281318067584,
            576.589975632598,
            803.8071908113288,
            814.4722217485382,
            750.952728205977,
            692.0462412295872,
            128.50291825480073,
            108.37435120913065,
            605.9909240244446,
            815.3312210384195,
            0,
            918.7018014568165,
            687.8408246098802,
            525.837427348035,
            626.0798671096204,
            641.346240341362,
            646.0603686963008,
            947.5357513044033,
            375.2572450999447,
            250.12197024651792,
            124.90796611905904,
            708.4631253636283,
            289.4995682207488,
            503.7459677257973,
            341.35172476494097,
            218.28879952943075,
            596.0436225646577,
            721.0617171920861,
            532.7382096302085,
            621.0716544811879,
            469.1183219615282,
            766.4111168296034,
            755.278094479113,
            507.05127945800507,
            950.2105029939419,
            130.0499903883118,
            889.8449303108941,
            244.989795705862,
            787.0781409745794,
            266.58019431308094,
            550.2453997990351
        ],
        [
            292.5542684699712,
            696.3167382736107,
            1080.0115740120566,
            407.57085273606106,
