{
    "depot": {
        "x": 165,
        "y": 540,
        "node_type": "depot",
        "id": 0
    },
    "final_destination": {
        "x": 259,
        "y": 225,
        "node_type": "final",
        "id": 26
    },
    "pickup_nodes": [
        {
            "x": 570,
            "y": 639,
            "node_type": "pickup",
            "id": 1
        },
        {
            "x": 649,
            "y": 893,
            "node_type": "pickup",
            "id": 2
        },
        {
            "x": 234,
            "y": 300,
            "node_type": "pickup",
            "id": 3
        },
        {
            "x": 911,
            "y": 459,
            "node_type": "pickup",
            "id": 4
        },
        {
            "x": 44,
            "y": 442,
            "node_type": "pickup",
            "id": 5
        },
        {
            "x": 845,
            "y": 265,
            "node_type": "pickup",
            "id": 6
        },
        {
            "x": 207,
            "y": 389,
            "node_type": "pickup",
            "id": 7
        },
        {
            "x": 900,
            "y": 224,
            "node_type": "pickup",
            "id": 8
        },
        {
            "x": 304,
            "y": 333,
            "node_type": "pickup",
            "id": 9
        },
        {
            "x": 718,
            "y": 205,
            "node_type": "pickup",
            "id": 10
        },
        {
            "x": 285,
            "y": 67,
            "node_type": "pickup",
            "id": 11
        },
        {
            "x": 500,
            "y": 304,
            "node_type": "pickup",
            "id": 12
        },
        {
            "x": 199,
            "y": 787,
            "node_type": "pickup",
            "id": 13
        },
        {
            "x": 276,
            "y": 598,
            "node_type": "pickup",
            "id": 14
        },
        {
            "x": 307,
            "y": 364,
            "node_type": "pickup",
            "id": 15
        },
        {
            "x": 972,
            "y": 448,
            "node_type": "pickup",
            "id": 16
        },
        {
            "x": 49,
            "y": 167,
            "node_type": "pickup",
            "id": 17
        },
        {
            "x": 116,
            "y": 784,
            "node_type": "pickup",
            "id": 18
        },
        {
            "x": 790,
            "y": 120,
            "node_type": "pickup",
            "id": 19
        },
        {
            "x": 588,
            "y": 949,
            "node_type": "pickup",
            "id": 20
        },
        {
            "x": 326,
            "y": 729,
            "node_type": "pickup",
            "id": 21
        },
        {
            "x": 820,
            "y": 525,
            "node_type": "pickup",
            "id": 22
        },
        {
            "x": 96,
            "y": 308,
            "node_type": "pickup",
            "id": 23
        },
        {
            "x": 689,
            "y": 963,
            "node_type": "pickup",
            "id": 24
        },
        {
            "x": 219,
            "y": 50,
            "node_type": "pickup",
            "id": 25
        }
    ],
    "delivery_nodes": [
        {
            "x": 723,
            "y": 680,
            "node_type": "delivery",
            "id": 1
        },
        {
            "x": 319,
            "y": 422,
            "node_type": "delivery",
            "id": 2
        },
        {
            "x": 631,
            "y": 206,
            "node_type": "delivery",
            "id": 3
        },
        {
            "x": 132,
            "y": 824,
            "node_type": "delivery",
            "id": 4
        },
        {
            "x": 796,
            "y": 532,
            "node_type": "delivery",
            "id": 5
        },
        {
            "x": 186,
            "y": 92,
            "node_type": "delivery",
            "id": 6
        },
        {
            "x": 882,
            "y": 956,
            "node_type": "delivery",
            "id": 7
        },
        {
            "x": 420,
            "y": 234,
            "node_type": "delivery",
            "id": 8
        },
        {
            "x": 891,
            "y": 284,
            "node_type": "delivery",
            "id": 9
        },
        {
            "x": 352,
            "y": 479,
            "node_type": "delivery",
            "id": 10
        },
        {
            "x": 686,
            "y": 687,
            "node_type": "delivery",
            "id": 11
        },
        {
            "x": 465,
            "y": 393,
            "node_type": "delivery",
            "id": 12
        },
        {
            "x": 110,
            "y": 427,
            "node_type": "delivery",
            "id": 13
        },
        {
            "x": 256,
            "y": 459,
            "node_type": "delivery",
            "id": 14
        },
        {
            "x": 242,
            "y": 101,
            "node_type": "delivery",
            "id": 15
        },
        {
            "x": 103,
            "y": 820,
            "node_type": "delivery",
            "id": 16
        },
        {
            "x": 434,
            "y": 498,
            "node_type": "delivery",
            "id": 17
        },
        {
            "x": 428,
            "y": 997,
            "node_type": "delivery",
            "id": 18
        },
        {
            "x": 398,
            "y": 262,
            "node_type": "delivery",
            "id": 19
        },
        {
            "x": 27,
            "y": 772,
            "node_type": "delivery",
            "id": 20
        },
        {
            "x": 899,
            "y": 856,
            "node_type": "delivery",
            "id": 21
        },
        {
            "x": 114,
            "y": 99,
            "node_type": "delivery",
            "id": 22
        },
        {
            "x": 943,
            "y": 338,
            "node_type": "delivery",
            "id": 23
        },
        {
            "x": 828,
            "y": 177,
            "node_type": "delivery",
            "id": 24
        },
        {
            "x": 729,
            "y": 502,
            "node_type": "delivery",
            "id": 25
        }
    ],
    "travel_costs": [
        [
            0,
            416.9244535884169,
            599.0534199885683,
            249.7218452598811,
            750.3845680715989,
            155.7080601638849,
            733.5018745715652,
            156.7322557739791,
            800.0506233982946,
            249.33912649241395,
            646.5554887246724,
            487.98463090552355,
            409.78164917428893,
            249.3290997858052,
            125.23977004130917,
            226.14154859291116,
            812.2271849673588,
            390.62129998247667,
            248.8714527622644,
            753.0106240950389,
            588.3961250722169,
            248.2780699135548,
            655.1717332119878,
            242.04338454087107,
            673.4277986540205,
            492.966530304036,
            575.2947070849862,
            194.0103090044444,
            573.3341085266077,
            285.9108252585061,
            631.0507111159926,
            448.49191742995777,
            828.9420968921775,
            398.3227334712394,
            769.8129642971726,
            196.69773765857093,
            541.3409276971398,
            334.0793318958837,
            125.67418191498206,
            121.82774724995943,
            445.7016939613311,
            286.7821472825671,
            272.25906780123967,
            527.274122255208,
            362.72992708074145,
            269.94073423623934,
            799.1320291416181,
            443.9391850242554,
            803.7959940183828,
            755.8690362754649,
            565.2786923279526,
            328.72632994635524
        ],
        [
            416.9244535884169,
            0,
            266.0018796926067,
            477.3017913228485,
            385.5917530238426,
            561.680514171535,
            464.22085261220224,
            440.7595716487618,
            530.2122216622322,
            405.4528332617741,
            458.5411650004828,
            639.0688538803937,
            342.23529917295207,
            399.43084507834396,
            296.8450774393943,
            380.51806790216943,
            445.06741062450305,
            703.0113797087498,
            476.5931178689008,
            563.7029359511977,
            310.5221409175198,
            260.06922155457,
            274.7653544390195,
            578.1323377912707,
            345.1622806738883,
            685.6544319115861,
            158.39823231336896,
            331.79813139919884,
            437.2756567658437,
            475.4671387172829,
            250.04999500099976,
            668.3300083042808,
            444.7842173458946,
            431.885401466639,
            478.6083994248325,
            270.4144966528237,
            125.53883861180172,
            267.4714938082188,
            506.5017275390085,
            361.93369558525495,
            630.1015791124476,
            500.8492787256462,
            195.90048494069634,
            385.1337430036481,
            414.38267338294924,
            559.050981575026,
            394.1192712872589,
            706.7786074861067,
            479.3015752112651,
            529.1578214483841,
            209.88091861815357,
            517.8001544997838
        ],
        [
            599.0534199885683,
            266.0018796926067,
            0,
            723.7914064148592,
            506.9516742254631,
            754.6032069902699,
            657.8753681359411,
            670.3581132499256,
            714.5362132180566,
            657.7423507727019,
            691.4513721152052,
            902.6472179096327,
            607.5541128162988,
            462.31590930877564,
            475.55651609456476,
            629.9245986624113,
            549.8672567083805,
            941.8471213525048,
            544.0312491024757,
            785.7544145596639,
            82.80700453464067,
            362.24991373359916,
            405.7893542221137,
            805.0055900427028,
            80.62257748298549,
            946.3345074549484,
            225.48835890129672,
            575.1008607192307,
            687.2357674044621,
            521.5841255253077,
            389.7819903484511,
            925.1864676917837,
            241.36694056974747,
            697.6546423553705,
            655.3205322588329,
            509.51447476985385,
            209.2964404857378,
            532.7813810560575,
            712.5145612547157,
            585.4955166352686,
            890.4566244349019,
            550.8584210121509,
            449.7221364353772,
            244.24782496472716,
            679.0890957746267,
            633.6600034718933,
            252.72316870441458,
            957.4241484316133,
            628.0613027404252,
            738.0359069855613,
            399.1002380355091,
            773.5140593421686
        ],
        [
            249.7218452598811,
            477.3017913228485,
            723.7914064148592,
            0,
            695.4207359577366,
            237.2003372678884,
            612.0016339847468,
            93.00537618869136,
            670.3223105342682,
            77.38862965578342,
            493.23523799501595,
            238.51624682608102,
            266.03007348794233,
            488.2560803512845,
            300.945177731759,
            97.08243919473799,
            752.6938288573914,
            227.8464395157405,
            498.17667548772295,
            584.410814410548,
            739.2678810823584,
            438.7539173614294,
            627.7109207270494,
            138.23168956501976,
            804.11068889799,
            250.44959572736386,
            619.2907233279052,
            148.69095466772683,
            407.9767150218257,
            533.8351805566958,
            608.0032894647858,
            213.46662502602135,
            922.0845948176338,
            197.36261044078233,
            657.1947960840835,
            214.39449619801343,
            595.0403347673165,
            249.0180716333656,
            177.49647883831386,
            160.5147968257132,
            199.16073910286636,
            536.2471445145419,
            281.4320521902223,
            723.494989616376,
            168.34488409215172,
            515.3959642837729,
            866.8108213445423,
            234.09613409879285,
            710.0176054155278,
            606.6011869424589,
            534.6297784448599,
            79.05694150420949
        ],
        [
            750.3845680715989,
            385.5917530238426,
            506.9516742254631,
            695.4207359577366,
            0,
            867.1666506502658,
            204.91949638821583,
            707.4715541984709,
            235.25730594393877,
            619.9395131785036,
            319.00626953086675,
            738.606796611025,
            439.25618948399585,
            783.9183630965664,
            650.0353836523055,
            611.4253838368179,
            61.98386886924695,
            910.1142785386897,
            858.8655308021157,
            359.94721835291347,
            586.8807374586424,
            644.3019478474358,
            112.41441188744439,
            828.8703155500262,
            550.7267925205746,
            803.8314499943381,
            290.1465147128257,
            593.1551230496118,
            377.37117006999887,
            860.2708875697236,
            136.2130683891968,
            812.5970711244288,
            497.84535751576516,
            540.0981392302698,
            176.13914953808535,
            559.3576673292322,
            320.3263960400391,
            450.85696179608885,
            801.6389461596784,
            655.0,
            758.7654446533527,
            884.9774008414,
            478.59168400631444,
            723.0027662464369,
            549.5252496473661,
            937.776625855006,
            397.1813187953331,
            874.5335899781094,
            125.15989773086268,
            293.960881751297,
            187.0106948813356,
            692.7192793621381
        ],
        [
            155.7080601638849,
            561.680514171535,
            754.6032069902699,
            237.2003372678884,
            867.1666506502658,
            0,
            820.3231070742795,
            171.40011668607465,
            883.323270382933,
            281.9237485562364,
            714.4543372392668,
            445.7645118221054,
            476.4241807465276,
            378.21951298154886,
            279.5711000801048,
            274.32280255202994,
            928.0193963490203,
            275.04545078950133,
            349.49678110105674,
            812.5269226308751,
            743.6296121053814,
            402.3592921755381,
            780.4261656300357,
            143.7358688706476,
            829.1356945639236,
            429.28894698093495,
            719.5033008958333,
            275.72631357924473,
            632.6649982415654,
            392.0051020076142,
            757.3664898845209,
            377.7088826066975,
            983.0768026965136,
            429.6975680638651,
            861.6107009549035,
            310.21444195910675,
            687.1600977938111,
            423.84195167538576,
            67.68308503607086,
            212.6805115660577,
            394.3158632365683,
            382.5767896775757,
            394.0,
            674.8933249040178,
            397.13473784094987,
            330.4375886608544,
            949.9584201426924,
            350.0699930013997,
            904.9955800997042,
            827.5753742107121,
            687.6227163205125,
            305.4734030975528
        ],
        [
            733.5018745715652,
            464.22085261220224,
            657.8753681359411,
            612.0016339847468,
            204.91949638821583,
            820.3231070742795,
            0,
            649.9384586251225,
            68.60029154456998,
            545.2568202232779,
            140.45995870709916,
            593.9730633623043,
            347.1973502203034,
            830.5419917138446,
            659.2799102050661,
            547.032905774415,
            222.75098204048393,
            802.0099750003113,
            894.8754103225766,
            155.08062419270823,
            730.6880319260745,
            696.1731106556758,
            261.1991577321795,
            750.2332970483247,
            715.2202457984532,
            661.8919851456127,
            432.560978360277,
            548.9307788783574,
            221.98423367437607,
            906.0077262363715,
            271.4590208484514,
            681.3295825076142,
            691.9898843191279,
            426.1290884227454,
            49.76946855251722,
            537.443020235634,
            450.96008692566124,
            400.97880243224824,
            752.6413488508321,
            620.1265999777787,
            624.9039926260673,
            926.6007770339932,
            472.451055666087,
            842.4446569359914,
            447.0100670007332,
            962.3788235409173,
            593.4618774613917,
            749.6112325732586,
            122.20065466273086,
            89.62700485902673,
            263.86549603917524,
            587.3636011875438
        ],
        [
            156.7322557739791,
            440.7595716487618,
            670.3581132499256,
            93.00537618869136,
            707.4715541984709,
            171.40011668607465,
            649.9384586251225,
            0,
            712.3720937824559,
            112.00446419674529,
            543.1178509310847,
            331.3125412657963,
            305.08031729365956,
            398.08039389048037,
            220.09543384632042,
            103.07764064044152,
            767.2717901760757,
            272.48486196484384,
            405.3467651283281,
            642.0669746996804,
            677.3189795067019,
            360.22354170709053,
            627.9052476289716,
            137.41178988718542,
            749.5331880577403,
            339.2123228893667,
            592.3993585411787,
            116.76043850551437,
            461.8062364238924,
            441.41816908686485,
            606.1105509723453,
            297.7414986191881,
            881.5406967349834,
            263.4274093559742,
            692.0122831279804,
            170.66048165876012,
            564.1320767338088,
            258.0310058888272,
            104.17773274553446,
            85.44588931013593,
            290.11894112587686,
            443.3700486049999,
            251.81342299408902,
            646.9196240646901,
            229.3686988235317,
            423.1890830349952,
            834.8371098603607,
            304.54720487963766,
            737.7648676915974,
            656.1897591398391,
            534.090816247574,
            172.04650534085255
        ],
        [
            800.0506233982946,
            530.2122216622322,
            714.5362132180566,
            670.3223105342682,
            235.25730594393877,
            883.323270382933,
            68.60029154456998,
            712.3720937824559,
            0,
            605.885302677,
            182.98907071188702,
            634.7235618755617,
            407.9215610874228,
            899.0939884127799,
            727.4970790319368,
            609.3020597372046,
            235.2870587176439,
            852.9067944388764,
            963.4604299087741,
            151.38031576133008,
            789.2838526157748,
            764.5266509416136,
            311.4498354470588,
            808.3761500687659,
            768.5323675682112,
            702.8776564950689,
            489.14721710339927,
            613.8118604263035,
            269.60155785900054,
            974.5891442038537,
            325.0846043724618,
            726.099166780957,
            732.2212780300775,
            480.10415536631217,
            60.67124524847005,
            604.4245196879425,
            510.0637215093816,
            466.67547610732663,
            815.6647595673115,
            685.5370157766829,
            669.3974902851071,
            995.200984726201,
            540.5848684526787,
            905.7113226630216,
            503.4361925805494,
            1030.7439061182947,
            632.0007911387453,
            795.8775031372604,
            121.84005909387929,
            85.98255637046388,
            326.3816784073518,
            641.0007800307267
        ],
        [
            249.33912649241395,
            405.4528332617741,
            657.7423507727019,
            77.38862965578342,
            619.9395131785036,
            281.9237485562364,
            545.2568202232779,
            112.00446419674529,
            605.885302677,
            0,
            433.3358974283114,
            266.6777081047458,
            198.13379318026495,
            465.98390530145997,
            266.4751395533925,
            31.144823004794876,
            677.8266740103992,
            304.27126055544585,
            488.6153906704127,
            530.6269876287861,
            678.3155607827377,
            396.6106403010388,
            550.5633478538141,
            209.49701668520248,
            738.3258088405146,
            295.4894245146516,
            544.0312491024757,
            90.25519375637062,
            350.7962371519968,
            520.2547452931112,
            530.7212074149666,
            268.33747408813406,
            849.8311597017374,
            152.50245899656832,
            589.0415944566223,
            153.68799562750502,
            520.807066004293,
            171.81676286090365,
            215.5736533067063,
            134.83323032546537,
            240.14162487998618,
            526.8491245128912,
            210.05951537600006,
            675.4790892396298,
            117.80067911519016,
            519.0857347298229,
            792.1830596522498,
            301.4232904073606,
            639.019561515921,
            546.7284517930267,
            457.36856035368237,
            116.99999999999999
        ],
        [
            646.5554887246724,
            458.5411650004828,
            691.4513721152052,
            493.23523799501595,
            319.00626953086675,
            714.4543372392668,
            140.45995870709916,
            543.1178509310847,
            182.98907071188702,
            433.3358974283114,
            0,
            454.45901905452376,
            239.4263978762576,
            779.7980507798158,
            591.4499133485438,
            440.68355993842107,
            351.5181360897329,
            670.0783536273948,
            835.2514591426944,
            111.39569111954016,
            755.27213638529,
            654.4004889973723,
            335.8630673354842,
            630.4704592603844,
            758.5545464895719,
            522.518899179733,
            475.02631506054485,
            454.19158953023344,
            87.00574693662483,
            852.3831298189799,
            336.17406205714326,
            543.8685502950138,
            768.6982502907107,
            299.4077487307234,
            190.1841213140571,
            457.20017497809425,
            483.0610727433954,
            315.2031091217217,
            647.2619253439832,
            527.2191195319077,
            487.2288989787038,
            869.7413408594535,
            408.0502420045845,
            843.4239740486395,
            325.0369209797558,
            893.8512180447035,
            675.6937175969598,
            613.2307885290822,
            261.36947029062134,
            113.50770898930169,
            297.2036338943385,
            459.43552322387967
        ],
        [
            487.98463090552355,
            639.0688538803937,
            902.6472179096327,
            238.51624682608102,
            738.606796611025,
            445.7645118221054,
            593.9730633623043,
            331.3125412657963,
            634.7235618755617,
            266.6777081047458,
            454.45901905452376,
            0,
            319.99062486266683,
            725.1179214445056,
            531.0762657095495,
            297.8137001549794,
            785.5762216360675,
            256.31230949761266,
            736.6478127300725,
            507.7735715848158,
            932.5947673024978,
            663.2684222846735,
            704.2648649478406,
            306.2711217206088,
            982.8692690281857,
            68.15423684555495,
            753.4009556670339,
            356.6244523304593,
            372.87665520919916,
            772.3069338028761,
            690.9023085791507,
            102.1077861869505,
            1070.8547987472439,
            214.7417053112879,
            643.6808215256999,
            417.41226623088113,
            738.3772748399018,
            372.3922662999327,
            400.2811511925087,
            393.0712403623547,
            54.81788029466298,
            774.6825156152681,
            456.0285078808122,
            940.9298592350016,
            225.3752426510064,
            750.7256489557286,
            999.7584708318306,
            173.9683879329805,
            711.6213880990368,
            554.0297825929578,
            621.5794398144135,
            160.12495120998474
        ],
        [
            409.78164917428893,
            342.23529917295207,
            607.5541128162988,
            266.03007348794233,
            439.25618948399585,
            476.4241807465276,
            347.1973502203034,
            305.08031729365956,
            407.9215610874228,
            198.13379318026495,
            239.4263978762576,
            319.99062486266683,
            0,
            569.1133454769797,
            369.6106059084344,
            202.11135544545735,
            493.4774564253164,
            471.34912750529196,
            614.6999267935535,
            343.4472302989209,
            650.9754219630722,
            459.2395888858015,
            388.8971586422303,
            404.01980149492675,
            685.5669186884677,
            378.78357936953915,
            437.1555787131167,
            216.06711920141854,
            163.6001222493431,
            637.0431696517905,
            373.6308338453881,
            378.8667311865743,
            755.663946473563,
            106.3014581273465,
            391.511174808587,
            229.19205919926634,
            425.77576257931827,
            95.63472172804185,
            408.93642537685486,
            289.0691958683941,
            328.2879833317083,
            651.0491532902872,
            204.91949638821583,
            696.7302203866285,
            110.30865786510142,
            665.3968740533727,
            681.1057186663463,
            437.0594925178951,
            444.30282465903815,
            351.72858854520194,
            302.7292519727818,
            253.6178227175685
        ],
        [
            249.3290997858052,
            399.43084507834396,
            462.31590930877564,
            488.2560803512845,
            783.9183630965664,
            378.21951298154886,
            830.5419917138446,
            398.08039389048037,
            899.0939884127799,
            465.98390530145997,
            779.7980507798158,
            725.1179214445056,
            569.1133454769797,
            0,
            204.0833163195855,
            436.5695820828566,
            844.0675328431962,
            637.8871373526825,
            83.05419917138447,
            891.1621625719978,
            421.38462240570675,
            139.61733416735905,
            674.0066765247952,
            489.948976935354,
            520.6495942570205,
            737.2713204784246,
            534.8130514488217,
            384.2199890687625,
            724.0062154429339,
            76.53757247260982,
            649.1794821156935,
            695.1215721008808,
            703.5978965289763,
            595.5249784853696,
            855.4957627013707,
            343.9084180417804,
            497.16093973682206,
            475.38615882248826,
            370.8382396679178,
            332.91590529741893,
            687.3463464658846,
            101.5135458941318,
            372.4862413566439,
            310.7104761671225,
            561.4499087184894,
            172.6528308484978,
            703.392493562449,
            693.230841783601,
            868.9861909144472,
            876.2083085659483,
            601.7682278086805,
            565.1937720817525
        ],
        [
            125.23977004130917,
            296.8450774393943,
            475.55651609456476,
            300.945177731759,
            650.0353836523055,
            279.5711000801048,
            659.2799102050661,
            220.09543384632042,
            727.4970790319368,
            266.4751395533925,
            591.4499133485438,
            531.0762657095495,
            369.6106059084344,
            204.0833163195855,
            0,
            236.04448733236708,
            711.980336807134,
            487.12421413844737,
            245.3487314008369,
            701.9116753552402,
            469.6221885728995,
            140.21768789992223,
            548.8761244579691,
            341.32096331752024,
            551.1751082913669,
            550.9564411094583,
            454.45901905452376,
            181.1767093199344,
            528.8563131891308,
            267.9776110050987,
            524.1717275855309,
            513.9416309270927,
            703.8465741907111,
            391.4485917716399,
            690.5222661145693,
            141.19844191774922,
            419.54856691448725,
            278.82969712711736,
            238.32121181296472,
            140.43147795277238,
            498.1616203603003,
            281.4480413859724,
            186.98663053812163,
            426.9718960306403,
            357.4632848279667,
            303.77129554979354,
            674.3092762227137,
            524.6379704138845,
            715.8833703893393,
            694.2225867832306,
            463.06047121299395,
            373.3871984950743
        ],
        [
            226.14154859291116,
            380.51806790216943,
            629.9245986624113,
            97.08243919473799,
            611.4253838368179,
            274.32280255202994,
            547.032905774415,
            103.07764064044152,
            609.3020597372046,
            31.144823004794876,
            440.68355993842107,
            297.8137001549794,
            202.11135544545735,
            436.5695820828566,
            236.04448733236708,
            0,
            670.2842680534878,
            324.6120761770886,
            461.3902903182944,
            541.1330705103876,
            648.9884436567419,
            365.4941860002701,
            537.6709030624588,
            218.30483274540669,
            710.440004504251,
            326.09814473559953,
            522.4098008268987,
            59.22837157984338,
            360.4719129141686,
            492.1635906891122,
            517.0541557709405,
            297.6995129320839,
            825.2811642101134,
            172.246915792417,
            589.4539846332367,
            123.49089035228468,
            497.96586228375133,
            160.639347608237,
            206.82843131445927,
            107.82393055347222,
            270.9132702545226,
            499.5517991159675,
            184.62123388169627,
            644.4610151126288,
            136.6930868771351,
            494.83734701414767,
            769.7584036566278,
            327.83227418910417,
            636.5312246857965,
            553.5431329173907,
            443.99099089959026,
            147.05441169852742
        ],
        [
            812.2271849673588,
            445.06741062450305,
            549.8672567083805,
            752.6938288573914,
            61.98386886924695,
            928.0193963490203,
            222.75098204048393,
            767.2717901760757,
            235.2870587176439,
            677.8266740103992,
            351.5181360897329,
            785.5762216360675,
            493.4774564253164,
            844.0675328431962,
            711.980336807134,
            670.2842680534878,
            0,
            964.8264092571264,
            919.5825139703343,
            375.11065034200243,
            631.234504760315,
            704.4693038025148,
            170.3907274472411,
            887.116677782579,
            587.6342399826614,
            851.7118057183427,
            340.3307215048327,
            653.5174060421039,
            418.1447117924607,
            920.3129902375605,
            195.01794789198252,
            862.8626773710866,
            515.9108450110348,
            592.0304046246274,
            182.91254740995763,
            620.7745162295244,
            372.7157093549989,
            509.9745091668798,
            862.2557625206108,
            716.0844922214137,
            808.2753243790138,
            945.2750922350593,
            540.3184246349555,
            772.8757985601568,
            603.3837916285123,
            999.0,
            414.4791912750265,
            926.2640012437059,
            113.758516164725,
            306.88271375233893,
            248.92770034690798,
            747.0595692446486
        ],
        [
            390.62129998247667,
            703.0113797087498,
            941.8471213525048,
            227.8464395157405,
            910.1142785386897,
            275.04545078950133,
            802.0099750003113,
            272.48486196484384,
            852.9067944388764,
            304.27126055544585,
            670.0783536273948,
            256.31230949761266,
            471.34912750529196,
            637.8871373526825,
            487.12421413844737,
            324.6120761770886,
            964.8264092571264,
            0,
            620.6271022119481,
            742.4890571584205,
            949.7604961252074,
            626.5564619409811,
            850.061762461999,
            148.62705002791384,
            1021.3794593587635,
            206.37102509800158,
            847.0212512092007,
            371.3825520941984,
            583.3052374186262,
            662.2220171513478,
            831.4048352036449,
            156.18578680533003,
            1147.349118620832,
            377.00132625761415,
            850.0899952357985,
            434.91723350541076,
            822.2949592451604,
            473.4258125620106,
            267.0599183703912,
            357.9287638623082,
            203.97303743387263,
            655.2289676136121,
            507.7263042230528,
            912.4368471297067,
            361.69876969655286,
            605.3998678559486,
            1094.1759456321456,
            94.06912352095135,
            910.2071192865941,
            779.0641822083724,
            758.0402363990978,
            217.86234185833953
        ],
        [
            248.8714527622644,
            476.5931178689008,
            544.0312491024757,
            498.17667548772295,
            858.8655308021157,
            349.49678110105674,
            894.8754103225766,
            405.3467651283281,
            963.4604299087741,
            488.6153906704127,
            835.2514591426944,
            736.6478127300725,
            614.6999267935535,
            83.05419917138447,
            245.3487314008369,
            461.3902903182944,
            919.5825139703343,
            620.6271022119481,
            0,
            946.1352968788344,
            500.0089999190014,
            217.0829334609241,
            750.1313218363834,
            476.4199827882957,
            600.3082541494829,
            741.191608155408,
            615.844948018574,
            415.03373356873055,
            774.1505021635005,
            43.08131845707604,
            725.1923882667274,
            695.5314514815273,
            785.073244990555,
            628.4234241337602,
            922.2933372848358,
            385.64361786499205,
            578.1946039180925,
            524.1011352782972,
            357.05041660807507,
            353.8714455844099,
            694.5250175479642,
            38.27531841800928,
            427.6914775863555,
            377.7737418085064,
            593.3026209279712,
            89.80534505250786,
            786.3033765665768,
            685.0029197018067,
            939.5983184318712,
            935.6243904473632,
            674.7540292580697,
            577.0008665504758
        ],
        [
            753.0106240950389,
            563.7029359511977,
            785.7544145596639,
            584.410814410548,
            359.94721835291347,
            812.5269226308751,
            155.08062419270823,
            642.0669746996804,
            151.38031576133008,
            530.6269876287861,
            111.39569111954016,
            507.7735715848158,
            343.4472302989209,
            891.1621625719978,
            701.9116753552402,
            541.1330705103876,
            375.11065034200243,
            742.4890571584205,
            946.1352968788344,
            0,
            853.2555303073049,
            765.621969381757,
            406.1095911204265,
            719.0132126741482,
            849.0288569889718,
            575.2747169831123,
            563.9937942921003,
            559.504244845381,
            180.76780686836912,
            963.6285591450682,
            412.04368700418166,
            604.6486583132389,
            841.046966583912,
            387.16404791767536,
            192.60581507316957,
            566.3258779183589,
            576.4590184913409,
            424.44552065017723,
            746.0891367658423,
            632.5164029493623,
            548.329280633453,
            980.800183523637,
            519.2494583531118,
            948.7744726751454,
            416.9268520975832,
            1003.6299118699083,
            744.027553253238,
            676.3261047749081,
            266.33249895572266,
            68.5054742338158,
            386.83976010746363,
            541.2818119981495
        ],
        [
            588.3961250722169,
            310.5221409175198,
            82.80700453464067,
            739.2678810823584,
            586.8807374586424,
            743.6296121053814,
            730.6880319260745,
            677.3189795067019,
            789.2838526157748,
            678.3155607827377,
            755.27213638529,
            932.5947673024978,
            650.9754219630722,
            421.38462240570675,
            469.6221885728995,
            648.9884436567419,
            631.234504760315,
            949.7604961252074,
            500.0089999190014,
            853.2555303073049,
            0,
            342.11693907200794,
            483.32183894378284,
            808.050122207775,
            101.96568050084304,
            971.7828975650889,
            300.97508202507396,
            591.6840373036947,
            744.2432398080617,
            472.8223767970378,
            465.99678110476253,
            946.6007606166393,
            294.0833215264,
            734.4719191364637,
            730.7762995609532,
            525.9239488747398,
            279.7284397411175,
