{
    "depot": {
        "x": 69,
        "y": 652,
        "node_type": "depot",
        "id": 0
    },
    "final_destination": {
        "x": 509,
        "y": 296,
        "node_type": "final",
        "id": 6
    },
    "pickup_nodes": [
        {
            "x": 698,
            "y": 853,
            "node_type": "pickup",
            "id": 1
        },
        {
            "x": 684,
            "y": 151,
            "node_type": "pickup",
            "id": 2
        },
        {
            "x": 826,
            "y": 181,
            "node_type": "pickup",
            "id": 3
        },
        {
            "x": 49,
            "y": 832,
            "node_type": "pickup",
            "id": 4
        },
        {
            "x": 509,
            "y": 371,
            "node_type": "pickup",
            "id": 5
        }
    ],
    "delivery_nodes": [
        {
            "x": 28,
            "y": 484,
            "node_type": "delivery",
            "id": 1
        },
        {
            "x": 423,
            "y": 313,
            "node_type": "delivery",
            "id": 2
        },
        {
            "x": 317,
            "y": 760,
            "node_type": "delivery",
            "id": 3
        },
        {
            "x": 355,
            "y": 618,
            "node_type": "delivery",
            "id": 4
        },
        {
            "x": 835,
            "y": 187,
            "node_type": "delivery",
            "id": 5
        }
    ],
    "travel_costs": [
        [
            0,
            660.3347635858648,
            793.2376693022086,
            891.566037935497,
            181.10770276274835,
            522.0737495795015,
            172.93062192682936,
            490.13977598232117,
            270.4958410031474,
            288.0138885540071,
            896.0920711623331,
            565.982331879715
        ],
        [
            660.3347635858648,
            0,
            702.1395872616782,
            684.0818664458225,
            649.3396645824125,
            517.7306249392632,
            764.8928029469228,
            605.9909240244446,
            392.186180276664,
            415.7811924558397,
            679.94485070482,
            588.192145476289
        ],
        [
            793.2376693022086,
            702.1395872616782,
            0,
            145.13442045221387,
            931.1208299678405,
            281.1138559374119,
            735.6799575902554,
            307.1888669857682,
            711.0344576741693,
            571.2530087448117,
            155.23208431248997,
            227.26636354727026
        ],
        [
            891.566037935497,
            684.0818664458225,
            145.13442045221387,
            0,
            1013.6715444363622,
            369.5794907729594,
            853.5883082610727,
            424.06721165400177,
            770.9228236341171,
            642.5029182813103,
            10.816653826391969,
            337.21506490665564
        ],
        [
            181.10770276274835,
            649.3396645824125,
            931.1208299678405,
            1013.6715444363622,
            0,
            651.2457293526,
            348.63304490538474,
            639.7163433897872,
            277.5031531352392,
            373.4059453195677,
            1016.7698854706507,
            706.325703907199
        ],
        [
            522.0737495795015,
            517.7306249392632,
            281.1138559374119,
            369.5794907729594,
            651.2457293526,
            0,
            494.09513254028315,
            103.73041983911952,
            433.8029506584758,
            291.0755915565577,
            374.3420895384327,
            75.0
        ],
        [
            172.93062192682936,
            764.8928029469228,
            735.6799575902554,
            853.5883082610727,
            348.63304490538474,
            494.09513254028315,
            0,
            430.4253709994335,
            399.6210705155573,
            353.3907186104355,
            859.9174378973833,
            516.4348942509597
        ],
        [
            490.13977598232117,
            605.9909240244446,
            307.1888669857682,
            424.06721165400177,
            639.7163433897872,
            103.73041983911952,
            430.4253709994335,
            0,
            459.396343041605,
            312.488399784696,
            430.8363958627451,
            87.66413177577247
        ],
        [
            270.4958410031474,
            392.186180276664,
            711.0344576741693,
            770.9228236341171,
            277.5031531352392,
            433.8029506584758,
            399.6210705155573,
            459.396343041605,
            0,
            146.99659860010365,
            772.4331686301412,
            502.1553544472069
        ],
        [
            288.0138885540071,
            415.7811924558397,
            571.2530087448117,
            642.5029182813103,
            373.4059453195677,
            291.0755915565577,
            353.3907186104355,
            312.488399784696,
            146.99659860010365,
            0,
            645.1054177419378,
            356.9313659514949
        ],
        [
            896.0920711623331,
            679.94485070482,
            155.23208431248997,
            10.816653826391969,
            1016.7698854706507,
            374.3420895384327,
            859.9174378973833,
            430.8363958627451,
            772.4331686301412,
            645.1054177419378,
            0,
            343.7397271192261
        ],
        [
            565.982331879715,
            588.192145476289,
            227.26636354727026,
            337.21506490665564,
            706.325703907199,
            75.0,
            516.4348942509597,
            87.66413177577247,
            502.1553544472069,
            356.9313659514949,
            343.7397271192261,
            0
        ]
    ],
    "incompatibilities": [
        [
            0,
            1,
            1,
            0,
            1
        ],
        [
            1,
            0,
            0,
            1,
            1
        ],
        [
            1,
            0,
            0,
            1,
            1
        ],
        [
            0,
            1,
            1,
            0,
            1
        ],
        [
            1,
            1,
            1,
            1,
            0
        ]
    ]
}