{
    "depot": {
        "x": 820,
        "y": 210,
        "node_type": "depot",
        "id": 0
    },
    "final_destination": {
        "x": 27,
        "y": 722,
        "node_type": "final",
        "id": 6
    },
    "pickup_nodes": [
        {
            "x": 327,
            "y": 101,
            "node_type": "pickup",
            "id": 1
        },
        {
            "x": 355,
            "y": 205,
            "node_type": "pickup",
            "id": 2
        },
        {
            "x": 647,
            "y": 565,
            "node_type": "pickup",
            "id": 3
        },
        {
            "x": 395,
            "y": 167,
            "node_type": "pickup",
            "id": 4
        },
        {
            "x": 448,
            "y": 179,
            "node_type": "pickup",
            "id": 5
        }
    ],
    "delivery_nodes": [
        {
            "x": 715,
            "y": 756,
            "node_type": "delivery",
            "id": 1
        },
        {
            "x": 684,
            "y": 42,
            "node_type": "delivery",
            "id": 2
        },
        {
            "x": 687,
            "y": 652,
            "node_type": "delivery",
            "id": 3
        },
        {
            "x": 99,
            "y": 602,
            "node_type": "delivery",
            "id": 4
        },
        {
            "x": 661,
            "y": 706,
            "node_type": "delivery",
            "id": 5
        }
    ],
    "travel_costs": [
        [
            0,
            504.9059318328515,
            465.0268809434568,
            394.9101163556082,
            427.16975548369527,
            373.2894319425611,
            556.0044963846965,
            216.14809737770076,
            461.5766458563518,
            820.6735038978657,
            520.8617858895007,
            943.9242554357844
        ],
        [
            504.9059318328515,
            0,
            107.70329614269008,
            563.6452785218731,
            94.76286192385707,
            143.96180048887967,
            761.294292635903,
            361.8425071768103,
            658.1800665471419,
            550.4407325044178,
            691.0723551119665,
            689.6673111000695
        ],
        [
            465.0268809434568,
            107.70329614269008,
            0,
            463.53424900432117,
            55.17245689653488,
            96.56603957913983,
            658.1800665471419,
            367.16481312892716,
            556.8060703692086,
            472.3822604628586,
            587.0579187780368,
            612.2687318490141
        ],
        [
            394.9101163556082,
            563.6452785218731,
            463.53424900432117,
            0,
            471.071119895924,
            434.27756101369084,
            202.74368054269905,
            524.3071618812774,
            95.75489543621255,
            549.2476672686012,
            141.69333082400175,
            639.5693863843079
        ],
        [
            427.16975548369527,
            94.76286192385707,
            55.17245689653488,
            471.071119895924,
            0,
            54.3415126767741,
            670.3141054759328,
            314.8745782053547,
            566.1174789741084,
            526.1568207293335,
            601.0632246278257,
            665.9196648245191
        ],
        [
            373.2894319425611,
            143.96180048887967,
            96.56603957913983,
            434.27756101369084,
            54.3415126767741,
            0,
            635.7814089763871,
            272.88275870783775,
            529.9528280894442,
            548.3885483851756,
            568.4171003761235,
            687.0880584029968
        ],
        [
            556.0044963846965,
            761.294292635903,
            658.1800665471419,
            202.74368054269905,
            670.3141054759328,
            635.7814089763871,
            0,
            714.6726523381177,
            107.70329614269008,
            634.9582663451197,
            73.59347797189639,
            688.839603971781
        ],
        [
            216.14809737770076,
            361.8425071768103,
            367.16481312892716,
            524.3071618812774,
            314.8745782053547,
            272.88275870783775,
            714.6726523381177,
            0,
            610.0073770045736,
            809.830229122129,
            664.3982239590953,
            945.5416437153891
        ],
        [
            461.5766458563518,
            658.1800665471419,
            556.8060703692086,
            95.75489543621255,
            566.1174789741084,
            529.9528280894442,
            107.70329614269008,
            610.0073770045736,
            0,
            590.122021280345,
            59.93329625508679,
            663.7017402418046
        ],
        [
            820.6735038978657,
            550.4407325044178,
            472.3822604628586,
            549.2476672686012,
            526.1568207293335,
            548.3885483851756,
            634.9582663451197,
            809.830229122129,
            590.122021280345,
            0,
            571.541774501217,
            139.9428454762872
        ],
        [
            520.8617858895007,
            691.0723551119665,
            587.0579187780368,
            141.69333082400175,
            601.0632246278257,
            568.4171003761235,
            73.59347797189639,
            664.3982239590953,
            59.93329625508679,
            571.541774501217,
            0,
            634.2018606090651
        ],
        [
            943.9242554357844,
            689.6673111000695,
            612.2687318490141,
            639.5693863843079,
            665.9196648245191,
            687.0880584029968,
            688.839603971781,
            945.5416437153891,
            663.7017402418046,
            139.9428454762872,
            634.2018606090651,
            0
        ]
    ],
    "incompatibilities": [
        [
            0,
            1,
            0,
            1,
            0
        ],
        [
            1,
            0,
            1,
            1,
            1
        ],
        [
            0,
            1,
            0,
            1,
            1
        ],
        [
            1,
            1,
            1,
            0,
            1
        ],
        [
            0,
            1,
            1,
            1,
            0
        ]
    ]
}