{
    "depot": [
        558,
        614
    ],
    "final_destination": [
        465,
        976
    ],
    "requests": [
        [
            [
                587,
                535
            ],
            [
                168,
                481
            ]
        ],
        [
            [
                121,
                99
            ],
            [
                334,
                954
            ]
        ],
        [
            [
                434,
                814
            ],
            [
                992,
                276
            ]
        ],
        [
            [
                790,
                478
            ],
            [
                31,
                930
            ]
        ],
        [
            [
                899,
                457
            ],
            [
                135,
                247
            ]
        ],
        [
            [
                644,
                95
            ],
            [
                177,
                560
            ]
        ],
        [
            [
                784,
                723
            ],
            [
                589,
                659
            ]
        ],
        [
            [
                840,
                74
            ],
            [
                269,
                121
            ]
        ],
        [
            [
                786,
                9
            ],
            [
                920,
                255
            ]
        ],
        [
            [
                436,
                80
            ],
            [
                441,
                745
            ]
        ],
        [
            [
                267,
                92
            ],
            [
                870,
                375
            ]
        ],
        [
            [
                240,
                355
            ],
            [
                697,
                87
            ]
        ],
        [
            [
                598,
                424
            ],
            [
                866,
                545
            ]
        ],
        [
            [
                801,
                678
            ],
            [
                542,
                52
            ]
        ],
        [
            [
                958,
                4
            ],
            [
                732,
                646
            ]
        ],
        [
            [
                161,
                740
            ],
            [
                79,
                789
            ]
        ],
        [
            [
                510,
                878
            ],
            [
                962,
                766
            ]
        ],
        [
            [
                32,
                216
            ],
            [
                188,
                877
            ]
        ],
        [
            [
                575,
                709
            ],
            [
                373,
                978
            ]
        ],
        [
            [
                64,
                143
            ],
            [
                742,
                582
            ]
        ],
        [
            [
                290,
                989
            ],
            [
                204,
                647
            ]
        ],
        [
            [
                459,
                785
            ],
            [
                154,
                460
            ]
        ],
        [
            [
                235,
                454
            ],
            [
                690,
                304
            ]
        ],
        [
            [
                133,
                163
            ],
            [
                11,
                509
            ]
        ],
        [
            [
                138,
                306
            ],
            [
                103,
                429
            ]
        ],
        [
            [
                914,
                467
            ],
            [
                754,
                918
            ]
        ],
        [
            [
                106,
                618
            ],
            [
                249,
                437
            ]
        ],
        [
            [
                303,
                993
            ],
            [
                908,
                146
            ]
        ],
        [
            [
                871,
                428
            ],
            [
                870,
                974
            ]
        ],
        [
            [
                916,
                418
            ],
            [
                884,
                886
            ]
        ],
        [
            [
                84,
                447
            ],
            [
                292,
                373
            ]
        ],
        [
            [
                747,
                668
            ],
            [
                267,
                718
            ]
        ],
        [
            [
                916,
                829
            ],
            [
                995,
                126
            ]
        ],
        [
            [
                698,
                531
            ],
            [
                155,
                635
            ]
        ],
        [
            [
                607,
                501
            ],
            [
                119,
                919
            ]
        ]
    ],
    "travel_costs": [
        [
            0,
            84.154619599877,
            675.4213499734814,
            235.32105728132368,
            268.92378102354576,
            375.4064464017633,
            526.0769905631685,
            250.9123352886422,
            609.199474720719,
            646.5361552148495,
            547.7590711252531,
            597.6328304234968,
            410.1280287910106,
            194.16487838947597,
            251.28668886353688,
            729.4518489934754,
            416.5153058412139,
            268.32815729997475,
            659.6059429689819,
            96.50906693155831,
            682.5518295338456,
            460.92190227846623,
            197.59048560090136,
            360.45665481441733,
            619.6983136978831,
            520.8301066566717,
            385.15581262652654,
            452.0176987685328,
            456.79973730290175,
            364.09476788330807,
            408.14213210596137,
            502.5584543115358,
            196.562967010574,
            417.59909003732275,
            162.75441622272498,
            123.1665539016173,
            412.05460803150834,
            407.1559897631373,
            550.0909015790027,
            614.4794544978702,
            560.0160711979613,
            384.80774420481714,
            54.644304369257,
            571.4630346750348,
            509.82840250421515,
            175.64168070250295,
            393.0203557069278,
            545.0229352972221,
            315.63428204173255,
            562.2277118748239,
            176.91806012954132,
            509.9666655772708,
            431.6480047446067,
            453.94823493433694,
            408.31482951271806,
            186.76188047886004,
            355.53480842246654,
            432.35633452049706,
            336.9332278063415,
            556.9865348462206,
            491.17206760971254,
            361.70706379610556,
            356.10391741737413,
            584.4005475699009,
            476.386397790701,
            424.57037108116714,
            358.93871343169434,
            309.02588888311607,
            655.0671721281719,
            403.54677547962143,
            534.5521489995153,
            373.755267521409
        ],
        [
            84.154619599877,
            0,
            638.1629885852046,
            318.1980515339464,
            210.8506580497201,
            321.60223879817755,
            443.6766840842552,
            272.31048455760936,
            525.8611984164643,
            562.3850993758637,
            479.40171046837116,
            546.4878772671907,
            390.9079175458077,
            111.54371340420761,
            257.381040482783,
            647.766933395029,
            472.7589237655911,
            351.5366268257121,
            640.1452960070861,
            174.41330224498358,
            653.6000305997545,
            542.5172808307584,
            280.86295590554477,
            361.19939091864484,
            586.9412236331675,
            504.02579299079525,
            333.99550895184206,
            488.1085944746313,
            538.9062998332827,
            303.48805577814755,
            349.1847648452034,
            510.6397947673095,
            208.06008747474849,
            441.2221662609438,
            111.07204868912791,
            39.446165846632034,
            422.46538319725084,
            489.45888489228594,
            480.7348541555938,
            682.0271255602669,
            535.9552220101974,
            410.7614879708174,
            124.01612798341995,
            522.0344816197489,
            435.0735569992734,
            255.76551761330143,
            325.0984466280945,
            461.30683931630585,
            279.17915394957413,
            485.09174390005853,
            182.608871635526,
            567.9612662849466,
            440.43841794284924,
            525.5140340656945,
            491.98069067799804,
            161.96913286178946,
            399.04009823575376,
            439.4473802402285,
            252.9229131573492,
            576.5865069527729,
            495.4714926209176,
            417.8253223537319,
            351.9204455555261,
            504.3431371596128,
            522.3121671950597,
            459.79343188001286,
            336.55460181076114,
            368.63125206634345,
            577.7066729751355,
            443.4230485664903,
            605.375916270213,
            457.56420314530726
        ],
        [
            675.4213499734814,
            638.1629885852046,
            0,
            780.5088084064139,
            768.8966120357145,
            856.4157868699059,
            523.0152961434302,
            910.4641673344425,
            719.4345001457742,
            671.0625902253828,
            315.572495632937,
            146.16771189288008,
            282.3065709472594,
            577.1949410727714,
            893.1074963295292,
            842.3740261902667,
            642.2468372829873,
            870.7249852852507,
            147.0034013211939,
            760.4051551640085,
            72.00694410957877,
            905.903416485444,
            764.7483246140524,
            372.85519977599887,
            65.11528238439882,
            207.69689453624483,
            874.2270872033193,
            519.2167177585868,
            912.3376567916071,
            818.9877898967726,
            856.6130981954454,
            349.9614264458299,
            845.9533084041932,
            1079.3169136078616,
            720.8002497224873,
            630.7138812488591,
            384.8805009350305,
            881.1322261726672,
            888.8025652528239,
            835.8594379439644,
            148.66068747318505,
            464.3888456886104,
            729.8109344206896,
            149.6262009141447,
            814.0866047294968,
            720.9133096288347,
            798.2336750601294,
            576.1249864395746,
            868.2977599878972,
            423.61539159950263,
            820.0792644616739,
            691.2770790356063,
            1073.3918203526614,
            780.879632209728,
            914.4096456184177,
            786.7210433184052,
            554.2499436174983,
            362.5051723768917,
            604.8024470849965,
            424.4997055358225,
            330.4905444940899,
            1035.108689945167,
            361.4249576329781,
            788.40218163067,
            1151.7925160375023,
            1096.146887967119,
            322.981423614424,
            635.9850627176711,
            874.416948600609,
            537.0772756317288,
            820.002439020763,
            942.0536078164555
        ],
        [
            235.32105728132368,
            318.1980515339464,
            780.5088084064139,
            0,
            489.5222160433579,
            586.2371533773683,
            749.0400523336519,
            361.6365578865057,
            844.0592396271721,
            878.5949009640336,
            734.0027247905828,
            741.0620756724769,
            498.3141579365371,
            423.0791888051219,
            391.38855374167497,
            964.7155021041177,
            282.85155117128136,
            99.35793878699377,
            720.5608926385056,
            175.80102388780332,
            766.2512642730189,
            226.62965384079817,
            38.28837943815329,
            411.3404915638625,
            717.2182373587553,
            587.9455757125824,
            592.2913134598548,
            382.099463490856,
            221.81523843054606,
            583.0651764597162,
            623.810868773541,
            507.1380482669388,
            345.37660604042077,
            482.23334600585224,
            387.02067128255567,
            357.62829865658006,
            426.1983106489278,
            172.04650534085255,
            775.1180555244472,
            419.36261159049457,
            641.0070202423684,
            361.3377921004112,
            219.20310216782974,
            712.3720937824559,
            740.7273452492489,
            69.35416353759881,
            618.7220700767025,
            773.1093066313456,
            508.905688708625,
            769.6154884096343,
            342.09355445550267,
            355.87919298548485,
            530.1773288249885,
            253.93896904571383,
            174.9771413642365,
            385.6008298746257,
            284.2340584799788,
            451.3490888436577,
            570.6452488192643,
            521.4920900646529,
            507.7263042230528,
            336.47585351700945,
            419.94523452469366,
            819.0848551890091,
            464.4308344630016,
            455.7236004421979,
            463.29796028042256,
            192.62658175859323,
            887.7302518220273,
            331.4845396093157,
            332.03915431767985,
            164.93938280471406
        ],
        [
            268.92378102354576,
            210.8506580497201,
            768.8966120357145,
            489.5222160433579,
            0,
            111.00450441310929,
            409.88412996845824,
            245.073458375239,
            407.0823012610595,
            469.01705725911506,
            532.6537336769545,
            650.0192304847603,
            563.5858408441433,
            199.44924166313592,
            200.30227157973025,
            502.8916384272063,
            681.384619726627,
            488.2622246293481,
            802.002493761709,
            315.5724956329369,
            799.5630056474599,
            714.9272690281159,
            451.4532090925925,
            555.5186765537231,
            728.6110073283274,
            674.3055687149558,
            124.4869471069156,
            698.1804924229837,
            708.7975733592773,
            95.1892851112981,
            139.5564401953561,
            706.68026716472,
            194.80503073586166,
            372.9302883918119,
            106.17438485811914,
            184.43969204051496,
            622.0072346846136,
            659.17524225353,
            285.67113959936523,
            883.3940230723774,
            694.5401356293241,
            618.4601846521731,
            270.48475003223376,
            631.577390348958,
            258.1259382549534,
            439.42007236811565,
            130.41855696180662,
            401.90794966011805,
            101.31633629380802,
            492.93001531657615,
            177.73013250431117,
            776.0425246080268,
            335.4519339637201,
            722.2222649572637,
            651.0675848174288,
            114.54256850621081,
            609.8827756216763,
            636.2546659946786,
            200.6888138387389,
            779.616572425189,
            688.7452359181877,
            441.47027079974487,
            542.5513800553824,
            352.3464204444257,
            502.4101909794426,
            418.6884283091664,
            508.94891688655747,
            575.438093977102,
            407.3438351073943,
            654.1207839535448,
            802.9458263170685,
            594.6671337815803
        ],
        [
            375.4064464017633,
            321.60223879817755,
            856.4157868699059,
            586.2371533773683,
            111.00450441310929,
            0,
            442.79679312298555,
            289.79475495598604,
            387.5177415293395,
            462.03138421540154,
            597.0745347107008,
            729.8280619433594,
            666.8470589273076,
            302.8035666896941,
            241.7540072056718,
            456.82600626496736,
            790.4005313763396,
            573.2032798231357,
            899.8722131502896,
            410.4631530356897,
            892.0880001434837,
            808.6439265832645,
            548.8023323565599,
            664.0067770738488,
            820.4827847066628,
            775.8363229444727,
            18.027756377319946,
            809.1785958612599,
            801.5684624534576,
            40.31128874149275,
            42.5440947723653,
            815.061347384355,
            260.0480724789169,
            372.3882382675371,
            214.18916872708573,
            295.29646120466805,
            731.3938747350842,
            752.4852158016129,
            203.49447166937975,
            988.5104956448364,
            792.3357874032954,
            729.3099478273967,
            370.00540536592166,
            714.0,
            203.08865059377396,
            541.024953213805,
            86.97700845625815,
            421.5495225949141,
            93.98404119849283,
            539.883320727729,
            252.21022976873874,
            884.6603868151891,
            315.35694062442957,
            825.7850809986821,
            740.3492419122208,
            200.68383093812017,
            720.5032963144582,
            745.0060402439702,
            259.01737393464555,
            889.5212195332948,
            796.4923100695951,
            483.265972317522,
            650.3076195155643,
            311.13019782721193,
            517.8127074531872,
            429.2621576612595,
            612.7846277445283,
            683.7726230261051,
            344.64039229318433,
            764.9967320191636,
            906.5561207117848,
            676.5478549223255
        ],
        [
            526.0769905631685,
            443.6766840842552,
            523.0152961434302,
            749.0400523336519,
            409.88412996845824,
            442.79679312298555,
            0,
            643.4158841682415,
            197.12178976460214,
            166.01204775557707,
            208.54016399725018,
            377.01193615056803,
            480.43313790786755,
            332.2002408186966,
            603.7698236911149,
            326.92047962769175,
            805.8002233804605,
            794.3834086887766,
            623.8469363553851,
            617.8648719582624,
            581.982817615778,
            961.536270766735,
            714.3703521283621,
            544.2076809454272,
            515.50460715691,
            548.2307908171521,
            459.6563934070753,
            750.315267071116,
            960.5649379401685,
            403.0111660984097,
            422.27123984472354,
            661.4408514750204,
            582.1838197682928,
            782.7771074833499,
            439.33131006109727,
            407.6824744822863,
            612.8392937793725,
            913.225601918825,
            392.2562937672256,
            1035.8542368499538,
            531.210880912656,
            659.0250374606416,
            566.6753920896865,
            375.90025272670414,
            319.02351010544663,
            680.961819781403,
            359.8277365629281,
            53.600373133029585,
            501.78082864932173,
            110.69326989478628,
            557.9829746506608,
            894.9083751982657,
            742.5395612356286,
            905.2402995890096,
            923.6503667514023,
            496.76251871492883,
            705.9065093905849,
            611.0032733136543,
            214.00233643584363,
            756.3630080854033,
            635.7963510433195,
            830.3186135454268,
            522.4834925622052,
            268.8810145770802,
            907.5885631716609,
            826.6081296479003,
            448.53985330179967,
            728.18816249648,
            352.36628669610263,
            728.506005465981,
            977.0368467974994,
            899.0005561733541
        ],
        [
            250.9123352886422,
            272.31048455760936,
            910.4641673344425,
            361.6365578865057,
            245.073458375239,
            289.79475495598604,
            643.4158841682415,
            0,
            651.4115442636859,
            714.0028011149536,
            731.1313151548086,
            815.7511875565981,
            656.7800240567614,
            352.1320774936586,
            48.104053883222775,
            739.7546890692888,
            623.2318990552394,
            314.80311307228203,
            906.9470767360133,
            209.46837470128995,
            924.5539465060976,
            561.0632762888692,
            330.8609980036934,
            611.3607772829396,
            858.7205599029292,
            768.8985628806962,
            287.1167010119753,
            686.0823565724453,
            551.5985859300221,
            307.5613759885984,
            332.3386826717588,
            752.4466758515184,
            66.2872536767062,
            169.29264603047588,
            210.38060747131613,
            283.9242856819402,
            661.8307940856182,
            505.82704554027157,
            493.0243401699352,
            780.9340561148554,
            804.8459479925335,
            628.5045743668061,
            205.23401277566055,
            792.2303957814293,
            487.3602363755172,
            343.70481521212355,
            358.46896657869837,
            641.922892565766,
            195.9795907741416,
            713.305684822433,
            92.91393867445294,
            708.082622297709,
            183.12017911743098,
            615.5745283879118,
            483.6796460468437,
            147.12239802287073,
            584.9581181588985,
            682.692463705291,
            429.41471795922416,
            802.0754328615233,
            741.7526541914091,
            197.29419656948858,
            606.647344014626,
            590.1737032433757,
            265.32432983049256,
            191.23022773609824,
            603.7913546913371,
            517.024177384385,
            633.1903347335617,
            635.1259717567847,
            693.2827705922022,
            407.14862151307847
        ],
        [
            609.199474720719,
            525.8611984164643,
            719.4345001457742,
            844.0592396271721,
            407.0823012610595,
            387.5177415293395,
            197.12178976460214,
            651.4115442636859,
            0,
            84.50443775329198,
            404.0445519989102,
            573.2826527987743,
            662.54131946619,
            425.5161571550486,
            605.2577963149256,
            137.20058308913997,
            951.1030438390993,
            869.0891783931037,
            820.3828374606578,
            688.0770305714325,
            779.061615021559,
            1067.579036886731,
            806.6486223877159,
            714.4403404063911,
            712.5798200903531,
            739.3429515454923,
            399.9062390110962,
            913.6147984790964,
            1064.3918451397494,
            355.3547523250533,
            352.2953306531325,
            843.0094898635484,
            601.2362264534632,
            758.8155243535809,
            478.55302736478427,
            486.4339626300779,
            785.6417758749849,
            1015.1039355652207,
            252.80031645549812,
            1177.801766003091,
            725.9159730988154,
            822.0492685964753,
            636.5736406732532,
            572.9310604252487,
            197.89138435010253,
            780.6676629654901,
            302.4913221895795,
            143.5896932234344,
            471.71707622260186,
            298.8109770406703,
            582.1065194618593,
            1044.1963416905846,
            702.6720429901848,
            1034.3659893867355,
            1017.4993857492003,
            517.3664078774345,
            856.0519844028165,
            787.1416645051894,
            274.59060435491966,
            936.1976287088107,
            818.0427861670806,
            848.3702022112753,
            693.5776813018134,
            99.03534722511958,
            900.499861188218,
            813.191244419171,
            624.2635661321266,
            862.0121808884142,
            163.49006085998013,
            885.4072509303276,
            1110.7952106486596,
            976.8464567167146
        ],
        [
            646.5361552148495,
            562.3850993758637,
            671.0625902253828,
            878.5949009640336,
            469.01705725911506,
            462.03138421540154,
            166.01204775557707,
            714.0028011149536,
            84.50443775329198,
            0,
            357.12882829589665,
            525.594901040716,
            646.399257425316,
            455.5974100014178,
            669.1681403055588,
            172.07265907168403,
            961.7619248025991,
            911.776836731445,
            781.8983309868361,
            731.1094309335642,
            734.3296262578542,
            1098.369700965936,
            842.0837250535128,
            708.2556035782562,
            670.9135562797939,
            712.8204542519807,
            475.5502076542497,
            912.8422645780596,
            1096.1500809651934,
            427.5347939057125,
            429.16313914407885,
            827.4345895598033,
            660.1530125660263,
            830.2409288875127,
            529.3656581230028,
            523.550379619765,
            777.62973194188,
            1047.534724961421,
            337.2313745783449,
            1190.9097362940652,
            693.1413997158155,
            821.2685309933651,
            679.1973203716282,
            528.9924385092853,
            280.1285419231678,
            812.8474641653254,
            375.51564547965245,
            118.3427226321923,
            541.9372657420784,
            247.759964481754,
            639.2847565834805,
            1052.7340594851103,
            777.1904528492357,
            1054.0531295907242,
            1053.3422995398978,
            574.6868712612112,
            863.5786009391386,
            776.418057492225,
            310.2273359973296,
            922.2933372848358,
            801.8035919101385,
            909.5630819245029,
            686.6971676073813,
            183.44754018519845,
            968.6490592572729,
            882.4584976076779,
            613.6220335027092,
            878.6592058358007,
            239.5203540411545,
            888.840255614022,
            1128.2681418882657,
            1018.8866472773111
        ],
        [
            547.7590711252531,
            479.40171046837116,
            315.572495632937,
            734.0027247905828,
            532.6537336769545,
            597.0745347107008,
            208.54016399725018,
            731.1313151548086,
            404.0445519989102,
            357.12882829589665,
            0,
            169.42549985170476,
            337.69957062454193,
            380.23676834309435,
            700.5918926165217,
            527.503554490394,
            715.0,
            801.4237331150108,
            426.2769053092133,
            644.1754419410911,
            377.29696526741367,
            920.6503136370508,
            705.3750775296785,
            424.5903908474613,
            314.1623783969048,
            374.0053475553525,
            615.0227638063488,
            631.1449912658738,
            922.6364397746275,
            557.0718086566578,
            587.0638806807995,
            508.520402737196,
            665.1804266512959,
            889.6072166973466,
            521.5793324126254,
            454.40290492029203,
            482.3121395942673,
            879.9318155402724,
            589.5354103020445,
            941.5545655988292,
            344.223764432382,
            545.4181881822424,
            598.8739433303139,
            171.95929750961417,
            514.665911052986,
            665.0187967268294,
            524.767567595407,
            261.0938528575501,
            633.3442981506978,
            109.63576058932595,
            638.72685868061,
            793.8072813976955,
            864.4489574289508,
            834.6933568682574,
            900.2071983715748,
            587.9115579744968,
            612.6279458202997,
            473.2060861823314,
            338.6620734596657,
            603.8758150480941,
            482.3795186365192,
            896.3079827827041,
            403.0111660984097,
            476.592068754821,
            993.7766348631869,
            922.1388181830326,
            326.4735823922052,
            660.0037878679183,
            560.8894721778971,
            622.0819881655473,
            896.8890678339212,
            896.4691851926648
        ],
        [
            597.6328304234968,
            546.4878772671907,
            146.16771189288008,
            741.0620756724769,
            650.0192304847603,
            729.8280619433594,
            377.01193615056803,
            815.7511875565981,
            573.2826527987743,
            525.594901040716,
            169.42549985170476,
            0,
            264.3822989536176,
            468.81232918941026,
            792.8127143279175,
            696.5809357138623,
            656.612518918121,
            822.7059012794306,
            265.7084868798887,
            689.6035092718134,
            209.30838492521028,
            897.2948233440334,
            719.1056945957249,
            363.41161236262116,
            151.64761785138597,
            249.8739682319869,
            747.8194969375966,
            550.0881747501941,
            901.7189140746688,
            691.1671288480088,
            726.2761182911083,
            399.3920379777243,
            749.7839688870389,
            982.0234213092883,
            615.2089076078142,
            531.8655845230071,
            401.4000498256073,
            864.5999074716582,
            747.9846255104445,
            870.597495976183,
            203.59027481684876,
            476.57528261545417,
            652.0529119634388,
            29.068883707497264,
            673.0364031759352,
            675.7847290372874,
            666.1065980757134,
            430.0290687848904,
            751.0059919867483,
            277.89386463180506,
            723.284867807975,
            721.9092740781213,
            968.1430679398578,
            788.9651449842381,
            892.3183288490716,
            682.4404735945839,
            558.5642308633807,
            384.95843931520716,
            473.15219538748835,
            489.3107397145499,
            374.78660595063957,
            958.8769472669577,
            345.469246098694,
            643.2705496134578,
            1068.4254770455448,
            1005.5471147589257,
            282.1099076601174,
            626.0,
            728.793523571663,
            554.4303382752427,
            840.1386790286471,
            905.9028645500576
        ],
        [
            410.1280287910106,
            390.9079175458077,
            282.3065709472594,
            498.3141579365371,
            563.5858408441433,
            666.8470589273076,
            480.43313790786755,
            656.7800240567614,
            662.54131946619,
            646.399257425316,
            337.69957062454193,
            264.3822989536176,
            0,
            364.5888094826828,
            647.3407139984323,
            799.2027277230727,
            393.0216279036053,
            588.5821947697705,
            250.1699422392706,
            487.3817805375987,
            275.5358415887124,
            635.9685526816559,
            482.5567324159927,
            99.12618221237011,
            219.8021837926093,
            113.1591799192624,
            683.2422703551061,
            295.16944286290885,
            641.1029558503064,
            635.2086271454442,
            678.9293041252529,
            181.10770276274832,
            595.8338694636283,
            825.6221896242859,
            490.6526266107214,
            394.9746827329569,
            145.12063946937388,
            606.3307678157196,
            756.138214878735,
            611.805524656324,
            150.6286825275983,
            214.46211786700235,
            462.8358240240269,
            235.79016094824655,
            687.3136110975834,
            438.7493589738907,
            630.3173803727769,
            529.7858057743714,
            654.198746559484,
            427.80018700323166,
            571.616129933367,
            462.90063728623227,
            830.7857726273362,
            524.5836444267014,
            637.0384603773937,
            550.9382905553035,
            294.2108087749327,
            135.72398461583714,
            452.8807790136384,
            275.9655775635795,
            155.70806016388488,
            762.3417868646582,
            82.49242389456138,
            699.9321395678298,
            883.2106204071598,
            834.6837724551737,
            55.02726596879042,
            364.00274724238,
            788.9651449842382,
            292.6174977679906,
            576.8335981892872,
            660.5043527487159
        ],
        [
            194.16487838947597,
            111.54371340420761,
            577.1949410727714,
            423.0791888051219,
            199.44924166313592,
            302.8035666896941,
            332.2002408186966,
            352.1320774936586,
            425.5161571550486,
            455.5974100014178,
            380.23676834309435,
            468.81232918941026,
            364.5888094826828,
            0,
            325.15380975778214,
            553.1726674375732,
            539.2819299772615,
            462.4499972970051,
            603.0091209923777,
            285.92656399852046,
            603.4210801753615,
            643.4974747425198,
            386.8358825135021,
            364.23755984247424,
            533.2410336798922,
            474.89367230991826,
            318.912213626258,
            528.866712887094,
            640.9258927520405,
            273.02930245671433,
            318.05659873676575,
            514.5143341054747,
            285.89683454001374,
            514.9262083056174,
            146.4547711752676,
            77.52418977325722,
            433.7614551801485,
            592.1114759907969,
            420.880030412468,
            759.9506562928938,
            495.6793318265348,
            442.4217444927408,
            235.17227727774377,
            447.2694937059759,
            363.65505633773336,
            357.33737559902687,
            276.3783638420345,
            351.2406582387637,
            294.0493155917898,
            376.19144062564743,
            259.3067681338071,
            634.4966508973865,
            499.45970808464625,
            610.9901799538189,
            597.9473220945137,
            213.7755832643195,
            452.7306042228645,
            445.45706863849404,
            151.2084653714864,
            593.1222470958243,
            495.025251881154,
            518.0463299744531,
            349.24203641600764,
            416.39404414568656,
            613.5829202316505,
            543.3599175500526,
            310.22088904520916,
            442.7154842559723,
            496.400040290087,
            490.6831971853123,
            688.8149243447037,
            567.7966185175815
        ],
        [
            251.28668886353688,
            257.381040482783,
            893.1074963295292,
            391.38855374167497,
            200.30227157973025,
            241.7540072056718,
            603.7698236911149,
            48.104053883222775,
            605.2577963149256,
            669.1681403055588,
            700.5918926165217,
            792.8127143279175,
            647.3407139984323,
            325.15380975778214,
            0,
            692.0440737409721,
            642.9961119633617,
            353.1019682754544,
            897.1092464131668,
            228.11619846034608,
            910.71071147758,
            598.1989635564408,
            358.3475966153533,
            608.7133972568699,
            843.4743623845363,
            760.2322013700815,
            239.35329536064464,
            697.5851202541521,
            589.261402095878,
            259.6150997149434,
            284.29737951658996,
            753.2927717693831,
            54.91812087098393,
            189.805163259591,
            179.49373248110922,
            262.6118809193522,
            662.946453342953,
            542.4619802345599,
            445.06741062450305,
            810.1876325888961,
            793.2950270863925,
            635.0590523722971,
            212.8497122384712,
            770.2421697102801,
            439.42007236811565,
            366.1816489121212,
            310.7571399018854,
            600.0808278890436,
            148.03377992877168,
            677.4636521615016,
            76.05918747922567,
            730.4827171124585,
            183.48024416813928,
            644.4920480502456,
            522.6700680161434,
            112.6809655620682,
            597.8043158091116,
            682.7393353249832,
            390.12433915355757,
            807.8743714216957,
            741.0836659919041,
            244.55878638887629,
            602.3163620556892,
            542.6536648729095,
            303.9358484943821,
            223.9486548296283,
            593.3852037252025,
            535.4960317313285,
            585.098282342377,
            647.4295328450811,
            723.3291090506451,
            449.11023145771236
        ],
        [
            729.4518489934754,
            647.766933395029,
            842.3740261902667,
            964.7155021041177,
            502.8916384272063,
            456.82600626496736,
            326.92047962769175,
            739.7546890692888,
            137.20058308913997,
            172.07265907168403,
            527.503554490394,
            696.5809357138623,
            799.2027277230727,
            553.1726674375732,
            692.0440737409721,
            0,
            1084.852524539626,
            982.130337582543,
            949.9578938037201,
