{
    "depot": {
        "x": 230,
        "y": 856,
        "node_type": "depot",
        "id": 0
    },
    "final_destination": {
        "x": 195,
        "y": 286,
        "node_type": "final",
        "id": 36
    },
    "pickup_nodes": [
        {
            "x": 845,
            "y": 813,
            "node_type": "pickup",
            "id": 1
        },
        {
            "x": 759,
            "y": 558,
            "node_type": "pickup",
            "id": 2
        },
        {
            "x": 228,
            "y": 298,
            "node_type": "pickup",
            "id": 3
        },
        {
            "x": 863,
            "y": 644,
            "node_type": "pickup",
            "id": 4
        },
        {
            "x": 769,
            "y": 391,
            "node_type": "pickup",
            "id": 5
        },
        {
            "x": 262,
            "y": 979,
            "node_type": "pickup",
            "id": 6
        },
        {
            "x": 798,
            "y": 869,
            "node_type": "pickup",
            "id": 7
        },
        {
            "x": 94,
            "y": 231,
            "node_type": "pickup",
            "id": 8
        },
        {
            "x": 438,
            "y": 757,
            "node_type": "pickup",
            "id": 9
        },
        {
            "x": 1,
            "y": 23,
            "node_type": "pickup",
            "id": 10
        },
        {
            "x": 49,
            "y": 90,
            "node_type": "pickup",
            "id": 11
        },
        {
            "x": 766,
            "y": 172,
            "node_type": "pickup",
            "id": 12
        },
        {
            "x": 241,
            "y": 290,
            "node_type": "pickup",
            "id": 13
        },
        {
            "x": 296,
            "y": 185,
            "node_type": "pickup",
            "id": 14
        },
        {
            "x": 576,
            "y": 641,
            "node_type": "pickup",
            "id": 15
        },
        {
            "x": 876,
            "y": 804,
            "node_type": "pickup",
            "id": 16
        },
        {
            "x": 297,
            "y": 804,
            "node_type": "pickup",
            "id": 17
        },
        {
            "x": 516,
            "y": 296,
            "node_type": "pickup",
            "id": 18
        },
        {
            "x": 46,
            "y": 917,
            "node_type": "pickup",
            "id": 19
        },
        {
            "x": 808,
            "y": 664,
            "node_type": "pickup",
            "id": 20
        },
        {
            "x": 551,
            "y": 389,
            "node_type": "pickup",
            "id": 21
        },
        {
            "x": 83,
            "y": 831,
            "node_type": "pickup",
            "id": 22
        },
        {
            "x": 96,
            "y": 912,
            "node_type": "pickup",
            "id": 23
        },
        {
            "x": 357,
            "y": 165,
            "node_type": "pickup",
            "id": 24
        },
        {
            "x": 488,
            "y": 159,
            "node_type": "pickup",
            "id": 25
        },
        {
            "x": 913,
            "y": 135,
            "node_type": "pickup",
            "id": 26
        },
        {
            "x": 405,
            "y": 626,
            "node_type": "pickup",
            "id": 27
        },
        {
            "x": 44,
            "y": 804,
            "node_type": "pickup",
            "id": 28
        },
        {
            "x": 423,
            "y": 176,
            "node_type": "pickup",
            "id": 29
        },
        {
            "x": 162,
            "y": 271,
            "node_type": "pickup",
            "id": 30
        },
        {
            "x": 858,
            "y": 884,
            "node_type": "pickup",
            "id": 31
        },
        {
            "x": 533,
            "y": 74,
            "node_type": "pickup",
            "id": 32
        },
        {
            "x": 259,
            "y": 418,
            "node_type": "pickup",
            "id": 33
        },
        {
            "x": 347,
            "y": 153,
            "node_type": "pickup",
            "id": 34
        },
        {
            "x": 864,
            "y": 25,
            "node_type": "pickup",
            "id": 35
        }
    ],
    "delivery_nodes": [
        {
            "x": 583,
            "y": 383,
            "node_type": "delivery",
            "id": 1
        },
        {
            "x": 309,
            "y": 535,
            "node_type": "delivery",
            "id": 2
        },
        {
            "x": 331,
            "y": 588,
            "node_type": "delivery",
            "id": 3
        },
        {
            "x": 312,
            "y": 788,
            "node_type": "delivery",
            "id": 4
        },
        {
            "x": 462,
            "y": 951,
            "node_type": "delivery",
            "id": 5
        },
        {
            "x": 717,
            "y": 128,
            "node_type": "delivery",
            "id": 6
        },
        {
            "x": 903,
            "y": 119,
            "node_type": "delivery",
            "id": 7
        },
        {
            "x": 587,
            "y": 269,
            "node_type": "delivery",
            "id": 8
        },
        {
            "x": 683,
            "y": 777,
            "node_type": "delivery",
            "id": 9
        },
        {
            "x": 899,
            "y": 300,
            "node_type": "delivery",
            "id": 10
        },
        {
            "x": 652,
            "y": 19,
            "node_type": "delivery",
            "id": 11
        },
        {
            "x": 844,
            "y": 88,
            "node_type": "delivery",
            "id": 12
        },
        {
            "x": 915,
            "y": 607,
            "node_type": "delivery",
            "id": 13
        },
        {
            "x": 58,
            "y": 782,
            "node_type": "delivery",
            "id": 14
        },
        {
            "x": 601,
            "y": 38,
            "node_type": "delivery",
            "id": 15
        },
        {
            "x": 543,
            "y": 858,
            "node_type": "delivery",
            "id": 16
        },
        {
            "x": 107,
            "y": 823,
            "node_type": "delivery",
            "id": 17
        },
        {
            "x": 884,
            "y": 221,
            "node_type": "delivery",
            "id": 18
        },
        {
            "x": 567,
            "y": 531,
            "node_type": "delivery",
            "id": 19
        },
        {
            "x": 592,
            "y": 466,
            "node_type": "delivery",
            "id": 20
        },
        {
            "x": 49,
            "y": 575,
            "node_type": "delivery",
            "id": 21
        },
        {
            "x": 43,
            "y": 876,
            "node_type": "delivery",
            "id": 22
        },
        {
            "x": 299,
            "y": 71,
            "node_type": "delivery",
            "id": 23
        },
        {
            "x": 799,
            "y": 858,
            "node_type": "delivery",
            "id": 24
        },
        {
            "x": 736,
            "y": 860,
            "node_type": "delivery",
            "id": 25
        },
        {
            "x": 466,
            "y": 335,
            "node_type": "delivery",
            "id": 26
        },
        {
            "x": 632,
            "y": 979,
            "node_type": "delivery",
            "id": 27
        },
        {
            "x": 608,
            "y": 305,
            "node_type": "delivery",
            "id": 28
        },
        {
            "x": 161,
            "y": 406,
            "node_type": "delivery",
            "id": 29
        },
        {
            "x": 258,
            "y": 904,
            "node_type": "delivery",
            "id": 30
        },
        {
            "x": 965,
            "y": 763,
            "node_type": "delivery",
            "id": 31
        },
        {
            "x": 598,
            "y": 2,
            "node_type": "delivery",
            "id": 32
        },
        {
            "x": 953,
            "y": 743,
            "node_type": "delivery",
            "id": 33
        },
        {
            "x": 449,
            "y": 281,
            "node_type": "delivery",
            "id": 34
        },
        {
            "x": 45,
            "y": 226,
            "node_type": "delivery",
            "id": 35
        }
    ],
    "travel_costs": [
        [
            0,
            616.5014193008805,
            607.1614282874036,
            558.0035842178794,
            667.5574881611321,
            711.8609414766343,
            127.09445306542689,
            568.1487481285161,
            639.6256717799872,
            230.3584163862914,
            863.903929844054,
            787.0940223378653,
            868.9948216186331,
            566.1068803680097,
            674.2380885117659,
            407.35856441223865,
            648.0894999920921,
            84.81155581640984,
            628.8052162633513,
            193.84787850270632,
            609.0550057260838,
            566.6833330882424,
            149.11069713471264,
            145.23085071705665,
            702.573839535746,
            743.2180030112295,
            993.1414803541336,
            289.0069203323685,
            193.13207915827965,
            706.8585431329241,
            588.9388762851371,
            628.6238939143183,
            838.6495096284262,
            438.95899580712546,
            712.6696289305445,
            1045.2353801895533,
            590.2016604517477,
            330.57828119826627,
            286.40006983239374,
            106.5269918846862,
            250.69702830308938,
            875.8727076464936,
            998.0470930772756,
            687.0356613742841,
            459.8369276167367,
            869.8833255098066,
            937.3649236023291,
            983.2700544611332,
            728.8525228055398,
            187.24315741836872,
            898.2009797367178,
            313.0063897111367,
            127.34991166074676,
            911.5596524638418,
            468.1815887025033,
            532.1127700027505,
            334.24841061701403,
            188.06647760831805,
            788.0266492955678,
            569.0035149276321,
            506.01581002968675,
            571.9589146083833,
            420.39624165779594,
            668.1953307229855,
            455.25926679201154,
            55.56977595779922,
            740.8603107199089,
            929.9139745159227,
            731.777288524316,
            615.2934259359513,
            656.6010965571105,
            571.0735504293646
        ],
        [
            616.5014193008805,
            0,
            269.1115010548601,
            803.6877503110271,
            169.95587662684687,
            428.7889923960269,
            606.1724177162798,
            73.10950690573696,
            950.1184136727379,
            410.8345165635429,
            1156.0432517860222,
            1075.3348315757282,
            645.8498277463577,
            798.9649554267071,
            834.1372788696115,
            319.2882710028666,
            32.28002478313795,
            548.0739001266161,
            612.805026089049,
            805.740032516692,
            153.52524222420234,
            515.9573625795061,
            762.2125687759288,
            755.5143943036427,
            811.2015779077356,
            745.0939538071692,
            681.4014969164656,
            478.08890386621607,
            801.0505602020387,
            764.1027417828051,
            871.9248820856071,
            72.18032973047434,
            802.1627017008458,
            706.6972477659723,
            826.8034833018061,
            788.2290276309292,
            503.53152830781113,
            603.8046041560134,
            561.0891194810321,
            533.5859818248601,
            407.10318102417233,
            696.8565132077048,
            696.419413859206,
            602.0797289396148,
            165.951800231272,
            515.8342757126555,
            817.1199422361444,
            725.0006896548443,
            217.5683800555586,
            787.6103097344524,
            812.502923071665,
            305.3342430845253,
            738.0677475679315,
            593.2832375855565,
            395.98989886106943,
            429.4391691497179,
            830.8188731606908,
            804.4706333981371,
            921.2382970762776,
            64.35060217278468,
            118.70130580579138,
            610.0204914590985,
            270.04629232781554,
            560.5648936563902,
            795.9302733280095,
            594.0117843948889,
            130.0,
            847.7794524521105,
            128.70120434556935,
            663.2043425672061,
            992.2545036430926,
            836.7968690189992
        ],
        [
            607.1614282874036,
            269.1115010548601,
            0,
            591.2368391769918,
            134.9518432626987,
            167.2991332912397,
            651.3447627792826,
            313.43579884882325,
            741.0492561226952,
            377.6797585256589,
            927.7871523145814,
            850.366979603512,
            386.0634662850138,
            583.2220846298603,
            594.5569779255811,
            200.94277792446286,
            272.40594707164524,
            523.4118837015453,
            357.3415732880797,
            798.2793997091494,
            116.77756633874506,
            268.00186566514793,
            729.0438944261176,
            751.5883181636075,
            562.1859123101539,
            482.3297627142659,
            450.1610822805543,
            360.4719129141686,
            756.135569855036,
            508.74355032766755,
            662.40320047536,
            340.70074845823274,
            534.1647685873713,
            519.2301994298869,
            577.727444388788,
            543.2439599296065,
            248.19548746905127,
            450.5873944086763,
            429.05011362310586,
            502.70170081271857,
            492.603288661373,
            432.04629381583635,
            462.0140690498505,
            336.3108680967655,
            231.81242417092315,
            293.53705047233814,
            549.5179705887697,
            477.62432936357004,
            163.5145253486674,
            735.9191531683356,
            543.4740104181616,
            369.6701232179847,
            703.7961352550893,
            359.4356687920663,
            193.88914358467832,
            190.66462702871763,
            710.203491965507,
            783.441127335041,
            669.9022316726523,
            302.6549190084311,
            302.87456149369825,
            368.20917967916006,
            439.7385586914115,
            294.63536787018626,
            617.0153968905477,
            608.8653381495781,
            290.6217472936256,
            578.841083545389,
            268.0690209628856,
            415.72707393192474,
            787.4134873114633,
            626.1629180971994
        ],
        [
            558.0035842178794,
            803.6877503110271,
            591.2368391769918,
            0,
            723.1465964795796,
            548.9353331677603,
            681.8482235805853,
            806.8091471965349,
            149.81655449248592,
            504.7583580288691,
            356.58659537341,
            274.4175650354765,
            552.5576892958779,
            15.264337522473749,
            131.88252348207476,
            488.6235769997187,
            822.155703014946,
            510.68287615701394,
            288.006944360722,
            645.2015189070777,
            685.8250505777695,
            335.574134879314,
            552.3712519673702,
            628.0286617663241,
            185.28356645962967,
            294.82367611845564,
            704.1264091056379,
            372.71034329623853,
            538.4161958931028,
            230.0195643852931,
            71.30918594402829,
            860.404556008393,
            378.41907985723975,
            123.93950137062842,
            187.57931655702342,
            692.1163197035596,
            365.0342449688796,
            250.4595775769016,
            307.74827375632833,
            497.14786532781164,
            693.6605798227256,
            517.7074463439752,
            698.3308671396388,
            360.1694045862308,
            660.6557348574217,
            671.0029806193113,
            507.5598486878173,
            650.8118007534897,
            753.2927717693832,
            512.9873292782191,
            454.6746089237885,
            642.5145912740037,
            538.763398905308,
            660.5035957509997,
            411.3514312604249,
            400.8989897717379,
            329.802971484491,
            606.8846677911711,
            237.84448700779254,
            799.775593526084,
            757.5671587390783,
            240.85887984460942,
            791.8187924013928,
            380.06446821559103,
            127.09445306542689,
            606.7421198499408,
            871.4321545593782,
            473.83119357003085,
            850.6762016184537,
            221.65288177689007,
            196.65451939886864,
            35.11409973215888
        ],
        [
            667.5574881611321,
            169.95587662684687,
            134.9518432626987,
            723.1465964795796,
            0,
            269.89812893015767,
            688.059590442572,
            234.2007685726074,
            872.8860177594782,
            439.76584678667354,
            1062.3958772510368,
            984.6380045478643,
            481.86408872212087,
            715.6814934033156,
            729.49982864974,
            287.0156790142309,
            160.5272562526377,
            588.1802444829306,
            491.43972163430175,
            861.4046668088118,
            58.52349955359813,
            402.9503691523312,
            802.1028612341437,
            812.4733841794449,
            696.7617957379695,
            613.0660649554826,
            511.44989979469153,
            458.35357531058924,
            834.4824743516186,
            642.3581555487561,
            794.059191748323,
            240.05207768315609,
            658.6349520030045,
            644.8968909833571,
            712.2759296789412,
            619.0008077539156,
            382.7806160191501,
            564.621111897173,
            534.9392488871983,
            569.5059262202633,
            505.02475186865837,
            536.2574008813305,
            526.5216044950103,
            465.6189429136233,
            223.80571931923456,
            345.878591416121,
            659.6559709424299,
            556.3245455667043,
            63.8200595424354,
            816.7429216099763,
            660.2120871356416,
            384.9623358200124,
            776.9021817449093,
            423.5209557979392,
            316.8359196808342,
            324.2298567374695,
            816.9192126520222,
            852.1877727355633,
            804.0055969954437,
            223.36517185989405,
            250.56935167733505,
            503.08051045533455,
            406.92259706238974,
            424.20042432793485,
            741.2475969606917,
            658.5020880756568,
            156.73225577397906,
            694.5422953283695,
            133.79461872586654,
            550.6042135690573,
            918.6119964381044,
            757.883896121299
        ],
        [
            711.8609414766343,
            428.7889923960269,
            167.2991332912397,
            548.9353331677603,
            269.89812893015767,
            0,
            776.3974497639723,
            478.87889909662965,
            693.7038272923107,
            493.4744167634224,
            851.6149364589609,
            780.3851613145908,
            219.02054698132775,
            537.5732508226205,
            515.911814169825,
            315.83065082414026,
            426.63567595783644,
            627.1786029513444,
            270.2480342204176,
            894.0945140196308,
            275.77164466275354,
            218.00917411888884,
            814.9822083947599,
            851.0992891549141,
            469.9148859102039,
            364.3967617858315,
            293.7209560109731,
            433.2678155598452,
            834.38240633417,
            407.35856441223865,
            618.7479292894644,
            500.9690609209315,
            395.20247974930527,
            510.7142057941996,
            484.48735793620045,
            378.1282851096966,
            186.17196351760379,
            482.01244797204146,
            480.2634693582263,
            605.3577454695694,
            638.6305661335042,
            268.0914023239089,
            303.21609455963915,
            219.10727965998754,
            395.4642841016114,
            158.68522300453813,
            389.9653830790626,
            312.14419744726956,
            260.714403131089,
            811.419743412742,
            390.93861410712555,
            518.8111409752107,
            790.4859265034388,
            205.24375751773792,
            245.77225229874915,
            192.2342321232095,
            743.1392870788087,
            873.098505324571,
            568.5947590331799,
            467.9626053436321,
            470.1595473879054,
            308.13146544940844,
            603.7491200821745,
            182.52944967867512,
            608.185004747733,
            724.0787250016396,
            420.47592083257274,
            424.9258758889602,
            397.1901307938051,
            338.3784863137726,
            742.5638019725982,
            583.524635298288
        ],
        [
            127.09445306542689,
            606.1724177162798,
            651.3447627792826,
            681.8482235805853,
            688.059590442572,
            776.3974497639723,
            0,
            547.1709056592831,
            766.6342022111979,
            283.30195904723286,
            990.987890945192,
            914.1608173620219,
            951.4541502353122,
            689.3199547380011,
            794.7276262972113,
            461.34585724811706,
            638.4520342202694,
            178.46568297574748,
            728.7008988604308,
            224.72205054244233,
            630.3499028317526,
            656.9786906742106,
            232.2606294661237,
            179.0111728356641,
            819.5248623440292,
            850.573923889041,
            1065.897274600137,
            380.8648054100038,
            279.5514263959316,
            818.9810742624032,
            715.0272722071516,
            603.5238189168675,
            944.704186504961,
            561.0080213330288,
            830.361969264007,
            1128.0602820771592,
            676.9468221359784,
            446.48068267283406,
            397.0415595375376,
            197.436065600994,
            201.9504889818294,
            965.0005181345758,
            1072.6047734370754,
            780.848897034503,
            466.95288841595146,
            931.0263154175611,
            1036.1949623502326,
            1064.2391648497062,
            751.5271119527225,
            283.59301824974466,
            1000.2009798035592,
            305.9444394003591,
            219.91134577370036,
            980.5345480909889,
            541.9677112153454,
            609.974589634683,
            456.71106840101874,
            242.01239637671455,
            908.7535419463298,
            550.4634411112149,
            488.70952517830057,
            675.5383038732888,
            370.0,
            757.6225973398629,
            581.8333094624267,
            75.10659092250161,
            735.4352452799634,
            1033.162620307181,
            730.1897013790319,
            722.615388709651,
            783.6440518500732,
            696.2312834109078
        ],
        [
            568.1487481285161,
            73.10950690573696,
            313.43579884882325,
            806.8091471965349,
            234.2007685726074,
            478.87889909662965,
            547.1709056592831,
            0,
            950.0842067943241,
            377.0198933743417,
            1162.2929923216436,
            1080.6673863867643,
            697.734190075275,
            803.4239229696859,
            848.4456376221166,
            318.2263345482268,
            101.53324578678652,
            505.1989707036229,
            638.6336978268529,
            753.5303577162634,
            205.24375751773792,
            539.8231191788658,
            716.0090781547395,
            703.3157185787902,
            830.7207713786865,
            774.7257579298627,
            742.9542381600633,
            462.0584378625716,
            756.7965380470499,
            787.9555825044963,
            872.9833904490966,
            61.84658438426491,
            838.0035799446206,
            702.7958451783846,
            846.2015126434128,
            846.5766356331835,
            531.4329684917939,
            592.1798713228947,
            545.0229352972221,
            492.70376495415576,
            345.8612438536587,
            745.4139789405615,
            757.3143336818603,
            636.019653784378,
            147.27185746095552,
            577.8944540311838,
            862.4476795725059,
            782.3535006632233,
            286.93727537564723,
            745.0966380275784,
            854.0316153398539,
            255.2371446322028,
            692.5294217576608,
            653.6818798161687,
            409.3958964132396,
            452.59805567412684,
            804.6346997240425,
            755.032449633789,
            941.1721415341616,
            11.045361017187261,
            62.64982043070834,
            628.7924935938723,
            199.13814300630608,
            595.1436801311091,
            787.4884126131634,
            541.1330705103875,
            197.80040444852483,
            889.7690711639734,
            199.75234666956982,
            683.7726230261052,
            990.1807915729329,
            838.7478763013353
        ],
        [
            639.6256717799872,
            950.1184136727379,
            741.0492561226952,
            149.81655449248592,
            872.8860177594782,
            693.7038272923107,
            766.6342022111979,
            950.0842067943241,
            0,
            628.4998011137315,
            227.8442450447235,
            148.0067566025281,
            674.5850576465506,
            158.39823231336894,
            207.17142660125694,
            632.7906446843222,
            969.4601590576068,
            607.8963727478558,
            426.9765801539939,
            687.6772498781678,
            835.0359273707929,
            483.5421388048822,
            600.1008248619561,
            681.0029368512297,
            271.154937259125,
            400.52465592020667,
            824.6071792071665,
            502.738500614385,
            575.1773639495907,
            333.56558575488566,
            78.89233169326407,
            1005.039800206937,
            466.2295571925916,
            249.38724907260192,
            264.750826249891,
            797.0796697946824,
            512.0790954530364,
            372.34526987730084,
            428.50670939904774,
            598.1412876570217,
            808.5938411835697,
            631.4570452532777,
            816.7159849054015,
            494.4623342581313,
            803.1419550739458,
            807.9517312315137,
            596.9154043916107,
            763.5109691418978,
            903.0044296679835,
            552.1747911667102,
            542.4923962600767,
            771.187396162567,
            592.1427192831134,
            790.0632886041471,
            560.115166729129,
            550.66232847363,
            346.930828840563,
            647.0131374245811,
            260.0480724789169,
            943.4797295119805,
            898.779728298319,
            386.2641583165593,
            921.3837419881035,
            519.299528210839,
            187.38729946290385,
            692.6940161427699,
            1020.6199096627499,
            553.5855850724438,
            1000.0124999218759,
            358.50383540486706,
            49.254441424099,
            115.00434774390052
        ],
        [
            230.3584163862914,
            410.8345165635429,
            377.6797585256589,
            504.7583580288691,
            439.76584678667354,
            493.4744167634224,
            283.30195904723286,
            377.0198933743417,
            628.4998011137315,
            0,
            854.2394277952756,
            772.1463591832834,
            670.6780151458671,
            506.8510629366382,
            589.3623673089418,
            180.27756377319946,
            440.5144719529655,
            148.62705002791384,
            467.552136130293,
            423.39579591677574,
            381.50884655535845,
            384.95843931520716,
            362.63066610533645,
            375.4850196745537,
            597.5156901705594,
            600.0866604083113,
            782.6295419928896,
            135.09256086106296,
            396.79339712248236,
            581.1935994141711,
            558.9024959686618,
            438.7812666921869,
            689.5752315737565,
            383.3562312001724,
            610.8166664392844,
            846.9356528095863,
            401.1246688998322,
            256.7586415293553,
            200.02499843769527,
            129.75746606650426,
            195.4788991170147,
            688.1002833889839,
            789.4738754385733,
            510.2401395421572,
            245.8149710656371,
            649.1301872506008,
            768.4009370114017,
            782.5579850720328,
            500.0289991590488,
            380.8214804865923,
            737.2448711249201,
            145.69145479402695,
            337.5159255501879,
            697.2890361966118,
            260.22490272838996,
            329.2369967060203,
            429.47060434912186,
            412.5360590299956,
            699.9407117749331,
            374.8626415101937,
            315.29827148273426,
            422.92788983466204,
            294.8219801846531,
            482.9120002650586,
            447.1353262715886,
            232.39836488237174,
            527.0341544909589,
            771.7674520216566,
            515.1902561190379,
            476.12708387572326,
            660.6133513637155,
            529.9905659537725
        ],
        [
            863.903929844054,
            1156.0432517860222,
            927.7871523145814,
            356.58659537341,
            1062.3958772510368,
            851.6149364589609,
            990.987890945192,
            1162.2929923216436,
            227.8442450447235,
            854.2394277952756,
            0,
            82.41965784932621,
            779.3753909381538,
            359.0111418883821,
            336.55460181076114,
            844.1261754027059,
            1172.8537845784529,
            835.2107518465025,
            582.884208055082,
            895.1318338658278,
            1030.5969144141661,
            660.6481665758257,
            812.1502324077732,
            894.0615191361273,
            383.27535793473595,
            505.6332663106731,
            918.8514569831187,
            725.8271144012189,
            782.182843074431,
            448.87971662796264,
            295.67718883945037,
            1214.812742771494,
            534.4389581607987,
            471.79338698205595,
            369.61601696896196,
            863.0023174939915,
            684.342019753281,
            597.5014644333519,
            654.3126164151201,
            825.8002179704241,
            1036.1973750208017,
            723.6580684273478,
            907.0942619154857,
            635.5407146674397,
            1016.6808742176673,
            939.7515629143694,
            651.0122886704982,
            845.5022176198001,
            1084.6437203063504,
            761.137306929571,
            600.1874707122768,
            995.4843042459285,
            806.9919454368797,
            904.9270688845595,
            760.5392823516745,
            738.6000270782556,
            554.0830262695295,
            854.0333717133071,
            301.8410177560366,
            1155.0017316004337,
            1113.909332037397,
            559.9723207445168,
            1145.468026616195,
            669.307851440576,
            415.07710127155894,
            917.7200008717257,
            1215.2761003163027,
            597.3692325521963,
            1193.6096514355102,
            516.9796901233161,
            207.71374533236843,
            326.8103425535979
        ],
        [
            787.0940223378653,
            1075.3348315757282,
            850.366979603512,
            274.4175650354765,
            984.6380045478643,
            780.3851613145908,
            914.1608173620219,
            1080.6673863867643,
            148.0067566025281,
            772.1463591832834,
            82.41965784932621,
            0,
            721.6737490029687,
            277.2435752186153,
            264.6393772664983,
            762.4499983605482,
            1092.5772283916592,
            755.8438992278762,
            510.4164965986111,
            827.0054413363916,
            951.607587191275,
            584.2987249686585,
            741.7796168674358,
            823.3425775459448,
            317.0,
            444.3894688221133,
            865.1710813474987,
            643.4531840002037,
            714.017506788174,
            383.76034188018957,
            213.37759957408838,
            1133.5417945536901,
            484.26439059670696,
            389.46630149475067,
            304.586605089587,
            817.5879157619687,
            609.1017977317092,
            515.3882032022076,
            572.3006203037002,
            745.9041493382376,
            954.9293167559576,
            669.0799653255208,
            854.4922468928551,
            566.9964726521674,
            934.8395584270062,
            875.5569655939012,
            607.1655457945552,
            795.00251571929,
            1008.585643364013,
            692.0585235368466,
            554.4438655084931,
            913.1593508254734,
            735.2910988173325,
            845.2135824748677,
            680.2977289393226,
            660.4733151308992,
            485.0,
            786.0229004297522,
            250.72096043211067,
            1073.4635531772842,
            1031.924900368239,
            483.646565169236,
            1063.1133523759354,
            598.9206959189172,
            335.2610922848042,
            840.4028795762185,
            1136.655180782633,
            556.0080934662732,
            1115.1793577716546,
            443.26177367330024,
            136.0588108135596,
            244.4013093254617
        ],
        [
            868.9948216186331,
            645.8498277463577,
            386.0634662850138,
            552.5576892958779,
            481.86408872212087,
            219.02054698132775,
            951.4541502353122,
            697.734190075275,
            674.5850576465506,
            670.6780151458671,
            779.3753909381538,
            721.6737490029687,
            0,
            538.0975747947579,
            470.1797528605416,
            506.0247029543123,
            641.5013639891969,
            787.0101651185961,
            279.06271696520116,
            1036.0622568166452,
            493.78942880543724,
            305.4734030975528,
            949.0890369190869,
            998.2484660644362,
            409.05989781448875,
            278.30379084734,
            151.58495967608397,
            580.031895674712,
            959.5353041967762,
            343.02332282222443,
            612.0596376171198,
            717.9192155110491,
            252.7706470300695,
            563.529058700614,
            419.43056636349246,
            176.67201249773547,
            279.3027031734566,
            583.624879524511,
            601.8978318618534,
            765.2267637765945,
            836.2158812172846,
            65.85590330410783,
            146.8945199794737,
            203.59273071502335,
            610.6668486171491,
            184.58873205046942,
            190.80094339389416,
            114.6298390472568,
            459.8108306684391,
            934.5394587710034,
            212.55822731665785,
            721.3355668480516,
            926.3271560307406,
            127.7693233918064,
            410.4655893007354,
            341.6313802916822,
            822.4949847871413,
            1009.1308141167824,
            477.7970280359642,
            686.7932731179012,
            688.6537591562251,
            341.422026237324,
            818.049509504162,
            206.52602741543257,
            648.6763445663793,
            891.0039281619357,
            623.604041038863,
            239.0062760682238,
            600.841077157679,
            335.21634805003174,
            723.0193635028041,
            582.2688382525721
        ],
        [
            566.1068803680097,
            798.9649554267071,
            583.2220846298603,
            15.264337522473749,
            715.6814934033156,
            537.5732508226205,
            689.3199547380011,
            803.4239229696859,
            158.39823231336894,
            506.8510629366382,
            359.0111418883821,
            277.2435752186153,
            538.0975747947579,
            0,
            118.53269591129697,
            485.2071722470722,
            816.9583832729792,
            517.0415844011001,
            275.0654467576762,
            656.6231796091271,
            679.2385442537843,
            325.42433836454217,
            563.6000354861592,
            638.6775399213598,
            170.53152201279386,
            279.5889840462246,
            689.6441111181912,
            373.88768366984226,
            550.458899464801,
            214.75567512873786,
            81.25269226308751,
            856.4607404896035,
            363.2079294288604,
            129.2594290564522,
            173.21951391226105,
            677.0184635591557,
            354.41924326988794,
            254.26167623139747,
            311.2940731848263,
            503.03578401541176,
            696.9662832590972,
            502.8120921378085,
            683.7287473845165,
            346.636697422532,
            657.6724108551308,
            658.0759834547983,
            492.30275237906193,
            635.9347450800278,
            744.8254829152934,
            524.9314240927096,
            439.4360021664133,
            643.2946447779586,
            549.5862079783298,
            646.6915802761004,
            405.4096693469459,
            392.65379152632664,
            343.6408008371532,
            618.5466837676846,
            226.55021518418383,
            796.2336340547289,
            754.9337719296972,
            229.45587811167533,
            792.2133551007582,
            367.3064115966396,
            140.91131963046828,
