{
    "depot": {
        "x": 110,
        "y": 772,
        "node_type": "depot",
        "id": 0
    },
    "final_destination": {
        "x": 804,
        "y": 891,
        "node_type": "final",
        "id": 36
    },
    "pickup_nodes": [
        {
            "x": 601,
            "y": 664,
            "node_type": "pickup",
            "id": 1
        },
        {
            "x": 479,
            "y": 528,
            "node_type": "pickup",
            "id": 2
        },
        {
            "x": 600,
            "y": 61,
            "node_type": "pickup",
            "id": 3
        },
        {
            "x": 791,
            "y": 75,
            "node_type": "pickup",
            "id": 4
        },
        {
            "x": 879,
            "y": 737,
            "node_type": "pickup",
            "id": 5
        },
        {
            "x": 695,
            "y": 237,
            "node_type": "pickup",
            "id": 6
        },
        {
            "x": 804,
            "y": 661,
            "node_type": "pickup",
            "id": 7
        },
        {
            "x": 24,
            "y": 59,
            "node_type": "pickup",
            "id": 8
        },
        {
            "x": 933,
            "y": 569,
            "node_type": "pickup",
            "id": 9
        },
        {
            "x": 853,
            "y": 634,
            "node_type": "pickup",
            "id": 10
        },
        {
            "x": 165,
            "y": 425,
            "node_type": "pickup",
            "id": 11
        },
        {
            "x": 510,
            "y": 872,
            "node_type": "pickup",
            "id": 12
        },
        {
            "x": 508,
            "y": 449,
            "node_type": "pickup",
            "id": 13
        },
        {
            "x": 882,
            "y": 922,
            "node_type": "pickup",
            "id": 14
        },
        {
            "x": 6,
            "y": 819,
            "node_type": "pickup",
            "id": 15
        },
        {
            "x": 893,
            "y": 958,
            "node_type": "pickup",
            "id": 16
        },
        {
            "x": 569,
            "y": 573,
            "node_type": "pickup",
            "id": 17
        },
        {
            "x": 456,
            "y": 749,
            "node_type": "pickup",
            "id": 18
        },
        {
            "x": 856,
            "y": 42,
            "node_type": "pickup",
            "id": 19
        },
        {
            "x": 359,
            "y": 699,
            "node_type": "pickup",
            "id": 20
        },
        {
            "x": 134,
            "y": 56,
            "node_type": "pickup",
            "id": 21
        },
        {
            "x": 772,
            "y": 67,
            "node_type": "pickup",
            "id": 22
        },
        {
            "x": 866,
            "y": 237,
            "node_type": "pickup",
            "id": 23
        },
        {
            "x": 254,
            "y": 921,
            "node_type": "pickup",
            "id": 24
        },
        {
            "x": 922,
            "y": 608,
            "node_type": "pickup",
            "id": 25
        },
        {
            "x": 235,
            "y": 459,
            "node_type": "pickup",
            "id": 26
        },
        {
            "x": 441,
            "y": 416,
            "node_type": "pickup",
            "id": 27
        },
        {
            "x": 105,
            "y": 624,
            "node_type": "pickup",
            "id": 28
        },
        {
            "x": 226,
            "y": 718,
            "node_type": "pickup",
            "id": 29
        },
        {
            "x": 892,
            "y": 176,
            "node_type": "pickup",
            "id": 30
        },
        {
            "x": 548,
            "y": 823,
            "node_type": "pickup",
            "id": 31
        },
        {
            "x": 295,
            "y": 410,
            "node_type": "pickup",
            "id": 32
        },
        {
            "x": 708,
            "y": 124,
            "node_type": "pickup",
            "id": 33
        },
        {
            "x": 479,
            "y": 299,
            "node_type": "pickup",
            "id": 34
        },
        {
            "x": 537,
            "y": 967,
            "node_type": "pickup",
            "id": 35
        }
    ],
    "delivery_nodes": [
        {
            "x": 596,
            "y": 530,
            "node_type": "delivery",
            "id": 1
        },
        {
            "x": 139,
            "y": 223,
            "node_type": "delivery",
            "id": 2
        },
        {
            "x": 224,
            "y": 246,
            "node_type": "delivery",
            "id": 3
        },
        {
            "x": 907,
            "y": 378,
            "node_type": "delivery",
            "id": 4
        },
        {
            "x": 61,
            "y": 750,
            "node_type": "delivery",
            "id": 5
        },
        {
            "x": 831,
            "y": 527,
            "node_type": "delivery",
            "id": 6
        },
        {
            "x": 867,
            "y": 940,
            "node_type": "delivery",
            "id": 7
        },
        {
            "x": 811,
            "y": 488,
            "node_type": "delivery",
            "id": 8
        },
        {
            "x": 396,
            "y": 214,
            "node_type": "delivery",
            "id": 9
        },
        {
            "x": 496,
            "y": 956,
            "node_type": "delivery",
            "id": 10
        },
        {
            "x": 489,
            "y": 587,
            "node_type": "delivery",
            "id": 11
        },
        {
            "x": 609,
            "y": 320,
            "node_type": "delivery",
            "id": 12
        },
        {
            "x": 959,
            "y": 488,
            "node_type": "delivery",
            "id": 13
        },
        {
            "x": 368,
            "y": 578,
            "node_type": "delivery",
            "id": 14
        },
        {
            "x": 158,
            "y": 486,
            "node_type": "delivery",
            "id": 15
        },
        {
            "x": 147,
            "y": 309,
            "node_type": "delivery",
            "id": 16
        },
        {
            "x": 606,
            "y": 349,
            "node_type": "delivery",
            "id": 17
        },
        {
            "x": 744,
            "y": 670,
            "node_type": "delivery",
            "id": 18
        },
        {
            "x": 979,
            "y": 876,
            "node_type": "delivery",
            "id": 19
        },
        {
            "x": 92,
            "y": 912,
            "node_type": "delivery",
            "id": 20
        },
        {
            "x": 906,
            "y": 966,
            "node_type": "delivery",
            "id": 21
        },
        {
            "x": 7,
            "y": 630,
            "node_type": "delivery",
            "id": 22
        },
        {
            "x": 152,
            "y": 384,
            "node_type": "delivery",
            "id": 23
        },
        {
            "x": 197,
            "y": 246,
            "node_type": "delivery",
            "id": 24
        },
        {
            "x": 838,
            "y": 829,
            "node_type": "delivery",
            "id": 25
        },
        {
            "x": 881,
            "y": 864,
            "node_type": "delivery",
            "id": 26
        },
        {
            "x": 332,
            "y": 236,
            "node_type": "delivery",
            "id": 27
        },
        {
            "x": 958,
            "y": 831,
            "node_type": "delivery",
            "id": 28
        },
        {
            "x": 624,
            "y": 850,
            "node_type": "delivery",
            "id": 29
        },
        {
            "x": 571,
            "y": 896,
            "node_type": "delivery",
            "id": 30
        },
        {
            "x": 61,
            "y": 378,
            "node_type": "delivery",
            "id": 31
        },
        {
            "x": 558,
            "y": 406,
            "node_type": "delivery",
            "id": 32
        },
        {
            "x": 354,
            "y": 943,
            "node_type": "delivery",
            "id": 33
        },
        {
            "x": 772,
            "y": 23,
            "node_type": "delivery",
            "id": 34
        },
        {
            "x": 936,
            "y": 859,
            "node_type": "delivery",
            "id": 35
        }
    ],
    "travel_costs": [
        [
            0,
            502.7375060605683,
            442.3765364483067,
            863.4934857889781,
            974.4588241685742,
            769.7960768930951,
            792.7483837889548,
            702.8207452828922,
            718.1678076884259,
            847.6662078908183,
            755.7069537856588,
            351.3317520521025,
            412.31056256176606,
            512.5748725796067,
            786.4375372526415,
            114.12712210513328,
            804.7887921684794,
            500.28192052081994,
            346.7636082405418,
            1043.7509281433,
            259.4802497301095,
            716.4021217165678,
            967.0930668761927,
            926.1538749041653,
            207.21245136332905,
            828.3960405506535,
            337.03708994708575,
            486.1038983591882,
            148.08443537387717,
            127.9531164137865,
            983.2293730356107,
            440.95918178443685,
            406.5329014975295,
            881.7641407995678,
            599.9083263299485,
            469.4187895685472,
            542.918041696903,
            549.7654045135979,
            538.2118541986974,
            889.0697385469826,
            53.712196007983145,
            761.4893301944551,
            775.417951816954,
            756.3444982281552,
            627.0247204058226,
            427.6119736396538,
            421.74162706567154,
            673.2792882600801,
            895.2413082515797,
            322.80024783137947,
            290.0,
            464.47604889811055,
            651.8780560810434,
            642.1526298318803,
            875.2011197433422,
            141.15239990875114,
            819.2997009641832,
            175.4223474931287,
            390.26657556085945,
            533.1463213790375,
            730.228046571754,
            776.4695744200155,
            580.155151662036,
            850.0499985294983,
            519.8846025802263,
            477.38558838741665,
            397.03526291753985,
            578.4980553122024,
            297.9546945426435,
            999.6224287199642,
            830.5690820154575,
            704.1285394017203
        ],
        [
            502.7375060605683,
            0,
            182.70194306574848,
            603.0008291868263,
            618.8869040462886,
            287.4247727667189,
            437.2241987813574,
            203.0221662774782,
            836.0346882755524,
            345.32448508612885,
            253.77943179067924,
            497.20921149954575,
            227.03523955544873,
            234.25200105868893,
            381.4773912042495,
            614.8577071160448,
            414.3669871020132,
            96.46242791885346,
            168.0773631397161,
            672.24177198386,
            244.51789300580847,
            766.650507076073,
            621.0072463345334,
            502.54751019182254,
            431.8078276270591,
            325.84812413147324,
            419.5008939203825,
            295.13386793114745,
            497.6102892826875,
            378.8680509095482,
            568.1769090697015,
            167.60071598892412,
            397.6832910746943,
            550.4988646673125,
            384.8493211634912,
            309.6853241598639,
            134.09325113517085,
            638.6900656813131,
            562.8969710346646,
            418.84603376419835,
            546.80526698268,
            267.71066471098976,
            383.317101105599,
            274.0,
            494.49469157919174,
            310.30468897520706,
            135.9154148726332,
            344.0930106817051,
            398.9235515734813,
            248.36465126905642,
            477.4232922679831,
            576.3167531835248,
            315.03968004046726,
            143.12581877495057,
            433.3912781771225,
            566.202260680757,
            429.21905829075206,
            594.9722682613032,
            529.151207123257,
            581.3260702910201,
            288.7801932266131,
            344.0930106817051,
            505.5145893047994,
            394.1294203684876,
            187.41664813991312,
            233.9316139387749,
            611.0613717131856,
            261.5587888028234,
            372.6258176777342,
            663.4169126574933,
            387.62094886628614,
            304.52914474644297
        ],
        [
            442.3765364483067,
            182.70194306574848,
            0,
            482.420977984996,
            550.0481797079235,
            451.3103145287065,
            362.4044701711059,
            351.16093176775803,
            653.4416576864379,
            455.8475622398347,
            388.73126964523965,
            330.4617980947269,
            345.39397794402845,
            84.154619599877,
            563.6000354861593,
            555.346738533684,
            596.9053526313866,
            100.62305898749054,
            222.1936092690337,
            615.0812954398792,
            208.90428430264421,
            584.6443363276516,
            546.2325512087319,
            484.2003717470692,
            452.8509688628258,
            450.1655251127078,
            253.56853117056932,
            118.27087553578015,
            386.12433230761303,
            316.40006321111883,
            542.6536648729095,
            302.9620438272755,
            218.58636736997119,
            464.3888456886104,
            229.0,
            442.8148597325975,
            117.01709276853532,
            456.75485766437123,
            380.1960020831361,
            453.5239795203777,
            473.2948341150577,
            352.00142045167945,
            565.9399261405755,
            334.4009569364298,
            324.7845439672276,
            428.33748376718097,
            59.84145720150873,
            245.2835094334717,
            481.66378315169175,
            121.74152947946726,
            323.736003558455,
            397.72477921296274,
            219.4766502386985,
            300.647634283059,
            609.183059514954,
            545.1834553615874,
            611.6968203285022,
            482.895433815645,
            357.30239293909017,
            398.80822458921284,
            468.48906070472975,
            523.9274758971894,
            326.9143618747882,
            566.7892024377318,
            353.14161465338515,
            379.32571755682477,
            444.0990880422971,
            145.34441853748632,
            433.4166586553867,
            583.8441572885696,
            564.2783001321246,
            487.2309513977945
        ],
        [
            863.4934857889781,
            603.0008291868263,
            482.420977984996,
            0,
            191.51240168720145,
            731.3118349924332,
            200.0024999843752,
            633.7318044725229,
            576.0034722117566,
            607.4150146316766,
            626.3689008882864,
            567.2045486418457,
            815.9785536397388,
            398.7580720186113,
            906.0049668738026,
            963.0160954002793,
            943.6408214993669,
            512.937618039465,
            702.9082443676415,
            256.7041098229633,
            682.0007331374359,
            466.0268232623526,
            172.1046193453273,
            318.954542215658,
            926.9929881072457,
            634.738528844752,
            540.0268511842721,
            388.9807193165235,
            749.6625907700077,
            755.9927248327194,
            313.82957158304885,
            763.7722173527917,
            463.49325777189034,
            125.03199590504825,
            266.9925092582187,
            908.1877559183454,
            469.01705725911506,
            488.635856236523,
            419.04772997834027,
            441.2912870202628,
            874.7811154797523,
            520.1124878331609,
            918.6566279083823,
            476.2877281643943,
            255.0,
            901.0221972848393,
            537.584411976389,
            259.1563234806359,
            557.8619901014945,
            566.6683333308824,
            613.1794190936288,
            516.4426396028895,
            288.0624932197873,
            625.7930967979753,
            898.8136625574847,
            991.0928311717324,
            955.3329262618346,
            821.8333164334482,
            552.2979268474579,
            443.4343243367613,
            804.0323376581317,
            850.7467308194607,
            320.0765533431026,
            849.1548739776508,
            789.3649346151627,
            835.5034410461755,
            625.3079241461761,
            347.54711910761114,
            915.6636937216633,
            176.14766532656625,
            865.8521813797087,
            854.7022873492267
        ],
        [
            974.4588241685742,
            618.8869040462886,
            550.0481797079235,
            191.51240168720145,
            0,
            667.8233299309031,
            188.30825791770258,
            586.144180215073,
            767.1668658121257,
            514.0038910358559,
            562.4277731406941,
            717.2001115448882,
            845.0857944611305,
            469.0042643729372,
            851.8744038882728,
            1081.5548992076176,
            888.8717567793454,
            545.241231016144,
            752.6626070159191,
            72.89718787443039,
            758.946638440411,
            657.2746762199195,
            20.6155281280883,
            178.51890656174209,
            1002.0404183464857,
            548.8624600025037,
            675.7159166395297,
            488.6522280722764,
            878.6335982649424,
            855.9637842806201,
            142.83556979968262,
            786.4814047388534,
            598.5323717226996,
            96.38464608017192,
            384.0833242930497,
            927.4588939678135,
            495.025251881154,
            668.5865688151385,
            592.2246195490357,
            324.4456811239749,
            994.245945427991,
            453.76645975655805,
            868.3323096603052,
            413.48397792417546,
            418.7433581562817,
            929.0780376265494,
            594.4308201969343,
            305.203210992283,
            445.86208630023697,
            657.2199023158079,
            754.7251155222012,
            685.1948627945192,
            330.6070174693816,
            596.8534158401038,
            822.7666740941808,
            1090.4907152286992,
            898.3907835680417,
            960.5628558298514,
            709.7901098212062,
            618.1237740129399,
            755.4634339264874,
            794.1164901952359,
            486.4175161319749,
            774.2254193708703,
            792.7887486588088,
            849.9652934090897,
            790.3853490544976,
            404.7838929601819,
            971.798847498802,
            55.362442142665635,
            797.2960554273426,
            816.1035473516826
        ],
        [
            769.7960768930951,
            287.4247727667189,
            451.3103145287065,
            731.3118349924332,
            667.8233299309031,
            0,
            532.7813810560575,
            106.77546534667972,
            1091.1961326910941,
            176.4652940382329,
            106.2308806327049,
            779.1918890748286,
            392.91983915297527,
            469.6647740676322,
            185.02432272541898,
            876.8426312628737,
            221.44299492194372,
            350.70785562915466,
            423.1701785334123,
            695.3804713967743,
            521.3866127932324,
            1009.3492953383382,
            678.4902357440378,
            500.1689714486495,
            651.5220640929975,
            135.97793938724033,
            701.4413731738384,
            543.033148159484,
            782.205216039883,
            653.276358059895,
            561.1506036707079,
            341.9897659287482,
            669.3168158652522,
            636.4039597614081,
            593.1643954250794,
            412.1456053386959,
            350.62515597144477,
            900.997225300944,
            818.6000244319566,
            360.0902664610639,
            818.1032942116784,
            215.4158768521949,
            203.35437049643164,
            258.11818998280614,
            711.9115113551684,
            441.1915683691156,
            417.8516483155236,
            496.77862272847455,
            261.53584840323515,
            535.1653949948558,
            763.4408948962584,
            847.9433943371456,
            474.41859154126746,
            150.71164520368026,
            171.2337583538947,
            806.2220537792302,
            230.58620947489464,
            878.5402665786015,
            808.1695366691323,
            840.3600418868093,
            100.72239075796404,
            127.0157470552372,
            741.7614171686203,
            122.78843593759146,
            278.91575789115967,
            346.61938780166355,
            893.3112559461008,
            461.08784412517315,
            563.9689707776483,
            721.9729911845734,
            134.65882815471105,
            171.29214809792072
        ],
        [
            792.7483837889548,
            437.2241987813574,
            362.4044701711059,
            200.0024999843752,
            188.30825791770258,
            532.7813810560575,
            0,
            437.7864776349311,
            694.2081820318745,
            408.49479800849366,
            427.2856187610344,
            562.355759284103,
            661.4000302388865,
            282.6888749137468,
            710.0661940974235,
            901.9118582211901,
            747.6931188662899,
            358.8481573033363,
            565.0353971212777,
            252.87546342023774,
            571.2617613668887,
            589.4760385291331,
            186.62529303392938,
            171.0,
            813.8408935412375,
            434.93677701477486,
            510.76804911818823,
            310.7362225425288,
            705.5983276624173,
            671.8050312404633,
            206.2280291328024,
            604.1564366950004,
            435.8084441586693,
            113.74532957444889,
            224.72205054244233,
            746.9029388079819,
            309.2733418838423,
            556.1762310635002,
            471.08597941352485,
            254.60754112948032,
            815.5519603311612,
            320.30610359467084,
            723.7354489038105,
            276.508589378341,
            299.88331063932185,
            746.0308304621196,
            406.1231340369568,
            119.5198728245642,
            364.2759942680824,
            472.451055666087,
            591.9206027838532,
            552.7096887155137,
            143.05593311708537,
            435.7636974324503,
            699.2689039275234,
            905.1154622477732,
            758.9216033293558,
            792.3338942642805,
            562.5459981192649,
            498.08131866192286,
            609.0262720113149,
            654.0068806977492,
            363.001377407855,
            649.619119176768,
            617.0980473150114,
            670.5646874090523,
            649.4897997659393,
            217.5545908502048,
            784.0389020960631,
            227.4313083108832,
            667.0569690813521,
            663.0211158025058
        ],
        [
            702.8207452828922,
            203.0221662774782,
            351.16093176775803,
            633.7318044725229,
            586.144180215073,
            106.77546534667972,
            437.7864776349311,
            0,
            985.2938647936462,
            158.4455742518547,
            55.94640292279746,
            681.1879329524269,
            361.87981430303626,
            364.08790147435553,
            272.4059470716453,
            813.4912415017141,
            310.0483833210552,
            250.9362468835461,
            358.95403605475735,
            621.1803280851703,
            446.6195248754806,
            902.7319646495298,
            594.8613283783036,
            428.5090430784396,
            608.3584469702051,
            129.35609765295177,
            603.7921827913972,
            437.94291865493153,
            699.978571100573,
            580.8037534313979,
            492.9188574197583,
            302.95214143491376,
            567.5226867711986,
            545.5135195391587,
            486.486382132121,
            406.1095911204265,
            245.81497106563708,
            796.2844968979366,
            713.1795005466716,
            301.16108646370634,
            748.3114324931832,
            136.69308687713507,
            286.02447447727263,
            173.1415605797753,
            605.2049239720378,
            426.4844663056323,
            323.5753389861471,
            392.8180240263932,
            232.28000344411916,
            443.82992238018386,
            669.2839457210968,
            745.3542781791757,
            369.5240181639077,
            60.67124524847005,
            277.2183255125822,
            754.9470180085488,
            321.6037935099647,
            797.6026579694931,
            708.4017221887592,
            735.3053787372971,
            171.4059508885266,
            217.11287386979154,
            635.1448653653748,
            229.38177782901587,
            261.0,
            330.9289954053588,
            795.0710660060521,
            354.3176540902245,
            531.0593187206115,
            638.8020037539018,
            237.9663841806233,
            230.0
        ],
        [
            718.1678076884259,
            836.0346882755524,
            653.4416576864379,
            576.0034722117566,
            767.1668658121257,
            1091.1961326910941,
            694.2081820318745,
            985.2938647936462,
            0,
            1042.296023210297,
            1008.8934532446923,
            392.2206011927471,
            947.1879433354292,
            621.5754177893459,
            1216.9359062826604,
            760.213128010823,
            1250.3447524582969,
            749.1468480878766,
            814.0786202818496,
            832.1736597609901,
            722.3745565840479,
            110.0409014866745,
            748.0427795253423,
            860.6090866357383,
            892.1569368670514,
            1052.5231588901024,
            452.2399805413051,
            548.9426199522132,
            570.7766638537354,
            689.2641003272984,
            875.849872980524,
            926.4297059140538,
            443.44334474654147,
            687.0815089929288,
            514.4171459039833,
            1042.89644740022,
            740.962212261867,
            200.3022715797302,
            273.80467490530543,
            938.8556864609172,
            691.9898843191279,
            932.8842371913033,
            1219.3481865324604,
            896.3314119230677,
            403.0,
            1013.6039660538036,
            703.5687599659326,
            640.5825473738728,
            1028.7205645849606,
            622.6531940012835,
            447.53212175217095,
            278.6198126479881,
            650.2491830060227,
            944.3098008598662,
            1256.7871737092164,
            855.7061411489343,
            1265.13754192973,
            571.2530087448118,
            349.29786715638556,
            254.75085868353813,
            1120.4891788857224,
            1175.7865452538567,
            355.2365409132343,
            1211.750799463322,
            992.8146856286927,
            999.888993838816,
            321.1385993617086,
            636.8398542804933,
            943.5867739641118,
            748.8658090739622,
            1213.1545655851112,
            1140.449034371988
        ],
        [
            847.6662078908183,
            345.32448508612885,
            455.8475622398347,
            607.4150146316766,
            514.0038910358559,
            176.4652940382329,
            408.49479800849366,
            158.4455742518547,
            1042.296023210297,
            0,
            103.07764064044152,
            781.3833886127859,
            520.324898500927,
            441.61634933503086,
            356.66510903086663,
            960.1192634251227,
            391.05114754978024,
            364.02197735851064,
            509.8323253776677,
            532.5955313368672,
            588.5371695993381,
            949.510400153679,
            527.185925457044,
            338.6930763980864,
            764.8169715690153,
            40.521599178709614,
            706.6144634806169,
            515.2407204404559,
            829.824680278913,
            722.5302761822511,
            395.13288903861195,
            461.23854999338465,
            657.5142584005308,
            498.6481725625795,
            528.2196512815478,
            561.4445653846869,
            339.2491709643518,
            866.1131565794391,
            779.1084648494073,
            192.76151068094484,
            890.5868851493378,
            110.30865786510142,
            376.8248930206177,
            146.44111444536335,
            643.7344172871294,
            583.7276762326761,
            444.3647150708526,
            408.6281928599641,
            85.07055894961546,
            565.0716768694039,
            779.4318443584402,
            827.8864656461053,
            394.11800263372896,
            214.2941903085569,
            310.42712510346126,
            908.2565716800511,
            397.9170767886194,
            928.0070042839117,
            802.611985955854,
            803.7568040147466,
            276.81221071332817,
            299.54799281584246,
            687.0880584029968,
            263.1900454044567,
            417.66254320922775,
            487.8247636190684,
            892.6729524299478,
            408.89362919957557,
            689.2873130995521,
            569.2424790895353,
            290.01551682625535,
            346.87894141904894
        ],
        [
            755.7069537856588,
            253.77943179067924,
            388.73126964523965,
            626.3689008882864,
            562.4277731406941,
            106.2308806327049,
            427.2856187610344,
            55.94640292279746,
            1008.8934532446923,
            103.07764064044152,
            0,
            719.0445048813043,
            417.48413143495645,
            391.47158262126766,
            289.4563870430224,
            866.9682808499974,
            326.4597984438513,
            290.47719359701887,
            413.3206987316266,
            592.0076013025508,
            498.25796531515675,
            922.5210024709464,
            572.7564927611036,
            397.2127893207871,
            664.2062932553409,
            73.7360156233031,
            642.2997742487537,
            466.120156182931,
            748.0668419332594,
            632.6017704685942,
            459.65748117484173,
            358.81192845277593,
            601.2819638073305,
            530.2122216622321,
            502.09660425061634,
            459.0697114818184,
            277.24537868105216,
            823.8428248155105,
            739.0433004905734,
            261.6333312099206,
            800.4498735086414,
            109.23827168167757,
            306.3200940193118,
            151.92103211866356,
            620.6842997853256,
            480.76293534339766,
            367.02179771779225,
            397.6581446418519,
            180.4217281815026,
            488.22228543973705,
            710.5835629959364,
            777.2136128504183,
            377.1392315843049,
            114.79111463872106,
            272.8369476445593,
            810.188249729654,
            336.20380723602756,
            846.0094562119267,
            744.2452552754368,
            762.154839911156,
            195.57607215607948,
            231.69807940507408,
            655.6256553857545,
            223.23530186778254,
            314.79675983084707,
            384.92596690792374,
            832.3460818673924,
            372.83910739084223,
            586.9258896998837,
            616.3456822271086,
            239.8207664069148,
            261.6295090390226
        ],
        [
            351.3317520521025,
            497.20921149954575,
            330.4617980947269,
            567.2045486418457,
            717.2001115448882,
            779.1918890748286,
            562.355759284103,
            681.1879329524269,
            392.2206011927471,
            781.3833886127859,
            719.0445048813043,
            0,
            564.6538762817448,
            343.8386249390839,
            872.4093076073868,
            424.8729221779143,
            902.2599403719528,
            430.2557379047954,
            435.4962686407313,
            790.0443025552428,
            335.72607882021913,
            370.2998784768907,
            704.7077408401301,
            725.7720027667092,
            503.9216208895983,
            778.8054956149193,
            77.82030583337487,
            276.14670014323906,
            207.84850252046564,
            299.2824752637548,
            768.4594979567889,
            552.3522426857702,
            130.862523283024,
            620.846196734747,
            338.3371099953418,
            657.3796467795455,
            443.60568075713365,
            203.66639388961545,
            188.4728097100481,
            743.4870543593884,
            341.23452345857385,
            673.76553785423,
            870.648608796913,
            649.0647117198716,
            312.86099149622345,
            625.71718851251,
            362.24301235496597,
            456.24664382327245,
            796.4954488256666,
            254.200708102869,
            61.40032573203501,
            117.38824472663352,
            447.50083798804224,
            628.7018371215404,
            930.5895980506122,
            492.440859393288,
            917.4758852416776,
            258.82233288493484,
            43.01162633521314,
            181.83783984638623,
            784.9490429320874,
            839.8672514153651,
            252.21022976873874,
            890.8900044337686,
            625.5445627611193,
            621.8335790225549,
            114.12712210513328,
            393.45901946708506,
            551.4027566126234,
            728.04738856753,
            884.7581590468664,
            790.8710387920397
        ],
        [
            412.31056256176606,
            227.03523955544873,
            345.39397794402845,
            815.9785536397388,
            845.0857944611305,
            392.91983915297527,
            661.4000302388865,
            361.87981430303626,
            947.1879433354292,
            520.324898500927,
            417.48413143495645,
            564.6538762817448,
            0,
            423.00472810596335,
            375.3451744727778,
            506.7790445549224,
            392.5366224952775,
            304.765483609939,
            134.33167906342868,
            899.2307823912613,
            229.63013739489858,
            898.4609062168482,
            846.563051402552,
            727.9842031253152,
            260.64727123068064,
            489.3260671576776,
            496.1794030388606,
            461.1908498658663,
            474.89893661704485,
            323.06655661024405,
            793.9395442979271,
            62.008063991709975,
            509.5772757884716,
            773.7622373830349,
            573.8379562210921,
            98.76234100101111,
            352.64713241425915,
            747.5573556590825,
            688.2383308128078,
            633.7546844008334,
            465.2794859006789,
            471.23879297018834,
            363.4184915493432,
            487.91085251303855,
            667.8023659736464,
            85.15867542417506,
            285.77263689863656,
            560.8074535881277,
            590.8104603000864,
            326.49655434629017,
            522.398315464359,
            669.8790935683842,
            531.7377173005503,
            309.12780528448104,
            469.01705725911506,
            419.90951406225605,
            407.00368548699896,
            558.1872445694187,
            605.2338391068364,
            699.8892769574342,
            330.80659001900193,
            371.0862433451286,
            660.4392477737827,
            449.8722040757797,
            116.10340218959993,
            65.55150646628955,
            667.5604841510618,
            468.4655803791778,
            171.39719951037708,
            888.5071749850983,
            426.1983106489279,
            294.61330587738223
        ],
        [
            512.5748725796067,
            234.25200105868893,
            84.154619599877,
            398.7580720186113,
            469.0042643729372,
            469.6647740676322,
            282.6888749137468,
            364.08790147435553,
            621.5754177893459,
            441.61634933503086,
            391.47158262126766,
            343.8386249390839,
            423.00472810596335,
            0,
            602.9966832412928,
            623.6216801875958,
            638.2052961234339,
            138.19189556555045,
            304.4733157437611,
            535.4932305827964,
            291.03436223236594,
            542.5172808307584,
            464.3490066749362,
            416.0624953056933,
            536.0037313302959,
            443.48280688207063,
            273.1830887884534,
            74.68600939935136,
            439.35634739923813,
            389.72426149779284,
            471.1528414431988,
            376.1329552166361,
            216.54098919142305,
            381.60843806184374,
            152.77761616153066,
            518.8111409752107,
            119.60351165413162,
            432.7089090832311,
            349.09167850294,
            405.26781268687006,
            538.8970217026626,
            332.2845166419886,
            608.2450164201923,
            305.4995908344232,
            260.3247971285102,
            507.1419919509722,
            139.30183056945089,
            163.83528313522703,
            452.68311212149274,
            190.370691021491,
            351.9502805795159,
            387.19633262726035,
            140.0142849854971,
            323.32182110089633,
            635.7436590324751,
            622.434735534578,
            652.4515307668455,
            532.6931574555844,
            361.88534095760224,
            371.389283636456,
            503.28918128646484,
            557.991039354576,
            276.3059898011623,
            590.2745124092688,
            417.44101379715914,
            451.4177665976385,
