{
    "depot": [
        986,
        870
    ],
    "final_destination": [
        522,
        392
    ],
    "requests": [
        [
            [
                324,
                410
            ],
            [
                445,
                59
            ]
        ],
        [
            [
                793,
                401
            ],
            [
                292,
                233
            ]
        ],
        [
            [
                245,
                159
            ],
            [
                487,
                246
            ]
        ],
        [
            [
                474,
                986
            ],
            [
                62,
                167
            ]
        ],
        [
            [
                131,
                819
            ],
            [
                749,
                985
            ]
        ],
        [
            [
                952,
                47
            ],
            [
                732,
                729
            ]
        ],
        [
            [
                434,
                11
            ],
            [
                972,
                373
            ]
        ],
        [
            [
                604,
                875
            ],
            [
                373,
                121
            ]
        ],
        [
            [
                170,
                689
            ],
            [
                825,
                426
            ]
        ],
        [
            [
                939,
                178
            ],
            [
                245,
                328
            ]
        ],
        [
            [
                186,
                661
            ],
            [
                674,
                848
            ]
        ],
        [
            [
                361,
                165
            ],
            [
                741,
                39
            ]
        ],
        [
            [
                169,
                26
            ],
            [
                311,
                86
            ]
        ],
        [
            [
                950,
                874
            ],
            [
                985,
                447
            ]
        ],
        [
            [
                418,
                937
            ],
            [
                608,
                463
            ]
        ]
    ],
    "travel_costs": [
        [
            0,
            806.129021931353,
            507.15875226599417,
            1026.938167564143,
            524.9761899362675,
            856.5197020501046,
            823.7020092242096,
            1021.070516663761,
            382.03272111168695,
            835.8331173146947,
            693.5942617986398,
            826.8500468646052,
            942.1517924411119,
            1174.6595251390931,
            36.22154055254967,
            571.9379336956066,
            974.8856343182003,
            942.021761956697,
            798.984981085377,
            1161.0275621190049,
            263.4274093559742,
            290.5116176678654,
            497.1971439982333,
            967.8687927606717,
            472.28910637447484,
            918.0659017739413,
            312.7746792820672,
            866.3636649813981,
            1034.5438608391623,
            423.00118203144535,
            555.4574691189237,
            666.1681469418962
        ],
        [
            806.129021931353,
            0,
            469.0863459961289,
            263.1387466717891,
            595.2108869972054,
            452.24993090104505,
            725.3640465311195,
            413.88524979757375,
            542.7936993002038,
            318.68009037277494,
            657.3043435121967,
            286.4349838968697,
            247.77812655680486,
            414.10264428037647,
            779.2124228989165,
            535.3176627013161,
            371.2707906636341,
            179.8693970635361,
            231.22499864850252,
            357.3415732880797,
            715.0174823037546,
            517.9044313384468,
            649.0554675834724,
            293.1245469079654,
            501.25542391080415,
            113.8639539099183,
            560.6638921849703,
            558.1487256995218,
            324.2606975876047,
            662.0347422907653,
            288.90309794116087,
            198.8164983093707
        ],
        [
            507.15875226599417,
            469.0863459961289,
            0,
            599.0559239336508,
            666.3227446215534,
            782.9227292651556,
            388.06829295885535,
            530.0764095863916,
            510.2910933967004,
            686.3475795834061,
            266.54267950930483,
            660.3400639064694,
            492.26009385283305,
            728.0116757305476,
            498.37536054664656,
            654.1567090537252,
            487.9221249338874,
            528.4174486142562,
            343.0174922653363,
            767.5395755268909,
            585.6551886562604,
            333.6240399012038,
            181.1767093199344,
            504.7771785649585,
            40.607881008493905,
            552.8408450901578,
            462.5689137847463,
            365.7157366042648,
            575.8029176723578,
            197.43353311937668,
            195.11278789459186,
            271.14940531006147
        ],
        [
            1026.938167564143,
            263.1387466717891,
            599.0559239336508,
            0,
            858.1200382230916,
            669.7730959063674,
            715.8163172211151,
            240.05207768315609,
            800.9600489412691,
            535.2803004034428,
            694.2600377380221,
            505.4552403526944,
            116.15506876585285,
            153.18289721767243,
            1004.1165271023079,
            797.002509406338,
            223.60679774997897,
            87.66413177577246,
            257.1633721975196,
            183.17477992343817,
            967.6218269551385,
            749.7126116052737,
            757.8423318870489,
            133.52153384379613,
            638.5052858042758,
            169.0,
            811.6415464969743,
            510.309709882146,
            98.41239759298622,
            794.0680071631144,
            473.4817842325088,
            361.9640866163382
        ],
        [
            524.9761899362675,
            595.2108869972054,
            666.3227446215534,
            858.1200382230916,
            0,
            381.4944298413805,
            1053.6626594883203,
            975.820167858812,
            170.94151046483708,
            425.0,
            932.249430141955,
            434.2453223697407,
            828.7400074812365,
            1007.2859574122932,
            488.9989775040434,
            74.41102068914255,
            927.4535028776377,
            774.6825156152681,
            740.1141803802977,
            916.7905976830259,
            275.0018181758077,
            364.1606788218629,
            789.7930108579083,
            870.8765698995468,
            660.9092222083151,
            696.7101262361557,
            242.98971171636055,
            983.9197121716791,
            914.641459808159,
            742.726059863258,
            539.8935080180165,
            595.9362382000276
        ],
        [
            856.5197020501046,
            452.24993090104505,
            782.9227292651556,
            669.7730959063674,
            381.4944298413805,
            0,
            1126.9538588602463,
            862.9443782770705,
            476.30347468814455,
            135.72398461583717,
            1031.3801433031372,
            167.29913329123974,
            693.2647401967015,
            793.9099445151194,
            820.8446868927155,
            310.3111341863196,
            822.3113765478379,
            607.7145711598497,
            674.5850576465506,
            655.640907814636,
            639.9062431325389,
            607.7014069425873,
            951.9438008622147,
            738.761125127737,
            797.5493715125101,
            504.060512240346,
            543.7738500516551,
            990.2019995940223,
            754.7774506435654,
            931.5041599477696,
            595.201646503099,
            578.9732290874942
        ],
        [
            823.7020092242096,
            725.3640465311195,
            388.06829295885535,
            715.8163172211151,
            1053.6626594883203,
            1126.9538588602463,
            0,
            519.2494583531119,
            898.1581152558829,
            1011.7746784734237,
            131.64345787011217,
            981.708714436212,
            602.6649151891953,
            783.2815585726502,
            827.0024183761495,
            1037.9094372824634,
            507.1419919509722,
            685.7083928318218,
            505.7924475513647,
            898.0534505250786,
            959.7150618803479,
            716.6058888957026,
            326.6129207487052,
            583.7096881155904,
            399.71239660535923,
            760.7956361599348,
            847.870862808718,
            211.15160430363773,
            642.1853315048546,
            401.3589415971693,
            539.8073730507948,
            551.2939324897383
        ],
        [
            1021.070516663761,
            413.88524979757375,
            530.0764095863916,
            240.05207768315609,
            975.820167858812,
            862.9443782770705,
            519.2494583531119,
            0,
            880.5657272458428,
            727.5850465753127,
            531.8966064941569,
            695.7039600289767,
            170.42593699317015,
            265.42418879973997,
            1005.497389355139,
            926.1382186261401,
            49.244289008980516,
            263.5298844533576,
            240.9024698918631,
            403.3856715353187,
            1023.6703570974399,
            777.3853613234559,
            648.4504607138466,
            125.78155667664478,
            570.1806731203715,
            369.0663896916109,
            870.7290049148472,
            308.27422856930485,
            144.06248644251562,
            702.6357520081084,
            484.3345950889736,
            391.0306893326916
        ],
        [
            382.03272111168695,
            542.7936993002038,
            510.2910933967004,
            800.9600489412691,
            170.94151046483708,
            476.30347468814455,
            898.1581152558829,
            880.5657272458428,
            0,
            472.1779325635623,
            773.3265804302863,
            469.5955706775779,
            750.4325419383146,
            953.9528290224837,
            346.0014450836875,
            196.06121493043952,
            831.346498158259,
            713.7982908357235,
            639.7890277271094,
            891.6434264884141,
            182.00274723201295,
            194.16487838947597,
            622.437145421126,
            788.5917828636057,
            500.4418048085112,
            654.2858702432752,
            75.02666192761079,
            847.1511081265254,
            841.6471944942251,
            573.0139614354958,
            412.0194170181789,
            489.91121644640884
        ],
        [
            835.8331173146947,
            318.68009037277494,
            686.3475795834061,
            535.2803004034428,
            425.0,
            135.72398461583717,
            1011.7746784734237,
            727.5850465753127,
            472.1779325635623,
            0,
            923.2995180330162,
            32.2490309931942,
            557.724842552311,
            663.000754147384,
            801.6389461596785,
            350.7249634685276,
            687.4045388270288,
            472.03813405274786,
            544.7366336129782,
            533.0553442185904,
            650.2745573986422,
            563.42168932337,
            862.0092806924994,
            603.1857093797895,
            705.8285910899331,
            368.7085569931894,
            528.4855721777086,
            865.1826396778891,
            619.2656941894974,
            850.1699830033991,
            492.8691509924313,
            460.55727114008306
        ],
        [
            693.5942617986398,
            657.3043435121967,
            266.54267950930483,
            694.2600377380221,
            932.249430141955,
            1031.3801433031372,
            131.64345787011217,
            531.8966064941569,
            773.3265804302863,
            923.2995180330162,
            0,
            894.593762553708,
            578.1461752878765,
            784.8592230457638,
            696.0869198598692,
            920.6095806583808,
            508.13088864976515,
            649.333504448985,
            457.08642508829774,
            877.0689824637512,
            829.0651361624127,
            588.6000339789322,
            197.7725966861941,
            568.8629008821018,
            272.9468812791236,
            710.0253516600658,
            720.5032963144582,
            241.91940806805889,
            634.7030801878938,
            272.90474528670256,
            436.790567663726,
            468.7056645699943
        ],
        [
            826.8500468646052,
            286.4349838968697,
            660.3400639064694,
            505.4552403526944,
            434.2453223697407,
            167.29913329123974,
            981.708714436212,
            695.7039600289767,
            469.5955706775779,
            32.2490309931942,
            894.593762553708,
            0,
            525.9667289857791,
            635.2275182956104,
            793.1361799842446,
            360.5551275463989,
            655.3510509642905,
            440.93083357823826,
            512.6655830070905,
            509.32504356255646,
            649.5729366283666,
            550.218138559608,
            837.1021443049826,
            571.4621597271336,
            680.8421256062231,
            338.1863391682166,
            522.602143126107,
            833.6120200668895,
            588.430114796991,
            827.1620155688969,
            466.14160938495934,
            430.41491609840847
        ],
        [
            942.1517924411119,
            247.77812655680486,
            492.26009385283305,
            116.15506876585285,
            828.7400074812365,
            693.2647401967015,
            602.6649151891953,
            170.42593699317015,
            750.4325419383146,
            557.724842552311,
            578.1461752878765,
            525.9667289857791,
            0,
            237.03375287076733,
            921.7385746511861,
            774.1014145446319,
            135.2479205015737,
            96.87620966986684,
            149.78985279383915,
            299.0066888883926,
            907.1626094587454,
            675.0829578651798,
            645.4339625399333,
            45.60701700396552,
            532.3692327698888,
            200.06249023742555,
            751.3041993759916,
            400.3448513469357,
            93.49331526906082,
            684.7627326307997,
            387.056843370583,
            278.2984010015149
        ],
        [
            1174.6595251390931,
            414.10264428037647,
            728.0116757305476,
            153.18289721767243,
            1007.2859574122932,
            793.9099445151194,
            783.2815585726502,
            265.42418879973997,
            953.9528290224837,
            663.000754147384,
            784.8592230457638,
            635.2275182956104,
            237.03375287076733,
            0,
            1152.8508142860462,
            944.4162218005365,
            277.96582523756405,
            240.7862122298534,
            386.6833329741534,
            177.00282483621552,
            1120.750195181781,
            900.6542066742375,
            874.7673976549423,
            225.03555274667156,
            768.3332610267499,
            311.4161203277698,
            964.7326054404921,
            572.1477082013001,
            154.1557653803451,
            918.2031365661958,
            619.4271547163556,
            508.49287113980273
        ],
        [
            36.22154055254967,
            779.2124228989165,
            498.37536054664656,
            1004.1165271023079,
            488.9989775040434,
            820.8446868927155,
            827.0024183761495,
            1005.497389355139,
            346.0014450836875,
            801.6389461596785,
            696.0869198598692,
            793.1361799842446,
            921.7385746511861,
            1152.8508142860462,
            0,
            535.7172761821295,
            958.7752604234216,
            918.6103635383176,
            780.2262492380015,
            1135.0740063978208,
            229.61271741782946,
            261.81863951980193,
            501.48280130030383,
            948.6506206185711,
            465.1118145134565,
            891.7067903745043,
            277.22193275424655,
            860.7589674235174,
            1014.5269833769825,
            428.4320249467819,
            534.6821485705316,
            644.5991002165609
        ],
        [
            571.9379336956066,
            535.3176627013161,
            654.1567090537252,
            797.002509406338,
            74.41102068914255,
            310.3111341863196,
            1037.9094372824634,
            926.1382186261401,
            196.06121493043952,
            350.7249634685276,
            920.6095806583808,
            360.5551275463989,
            774.1014145446319,
            944.4162218005365,
            535.7172761821295,
            0,
            878.4150499621463,
            715.1866889141604,
            694.4364621763461,
            848.3136212510087,
            334.46225497057213,
            376.6430671073078,
            790.5770044720501,
            817.2398668689627,
            653.276358059895,
            633.0955694048095,
            271.02951868754076,
            954.3233204737271,
            857.7004138975334,
            749.39242056482,
            510.6623150380298,
            554.8342094716222
        ],
        [
            974.8856343182003,
            371.2707906636341,
            487.9221249338874,
            223.60679774997897,
            927.4535028776377,
            822.3113765478379,
            507.1419919509722,
            49.244289008980516,
            831.346498158259,
            687.4045388270288,
            508.13088864976515,
            655.3510509642905,
            135.2479205015737,
            277.96582523756405,
            958.7752604234216,
            878.4150499621463,
            0,
            231.70023737579552,
            191.65855055279948,
            397.93592449036316,
            974.6240300751875,
            728.8820206315971,
            613.4533397088975,
            95.01578816175763,
            528.2887468042453,
            335.20292361493506,
            821.5607098687228,
            296.67490625261854,
            136.69308687713507,
            664.93909495532,
            435.64320263261305,
            341.78648305630816
        ],
        [
            942.021761956697,
            179.8693970635361,
            528.4174486142562,
            87.66413177577246,
            774.6825156152681,
            607.7145711598497,
            685.7083928318218,
            263.5298844533576,
            713.7982908357235,
            472.03813405274786,
            649.333504448985,
            440.93083357823826,
            96.87620966986684,
            240.7862122298534,
            918.6103635383176,
            715.1866889141604,
            231.70023737579552,
            0,
            195.43285291884783,
            239.2822601030005,
            879.9732950493441,
            663.035443999791,
            694.2621983083912,
            138.2208377922808,
            566.8668273942302,
            105.99056561788885,
            723.9813533510376,
            489.11859502578716,
            148.22280526288793,
            725.2895973333686,
            390.840120765512,
            279.60865508778517
        ],
        [
            798.984981085377,
            231.22499864850252,
            343.0174922653363,
            257.1633721975196,
            740.1141803802977,
            674.5850576465506,
            505.7924475513647,
            240.9024698918631,
            639.7890277271094,
            544.7366336129782,
            457.08642508829774,
            512.6655830070905,
            149.78985279383915,
            386.6833329741534,
            780.2262492380015,
            694.4364621763461,
            191.65855055279948,
            195.43285291884783,
            0,
            432.28000185065235,
            784.069512224522,
            541.5847117487716,
            501.35217163187804,
            169.17742166140258,
            382.9412487575607,
            255.5151658904027,
            630.3752850485178,
            327.6659884699662,
            237.85709995709607,
            537.0335185069923,
            248.4552273549502,
            150.13660446406797
        ],
        [
            1161.0275621190049,
            357.3415732880797,
            767.5395755268909,
            183.17477992343817,
            916.7905976830259,
            655.640907814636,
            898.0534505250786,
            403.3856715353187,
            891.6434264884141,
            533.0553442185904,
            877.0689824637512,
            509.32504356255646,
            299.0066888883926,
            177.00282483621552,
            1135.0740063978208,
            848.3136212510087,
            397.93592449036316,
            239.2822601030005,
            432.28000185065235,
            0,
            1068.219546722489,
            874.4964265221442,
            933.0251872270117,
            314.3835237413055,
            805.7605103254937,
            243.74166652421167,
            915.5899737327838,
            690.9594778277523,
            261.84346468835156,
            964.5356395696325,
            621.0732645992741,
            512.0790954530364
        ],
        [
            263.4274093559742,
            715.0174823037546,
            585.6551886562604,
            967.6218269551385,
            275.0018181758077,
            639.9062431325389,
            959.7150618803479,
            1023.6703570974399,
            182.00274723201295,
            650.2745573986422,
            829.0651361624127,
            649.5729366283666,
            907.1626094587454,
            1120.750195181781,
            229.61271741782946,
            334.46225497057213,
            974.6240300751875,
            879.9732950493441,
            784.069512224522,
            1068.219546722489,
            0,
            256.56383221335,
            651.3624183202467,
            942.2696004859756,
            564.142712440744,
            828.0489115988257,
            156.18578680533003,
            946.0338260337205,
            1000.0224997468807,
            587.4861700499852,
            540.7078693712531,
            634.9629910475098
        ],
        [
            290.5116176678654,
            517.9044313384468,
            333.6240399012038,
            749.7126116052737,
            364.1606788218629,
            607.7014069425873,
            716.6058888957026,
            777.3853613234559,
            194.16487838947597,
            563.42168932337,
            588.6000339789322,
            550.218138559608,
            675.0829578651798,
            900.6542066742375,
            261.81863951980193,
            376.6430671073078,
            728.8820206315971,
            663.035443999791,
            541.5847117487716,
            874.4964265221442,
            256.56383221335,
            0,
            429.3436851754082,
            706.0771912475293,
            316.95110032937254,
            630.8486347769963,
            132.38202294873724,
            690.0586931558793,
            768.5635952866879,
            378.8574929970371,
            293.4825378110255,
            397.0755595601421
        ],
        [
            497.1971439982333,
            649.0554675834724,
            181.1767093199344,
            757.8423318870489,
            789.7930108579083,
            951.9438008622147,
            326.6129207487052,
            648.4504607138466,
            622.437145421126,
            862.0092806924994,
            197.7725966861941,
            837.1021443049826,
            645.4339625399333,
            874.7673976549423,
            501.48280130030383,
            790.5770044720501,
            613.4533397088975,
            694.2621983083912,
            501.35217163187804,
            933.0251872270117,
            651.3624183202467,
            429.3436851754082,
            0,
            649.8499826883124,
            156.26259949200895,
            728.3913783125113,
            560.739690052345,
            406.09974144291203,
            720.617790510337,
            75.13321502504735,
            374.96133133964634,
            450.40093250347513
        ],
        [
            967.8687927606717,
            293.1245469079654,
            504.7771785649585,
            133.52153384379613,
            870.8765698995468,
            738.761125127737,
            583.7096881155904,
            125.78155667664478,
            788.5917828636057,
            603.1857093797895,
            568.8629008821018,
            571.4621597271336,
            45.60701700396552,
            225.03555274667156,
            948.6506206185711,
            817.2398668689627,
            95.01578816175763,
            138.2208377922808,
            169.17742166140258,
            314.3835237413055,
            942.2696004859756,
            706.0771912475293,
            649.8499826883124,
            0,
            545.2788277569559,
            243.37830634631345,
            786.848142909418,
            377.02519809689113,
            71.19691004531025,
            693.4118545280287,
            414.9566242392089,
            309.2604080706097
        ],
        [
            472.28910637447484,
            501.25542391080415,
            40.607881008493905,
            638.5052858042758,
            660.9092222083151,
            797.5493715125101,
            399.71239660535923,
            570.1806731203715,
            500.4418048085112,
            705.8285910899331,
            272.9468812791236,
            680.8421256062231,
            532.3692327698888,
            768.3332610267499,
            465.1118145134565,
            653.276358059895,
            528.2887468042453,
            566.8668273942302,
            382.9412487575607,
            805.7605103254937,
            564.142712440744,
            316.95110032937254,
            156.26259949200895,
            545.2788277569559,
            0,
            588.2210468862875,
            448.20196340489184,
            396.01136347332255,
            616.2759122341226,
            161.37224048763778,
            220.13177871447823,
            304.90162347878703
        ],
        [
            918.0659017739413,
            113.8639539099183,
            552.8408450901578,
            169.0,
            696.7101262361557,
            504.060512240346,
            760.7956361599348,
            369.0663896916109,
            654.2858702432752,
            368.7085569931894,
            710.0253516600658,
            338.1863391682166,
            200.06249023742555,
            311.4161203277698,
            891.7067903745043,
            633.0955694048095,
            335.20292361493506,
            105.99056561788885,
            255.5151658904027,
            243.74166652421167,
            828.0489115988257,
            630.8486347769963,
            728.3913783125113,
            243.37830634631345,
            588.2210468862875,
            0,
            674.1223924481369,
            574.053133429302,
            250.83859352181034,
            749.5071714133227,
            387.29058857658805,
            284.29737951659
        ],
        [
            312.7746792820672,
            560.6638921849703,
            462.5689137847463,
            811.6415464969743,
            242.98971171636055,
            543.7738500516551,
            847.870862808718,
            870.7290049148472,
            75.02666192761079,
            528.4855721777086,
            720.5032963144582,
            522.602143126107,
            751.3041993759916,
            964.7326054404921,
            277.22193275424655,
            271.02951868754076,
            821.5607098687228,
            723.9813533510376,
            630.3752850485178,
            915.5899737327838,
            156.18578680533003,
            132.38202294873724,
            560.739690052345,
            786.848142909418,
            448.20196340489184,
            674.1223924481369,
            0,
            811.7696717665671,
            844.0456148810916,
            507.46625503574126,
            390.61617990042345,
            480.6662043455937
        ],
        [
            866.3636649813981,
            558.1487256995218,
            365.7157366042648,
            510.309709882146,
            983.9197121716791,
            990.2019995940223,
            211.15160430363773,
            308.27422856930485,
            847.1511081265254,
            865.1826396778891,
            241.91940806805889,
            833.6120200668895,
            400.3448513469357,
            572.1477082013001,
            860.7589674235174,
            954.3233204737271,
            296.67490625261854,
            489.11859502578716,
            327.6659884699662,
            690.9594778277523,
            946.0338260337205,
            690.0586931558793,
            406.09974144291203,
            377.02519809689113,
            396.01136347332255,
            574.053133429302,
            811.7696717665671,
            0,
            432.5609783602769,
            475.3945729601885,
            444.37034104449407,
            415.4154546956577
        ],
        [
            1034.5438608391623,
            324.2606975876047,
            575.8029176723578,
            98.41239759298622,
            914.641459808159,
            754.7774506435654,
            642.1853315048546,
            144.06248644251562,
            841.6471944942251,
            619.2656941894974,
            634.7030801878938,
            588.430114796991,
            93.49331526906082,
            154.1557653803451,
            1014.5269833769825,
            857.7004138975334,
            136.69308687713507,
            148.22280526288793,
            237.85709995709607,
            261.84346468835156,
            1000.0224997468807,
            768.5635952866879,
            720.617790510337,
            71.19691004531025,
            616.2759122341226,
            250.83859352181034,
            844.0456148810916,
            432.5609783602769,
            0,
            764.5894323099163,
            479.9354123212831,
            371.69476724861215
        ],
        [
            423.00118203144535,
            662.0347422907653,
            197.43353311937668,
            794.0680071631144,
            742.726059863258,
            931.5041599477696,
            401.3589415971693,
            702.6357520081084,
            573.0139614354958,
            850.1699830033991,
            272.90474528670256,
            827.1620155688969,
            684.7627326307997,
            918.2031365661958,
            428.4320249467819,
            749.39242056482,
            664.93909495532,
            725.2895973333686,
            537.0335185069923,
            964.5356395696325,
            587.4861700499852,
            378.8574929970371,
            75.13321502504735,
            693.4118545280287,
            161.37224048763778,
            749.5071714133227,
            507.46625503574126,
            475.3945729601885,
            764.5894323099163,
            0,
            377.3393697985939,
            466.2552948761011
        ],
        [
            555.4574691189237,
            288.90309794116087,
            195.11278789459186,
            473.4817842325088,
            539.8935080180165,
            595.201646503099,
            539.8073730507948,
            484.3345950889736,
            412.0194170181789,
            492.8691509924313,
            436.790567663726,
            466.14160938495934,
            387.056843370583,
            619.4271547163556,
            534.6821485705316,
            510.6623150380298,
            435.64320263261305,
            390.840120765512,
            248.4552273549502,
            621.0732645992741,
            540.7078693712531,
            293.4825378110255,
            374.96133133964634,
            414.9566242392089,
            220.13177871447823,
            387.29058857658805,
            390.61617990042345,
            444.37034104449407,
            479.9354123212831,
            377.3393697985939,
            0,
            111.5212984142491
        ],
        [
            666.1681469418962,
            198.8164983093707,
            271.14940531006147,
            361.9640866163382,
            595.9362382000276,
            578.9732290874942,
            551.2939324897383,
            391.0306893326916,
            489.91121644640884,
            460.55727114008306,
            468.7056645699943,
            430.41491609840847,
            278.2984010015149,
            508.49287113980273,
            644.5991002165609,
            554.8342094716222,
            341.78648305630816,
            279.60865508778517,
            150.13660446406797,
            512.0790954530364,
            634.9629910475098,
            397.0755595601421,
            450.40093250347513,
            309.2604080706097,
            304.90162347878703,
            284.29737951659,
            480.6662043455937,
            415.4154546956577,
            371.69476724861215,
            466.2552948761011,
            111.5212984142491,
            0
        ]
    ],
    "incompatibilities": [
        [
            0,
            0,
            0,
            0,
            0,
            0,
            0,
            0,
            0,
            0,
            0,
            0,
            0,
            1,
            1
        ],
        [
            0,
            0,
            0,
            0,
            0,
            0,
            0,
            0,
            0,
            0,
            0,
            0,
            0,
            1,
            0
        ],
        [
            0,
            0,
            0,
            0,
            0,
            1,
            0,
            0,
            0,
            0,
            0,
            0,
            0,
            0,
            0
        ],
        [
            0,
            0,
            0,
            0,
            0,
            0,
            0,
            0,
            0,
            0,
            1,
            0,
            0,
            0,
            0
        ],
        [
            0,
            0,
            0,
            0,
            0,
            0,
            0,
            0,
            0,
            0,
            0,
            0,
            0,
            0,
            0
        ],
        [
            0,
            0,
            1,
            0,
            0,
            0,
            0,
            0,
            0,
            0,
            1,
            1,
            0,
            0,
            0
        ],
        [
            0,
            0,
            0,
            0,
            0,
            0,
            0,
            0,
            0,
            0,
            0,
            0,
            0,
            1,
            0
        ],
        [
            0,
            0,
            0,
            0,
            0,
            0,
            0,
            0,
            0,
            0,
            0,
            0,
            0,
            0,
            0
        ],
        [
            0,
            0,
            0,
            0,
            0,
            0,
            0,
            0,
            0,
            0,
            0,
            1,
            0,
            0,
            0
        ],
        [
            0,
            0,
            0,
            0,
            0,
            0,
            0,
            0,
            0,
            0,
            0,
            0,
            0,
            0,
            0
        ],
        [
            0,
            0,
            0,
            1,
            0,
            1,
            0,
            0,
            0,
            0,
            0,
            1,
            0,
            0,
            0
        ],
        [
            0,
            0,
            0,
            0,
            0,
            1,
            0,
            0,
            1,
            0,
            1,
            0,
            0,
            0,
            0
        ],
        [
            0,
            0,
            0,
            0,
            0,
            0,
            0,
            0,
            0,
            0,
            0,
            0,
            0,
            0,
            0
        ],
        [
            1,
            1,
            0,
            0,
            0,
            0,
            1,
            0,
            0,
            0,
            0,
            0,
            0,
            0,
            0
        ],
        [
            1,
            0,
            0,
            0,
            0,
            0,
            0,
            0,
            0,
            0,
            0,
            0,
            0,
            0,
            0
        ]
    ]
}