{
    "depot": {
        "x": 560,
        "y": 380,
        "node_type": "depot",
        "id": 0
    },
    "final_destination": {
        "x": 27,
        "y": 144,
        "node_type": "final",
        "id": 11
    },
    "pickup_nodes": [
        {
            "x": 967,
            "y": 816,
            "node_type": "pickup",
            "id": 1
        },
        {
            "x": 426,
            "y": 293,
            "node_type": "pickup",
            "id": 2
        },
        {
            "x": 973,
            "y": 622,
            "node_type": "pickup",
            "id": 3
        },
        {
            "x": 681,
            "y": 407,
            "node_type": "pickup",
            "id": 4
        },
        {
            "x": 80,
            "y": 484,
            "node_type": "pickup",
            "id": 5
        },
        {
            "x": 88,
            "y": 468,
            "node_type": "pickup",
            "id": 6
        },
        {
            "x": 257,
            "y": 379,
            "node_type": "pickup",
            "id": 7
        },
        {
            "x": 397,
            "y": 848,
            "node_type": "pickup",
            "id": 8
        },
        {
            "x": 526,
            "y": 753,
            "node_type": "pickup",
            "id": 9
        },
        {
            "x": 940,
            "y": 591,
            "node_type": "pickup",
            "id": 10
        }
    ],
    "delivery_nodes": [
        {
            "x": 719,
            "y": 382,
            "node_type": "delivery",
            "id": 1
        },
        {
            "x": 867,
            "y": 93,
            "node_type": "delivery",
            "id": 2
        },
        {
            "x": 201,
            "y": 976,
            "node_type": "delivery",
            "id": 3
        },
        {
            "x": 86,
            "y": 360,
            "node_type": "delivery",
            "id": 4
        },
        {
            "x": 275,
            "y": 703,
            "node_type": "delivery",
            "id": 5
        },
        {
            "x": 730,
            "y": 167,
            "node_type": "delivery",
            "id": 6
        },
        {
            "x": 611,
            "y": 950,
            "node_type": "delivery",
            "id": 7
        },
        {
            "x": 453,
            "y": 143,
            "node_type": "delivery",
            "id": 8
        },
        {
            "x": 472,
            "y": 414,
            "node_type": "delivery",
            "id": 9
        },
        {
            "x": 343,
            "y": 770,
            "node_type": "delivery",
            "id": 10
        }
    ],
    "travel_costs": [
        [
            0,
            596.443626841632,
            159.76545308670458,
            478.6783889001049,
            123.9758040909596,
            491.1374553014665,
            480.13331481995704,
            303.00165016052307,
            495.573405258999,
            374.54639232009697,
            434.65043425723155,
            159.0125781188394,
            420.25944367735514,
            695.7707955929166,
            474.421753295525,
            430.75979385267607,
            272.5233934912745,
            572.2770308163696,
            260.03461308064357,
            94.33981132056604,
            446.3059488736398,
            582.9107993509813
        ],
        [
            596.443626841632,
            0,
            752.4692684754641,
            194.09276132818556,
            499.07614649470077,
            947.0971439086911,
            945.3808756263267,
            833.7079824494905,
            570.897538968246,
            445.47727214752496,
            226.6142096162551,
            499.85998039451005,
            729.8828673150234,
            782.531788491688,
            992.0166329250735,
            701.1654583620046,
            690.9196769523936,
            380.38401648860065,
            846.8323328735152,
            637.6746819499735,
            625.6932155617479,
            1155.5016226730277
        ],
        [
            159.76545308670458,
            752.4692684754641,
            0,
            638.3181025162925,
            279.3223943761044,
            395.2176615486712,
            380.6166049977326,
            189.62331080328707,
            555.7571412046813,
            470.7440918375928,
            594.138031100518,
            306.2188759694608,
            484.2323822298546,
            719.1063899034689,
            346.5385981387932,
            436.9221898690887,
            329.0774984711049,
            682.549631895,
            152.41062955056645,
            129.4488315899375,
            484.1673264482023,
            425.9131366839957
        ],
        [
            478.6783889001049,
            194.09276132818556,
            638.3181025162925,
            0,
            362.61411996776957,
            903.6000221336872,
            898.2989480122972,
            756.111764225369,
            618.7503535352525,
            465.8003864317847,
            45.27692569068709,
            349.4509979954271,
            539.5155234096605,
            849.2938243034622,
            924.8853983061903,
            702.6841395677009,
            515.8236132632937,
            488.4956499294544,
            706.9943422687342,
            542.4619802345599,
            647.1506779722941,
            1059.9056561788884
        ],
        [
            123.9758040909596,
            499.07614649470077,
            279.3223943761044,
            362.61411996776957,
            0,
            605.9125349421316,
            596.1291806311783,
            424.92352253081964,
            524.5350321951813,
            379.1319031682773,
            317.705838788021,
            45.48626166217663,
            364.9547917208377,
            744.4199083850458,
            596.8534158401038,
            502.44601700083166,
            244.95101551126504,
            547.493378955399,
            348.8266044899672,
            209.11719202399408,
            495.996975797232,
            704.9007022269165
        ],
        [
            491.1374553014665,
            947.0971439086911,
            395.2176615486712,
            903.6000221336872,
            605.9125349421316,
            0,
            17.88854381999832,
            205.80087463370992,
            482.68519761848916,
            520.8425865844689,
            866.6308325925174,
            647.0896383036898,
            878.7775600230128,
            506.660635929021,
            124.14507642270796,
            293.23369519889764,
            723.1797840094812,
            706.482129993392,
            505.3810443615787,
            398.20095429318104,
            388.54214700595867,
            344.10608829254966
        ],
        [
            480.13331481995704,
            945.3808756263267,
            380.6166049977326,
            898.2989480122972,
            596.1291806311783,
            17.88854381999832,
            0,
            191.0026177831079,
            489.77647963127015,
            522.5600443968139,
            860.832736366363,
            636.8335732355824,
            864.5611603582478,
            520.416179610127,
            108.01851693112623,
            300.3231592801328,
            709.0592358893579,
            711.2334356594887,
            488.7228253314961,
            387.77828716935664,
            395.2581434961208,
            329.6922807710244
        ],
        [
            303.00165016052307,
            833.7079824494905,
            189.62331080328707,
            756.111764225369,
            424.92352253081964,
            205.80087463370992,
            191.0026177831079,
            0,
            489.44969097957346,
            460.6918709940517,
            715.1454397533413,
            462.00974015706635,
            673.7180419136778,
            599.6207134514284,
            172.0523176246109,
            324.49961479175903,
            518.3367631183419,
            671.8310799598363,
            306.7767918210242,
            217.83020910791964,
            400.34610026825544,
            328.82366094914767
        ],
        [
            495.573405258999,
            570.897538968246,
            555.7571412046813,
            618.7503535352525,
            524.5350321951813,
            482.68519761848916,
            489.77647963127015,
            489.44969097957346,
            0,
            160.20611723651504,
            600.747867245486,
            566.4274004671737,
            889.33964265628,
            234.0939982143925,
            578.6752111504345,
            189.49670181826386,
            758.0567261095966,
            237.06539182259397,
            707.2206162153362,
            440.4327417438444,
            94.86832980505137,
            795.3087450795445
        ],
        [
            374.54639232009697,
            445.47727214752496,
            470.7440918375928,
            465.8003864317847,
            379.1319031682773,
            520.8425865844689,
            522.5600443968139,
            460.6918709940517,
            160.20611723651504,
            0,
            444.5672052682248,
            418.19851745313497,
            742.886936215734,
            394.14971774694953,
            589.956778077852,
            255.93163149560078,
            620.4933520997627,
            214.55535416297585,
            614.3525046746371,
            343.2739430833631,
            183.7879212570837,
            787.3258537606904
        ],
        [
            434.65043425723155,
            226.6142096162551,
            594.138031100518,
            45.27692569068709,
            317.705838788021,
            866.6308325925174,
            860.832736366363,
            715.1454397533413,
            600.747867245486,
            444.5672052682248,
            0,
            304.1742921418574,
            503.3219645515185,
            833.2742645731956,
            884.6903413059283,
            674.3656278310751,
            473.1553656041533,
            486.9517429889743,
            661.7197291905388,
            500.35287547889635,
            623.2575711533716,
            1016.5520153932114
        ],
        [
            159.0125781188394,
            499.85998039451005,
            306.2188759694608,
            349.4509979954271,
            45.48626166217663,
            647.0896383036898,
            636.8335732355824,
            462.00974015706635,
            566.4274004671737,
            418.19851745313497,
            304.1742921418574,
            0,
            324.6921619010844,
            788.1370439206623,
            633.3821910979184,
            547.8841118338804,
            215.2812114421507,
            578.1764436571244,
            357.5989373586001,
            249.06424873915566,
            540.296215052447,
            731.7841211723578
        ],
        [
            420.25944367735514,
            729.8828673150234,
            484.2323822298546,
            539.5155234096605,
            364.9547917208377,
            878.7775600230128,
            864.5611603582478,
            673.7180419136778,
            889.33964265628,
            742.886936215734,
            503.3219645515185,
            324.6921619010844,
            0,
            1106.00406870861,
            825.3787009609589,
            850.0376462251539,
            155.70806016388488,
            894.4188057056939,
            417.0083932009043,
            508.9852650126524,
            856.0987092619636,
            841.546790143008
        ],
        [
            695.7707955929166,
            782.531788491688,
            719.1063899034689,
            849.2938243034622,
            744.4199083850458,
            506.660635929021,
            520.416179610127,
            599.6207134514284,
            234.0939982143925,
            394.14971774694953,
            833.2742645731956,
            788.1370439206623,
            1106.00406870861,
            0,
            626.6426413834284,
            282.85155117128136,
            966.6033312584849,
            410.8235631022154,
            870.2832872116986,
            623.9270790725467,
            250.19992006393608,
            850.0
        ],
        [
            474.421753295525,
            992.0166329250735,
            346.5385981387932,
            924.8853983061903,
            596.8534158401038,
            124.14507642270796,
            108.01851693112623,
            172.0523176246109,
            578.6752111504345,
            589.956778077852,
            884.6903413059283,
            633.3821910979184,
            825.3787009609589,
            626.6426413834284,
            0,
            391.6248204595822,
            672.2982968891116,
            789.7626225645273,
            426.3543127493845,
            389.75889983424366,
            483.889450184647,
            223.9129295060917
        ],
        [
            430.75979385267607,
            701.1654583620046,
            436.9221898690887,
            702.6841395677009,
            502.44601700083166,
            293.23369519889764,
            300.3231592801328,
            324.49961479175903,
            189.49670181826386,
            255.93163149560078,
            674.3656278310751,
            547.8841118338804,
            850.0376462251539,
            282.85155117128136,
            391.6248204595822,
            0,
            703.0796540933325,
            417.0191842109905,
            587.6087133458794,
            349.7570585420686,
            95.46203433826456,
            611.5431301224795
        ],
        [
            272.5233934912745,
            690.9196769523936,
            329.0774984711049,
            515.8236132632937,
            244.95101551126504,
            723.1797840094812,
            709.0592358893579,
            518.3367631183419,
            758.0567261095966,
            620.4933520997627,
            473.1553656041533,
            215.2812114421507,
            155.70806016388488,
            966.6033312584849,
            672.2982968891116,
            703.0796540933325,
            0,
            791.9911615668448,
            278.0377672187719,
            357.17362724590964,
            716.5040125498252,
            703.3761440367451
        ],
        [
            572.2770308163696,
            380.38401648860065,
            682.549631895,
            488.4956499294544,
            547.493378955399,
            706.482129993392,
            711.2334356594887,
            671.8310799598363,
            237.06539182259397,
            214.55535416297585,
            486.9517429889743,
            578.1764436571244,
            894.4188057056939,
            410.8235631022154,
            789.7626225645273,
            417.0191842109905,
            791.9911615668448,
            0,
            822.3217131998887,
            553.7300786484332,
            322.8374203836972,
            995.3351194447023
        ],
        [
            260.03461308064357,
            846.8323328735152,
            152.41062955056645,
            706.9943422687342,
            348.8266044899672,
            505.3810443615787,
            488.7228253314961,
            306.7767918210242,
            707.2206162153362,
            614.3525046746371,
            661.7197291905388,
            357.5989373586001,
            417.0083932009043,
            870.2832872116986,
            426.3543127493845,
            587.6087133458794,
            278.0377672187719,
            822.3217131998887,
            0,
            271.66523517005265,
            636.5759970341326,
            426.00117370730334
        ],
        [
            94.33981132056604,
            637.6746819499735,
            129.4488315899375,
            542.4619802345599,
            209.11719202399408,
            398.20095429318104,
            387.77828716935664,
            217.83020910791964,
            440.4327417438444,
            343.2739430833631,
            500.35287547889635,
            249.06424873915566,
            508.9852650126524,
            623.9270790725467,
            389.75889983424366,
            349.7570585420686,
            357.17362724590964,
            553.7300786484332,
            271.66523517005265,
            0,
            378.6515548627788,
            520.504562900269
        ],
        [
            446.3059488736398,
            625.6932155617479,
            484.1673264482023,
            647.1506779722941,
            495.996975797232,
            388.54214700595867,
            395.2581434961208,
            400.34610026825544,
            94.86832980505137,
            183.7879212570837,
            623.2575711533716,
            540.296215052447,
            856.0987092619636,
            250.19992006393608,
            483.889450184647,
            95.46203433826456,
            716.5040125498252,
            322.8374203836972,
            636.5759970341326,
            378.6515548627788,
            0,
            701.2360515546816
        ],
        [
            582.9107993509813,
            1155.5016226730277,
            425.9131366839957,
            1059.9056561788884,
            704.9007022269165,
            344.10608829254966,
            329.6922807710244,
            328.82366094914767,
            795.3087450795445,
            787.3258537606904,
            1016.5520153932114,
            731.7841211723578,
            841.546790143008,
            850.0,
            223.9129295060917,
            611.5431301224795,
            703.3761440367451,
            995.3351194447023,
            426.00117370730334,
            520.504562900269,
            701.2360515546816,
            0
        ]
    ],
    "incompatibilities": [
        [
            0,
            0,
            0,
            0,
            0,
            0,
            0,
            0,
            0,
            0
        ],
        [
            0,
            0,
            0,
            0,
            0,
            0,
            0,
            0,
            0,
            0
        ],
        [
            0,
            0,
            0,
            0,
            0,
            0,
            0,
            0,
            0,
            0
        ],
        [
            0,
            0,
            0,
            0,
            0,
            0,
            0,
            0,
            0,
            0
        ],
        [
            0,
            0,
            0,
            0,
            0,
            0,
            0,
            0,
            0,
            0
        ],
        [
            0,
            0,
            0,
            0,
            0,
            0,
            0,
            0,
            0,
            0
        ],
        [
            0,
            0,
            0,
            0,
            0,
            0,
            0,
            0,
            0,
            0
        ],
        [
            0,
            0,
            0,
            0,
            0,
            0,
            0,
            0,
            0,
            0
        ],
        [
            0,
            0,
            0,
            0,
            0,
            0,
            0,
            0,
            0,
            0
        ],
        [
            0,
            0,
            0,
            0,
            0,
            0,
            0,
            0,
            0,
            0
        ]
    ]
}