{
    "depot": [
        15,
        407
    ],
    "final_destination": [
        988,
        23
    ],
    "requests": [
        [
            [
                803,
                268
            ],
            [
                965,
                58
            ]
        ],
        [
            [
                262,
                492
            ],
            [
                87,
                76
            ]
        ],
        [
            [
                295,
                386
            ],
            [
                248,
                398
            ]
        ],
        [
            [
                299,
                949
            ],
            [
                800,
                421
            ]
        ],
        [
            [
                117,
                425
            ],
            [
                98,
                968
            ]
        ],
        [
            [
                307,
                797
            ],
            [
                527,
                38
            ]
        ],
        [
            [
                485,
                387
            ],
            [
                554,
                629
            ]
        ],
        [
            [
                231,
                284
            ],
            [
                117,
                490
            ]
        ],
        [
            [
                121,
                209
            ],
            [
                678,
                172
            ]
        ],
        [
            [
                352,
                50
            ],
            [
                62,
                963
            ]
        ]
    ],
    "travel_costs": [
        [
            0,
            800.1656078587732,
            261.21638539724114,
            280.7863956818421,
            611.8986844241455,
            103.5760590097924,
            487.20016420358485,
            470.425339453563,
            248.56588663772834,
            224.58851261807672,
            490.9358410220219,
            1012.077566197374,
            338.740313514645,
            233.17375495539798,
            785.1248308390202,
            567.1066919019736,
            631.1140942808994,
            582.9279543820145,
            131.50285168010615,
            703.4159509138245,
            557.9829746506608,
            1046.0329822715917
        ],
        [
            800.1656078587732,
            0,
            585.5399217815981,
            521.5246878144887,
            847.2172094569373,
            703.7364563528026,
            725.1599823487228,
            339.53644870617353,
            572.2237324683414,
            684.5472956633456,
            500.92414595425527,
            265.22443326360417,
            741.2961621376439,
            570.0219294027205,
            153.0294089382822,
            993.4913185327791,
            359.27148509170615,
            438.545322629258,
            721.02704526252,
            157.610278852618,
            1015.9261784204599,
            307.001628660175
        ],
        [
            261.21638539724114,
            585.5399217815981,
            0,
            111.01801655587259,
            458.49536529827645,
            159.7310239120754,
            308.3018001893599,
            246.48326515201796,
            210.2974084481309,
            316.1803282938393,
            451.0698393818855,
            826.1749209459217,
            451.3103145287065,
            95.03683496413377,
            542.6647215362356,
            503.46002820482187,
            525.6814624846495,
            322.54147020189515,
            145.01379244747721,
            524.8390229394151,
            511.70401600925516,
            864.3130220007101
        ],
        [
            280.7863956818421,
            521.5246878144887,
            111.01801655587259,
            0,
            563.0142094121603,
            182.22239159883728,
            411.17514516322603,
            190.0026315607234,
            120.41594578792295,
            248.20354550247666,
            340.8005281686048,
            745.9785519704973,
            373.31488049634453,
            48.50773134253962,
            506.2114182829146,
            614.4371408044926,
            418.2439479538228,
            355.14785653302204,
            206.15528128088303,
            438.73112495012253,
            622.2684308238687,
            782.31579301456
        ],
        [
            611.8986844241455,
            847.2172094569373,
            458.49536529827645,
            563.0142094121603,
            0,
            554.7071299343465,
            152.21038072352357,
            591.9797293826875,
            668.4676506757826,
            761.1070883916402,
            900.5609363058117,
            1112.4014563097264,
            898.3724172079195,
            553.3552204506614,
            727.8633113435517,
            201.8960128382926,
            939.0979714598473,
            409.1760012512953,
            493.76613897674275,
            864.5056390793526,
            237.41314201197875,
            1154.2083867309232
        ],
        [
            103.5760590097924,
            703.7364563528026,
            159.7310239120754,
            182.22239159883728,
            554.7071299343465,
            0,
            417.71282000915414,
            369.95675422946397,
            181.3201588351389,
            216.03703386225246,
            442.5494322671762,
            924.0091990884074,
            350.28702516650543,
            133.75350462698165,
            683.0117129303128,
            543.3323108374836,
            563.7987229499548,
            482.27067088928396,
            65.0,
            615.410432150772,
            540.8040310500653,
            959.2940112395156
        ],
        [
            487.20016420358485,
            725.1599823487228,
            308.3018001893599,
            411.17514516322603,
            152.21038072352357,
            417.71282000915414,
            0,
            446.9720349194119,
            518.5990744303349,
            616.7171150535713,
            748.3541942155466,
            989.4872409485632,
            753.8176171992799,
            403.3385674591508,
            620.0201609625287,
            270.04073766748604,
            790.2411024491197,
            298.7189314389029,
            361.0387790805858,
            726.8190971624232,
            295.9408724728641,
            1030.9398624556138
        ],
        [
            470.425339453563,
            339.53644870617353,
            246.48326515201796,
            190.0026315607234,
            591.9797293826875,
            369.95675422946397,
            446.9720349194119,
            0,
            274.0894014733149,
            405.1913128387626,
            362.29545953544596,
            581.9286897893933,
            505.0990001969911,
            237.25513693068902,
            316.82960720235724,
            698.0902520448197,
            351.51813608973293,
            251.6445906432324,
            382.1426435246399,
            288.91867367825154,
            714.6362711197914,
            620.8904895390169
        ],
        [
            248.56588663772834,
            572.2237324683414,
            210.2974084481309,
            120.41594578792295,
            668.4676506757826,
            181.3201588351389,
            518.5990744303349,
            274.0894014733149,
            0,
            133.13526955694348,
            263.4331034627197,
            768.0052083156728,
            252.98221281347034,
            115.26057435220423,
            585.2606257044805,
            696.8105911939055,
            384.8792018283139,
            472.6034278335273,
            235.44001359157284,
            460.8177513941927,
            699.7156565348528,
            800.7309161010332
        ],
        [
            224.58851261807672,
            684.5472956633456,
            316.1803282938393,
            248.20354550247666,
            761.1070883916402,
            216.03703386225246,
            616.7171150535713,
            405.1913128387626,
            133.13526955694348,
            0,
            280.43180989324304,
            857.4013062737891,
            137.27709204379295,
            227.705950734714,
            711.3262261438138,
            759.3484048840822,
            440.5417119865042,
            603.2321277916155,
            281.0284683088174,
            558.2275521684683,
            756.3048327228909,
            886.7271282643833
        ],
        [
            490.9358410220219,
            500.92414595425527,
            451.0698393818855,
            340.8005281686048,
            900.5609363058117,
            442.5494322671762,
            748.3541942155466,
            362.29545953544596,
            263.4331034627197,
            280.43180989324304,
            0,
            613.0522000612998,
            266.27241689668125,
            363.2079294288604,
            581.6743074951823,
            952.4914697780763,
            175.41094606665797,
            613.2250810265347,
            498.8236161209692,
            348.08045047086455,
            957.9504162533675,
            636.5728552176884
        ],
        [
            1012.077566197374,
            265.22443326360417,
            826.1749209459217,
            745.9785519704973,
            1112.4014563097264,
            924.0091990884074,
            989.4872409485632,
            581.9286897893933,
            768.0052083156728,
            857.4013062737891,
            613.0522000612998,
            0,
            878.1844908673804,
            793.5294575502537,
            398.74051712862087,
            1256.8965749018491,
            438.45638323555056,
            703.5353580311369,
            951.6974309096353,
            308.8122406900348,
            1278.4498425828053,
            41.88078318274385
        ],
        [
            338.740313514645,
            741.2961621376439,
            451.3103145287065,
            373.31488049634453,
            898.3724172079195,
            350.28702516650543,
            753.8176171992799,
            505.0990001969911,
            252.98221281347034,
            137.27709204379295,
            266.27241689668125,
            878.1844908673804,
            0,
            360.00694437746614,
            792.082066455238,
            892.0678225336906,
            441.63786069584205,
            723.807985587338,
            415.0855333542714,
            598.7461899670009,
            887.3522412210383,
            902.5574773940994
        ],
        [
            233.17375495539798,
            570.0219294027205,
            95.03683496413377,
            48.50773134253962,
            553.3552204506614,
            133.75350462698165,
            403.3385674591508,
            237.25513693068902,
            115.26057435220423,
            227.705950734714,
            363.2079294288604,
            793.5294575502537,
            360.00694437746614,
            0,
            552.4789588753584,
            589.406481131655,
            455.45691343967985,
            383.40187792967316,
            160.0781059358212,
            485.773609822518,
            594.8285467258612,
            829.593273839657
        ],
        [
            785.1248308390202,
            153.0294089382822,
            542.6647215362356,
            506.2114182829146,
            727.8633113435517,
            683.0117129303128,
            620.0201609625287,
            316.82960720235724,
            585.2606257044805,
            711.3262261438138,
            581.6743074951823,
            398.74051712862087,
            792.082066455238,
            552.4789588753584,
            0,
            889.9511222533516,
            470.3381762094164,
            322.14903383372115,
            686.476510887299,
            277.2814454665151,
            915.64621989063,
            440.1681496882754
        ],
        [
            567.1066919019736,
            993.4913185327791,
            503.46002820482187,
            614.4371408044926,
            201.8960128382926,
            543.3323108374836,
            270.04073766748604,
            698.0902520448197,
            696.8105911939055,
            759.3484048840822,
            952.4914697780763,
            1256.8965749018491,
            892.0678225336906,
            589.406481131655,
            889.9511222533516,
            0,
            1024.1782071495177,
            568.2050686151964,
            478.37746602447737,
            984.8939029154359,
            36.345563690772494,
            1298.1236458827796
        ],
        [
            631.1140942808994,
            359.27148509170615,
            525.6814624846495,
            418.2439479538228,
            939.0979714598473,
            563.7987229499548,
            790.2411024491197,
            351.51813608973293,
            384.8792018283139,
            440.5417119865042,
            175.41094606665797,
            438.45638323555056,
            441.63786069584205,
            455.45691343967985,
            470.3381762094164,
            1024.1782071495177,
            0,
            591.6164297921416,
            610.2491294545205,
            201.8836298465034,
            1035.3018883398213,
            461.24397015028825
        ],
        [
            582.9279543820145,
            438.545322629258,
            322.54147020189515,
            355.14785653302204,
            409.1760012512953,
            482.27067088928396,
            298.7189314389029,
            251.6445906432324,
            472.6034278335273,
            603.2321277916155,
            613.2250810265347,
            703.5353580311369,
            723.807985587338,
            383.40187792967316,
            322.14903383372115,
            568.2050686151964,
            591.6164297921416,
            0,
            458.5738762729512,
            473.52402262187286,
            594.6595664748024,
            745.3804397755551
        ],
        [
            131.50285168010615,
            721.02704526252,
            145.01379244747721,
            206.15528128088303,
            493.76613897674275,
            65.0,
            361.0387790805858,
            382.1426435246399,
            235.44001359157284,
            281.0284683088174,
            498.8236161209692,
            951.6974309096353,
            415.0855333542714,
            160.0781059358212,
            686.476510887299,
            478.37746602447737,
            610.2491294545205,
            458.5738762729512,
            0,
            644.8604500200024,
            476.18693808209395,
            988.2965142101839
        ],
        [
            703.4159509138245,
            157.610278852618,
            524.8390229394151,
            438.73112495012253,
            864.5056390793526,
            615.410432150772,
            726.8190971624232,
            288.91867367825154,
            460.8177513941927,
            558.2275521684683,
            348.08045047086455,
            308.8122406900348,
            598.7461899670009,
            485.773609822518,
            277.2814454665151,
            984.8939029154359,
            201.8836298465034,
            473.52402262187286,
            644.8604500200024,
            0,
            1002.5652098492149,
            343.9491241448363
        ],
        [
            557.9829746506608,
            1015.9261784204599,
            511.70401600925516,
            622.2684308238687,
            237.41314201197875,
            540.8040310500653,
            295.9408724728641,
            714.6362711197914,
            699.7156565348528,
            756.3048327228909,
            957.9504162533675,
            1278.4498425828053,
            887.3522412210383,
            594.8285467258612,
            915.64621989063,
            36.345563690772494,
            1035.3018883398213,
            594.6595664748024,
            476.18693808209395,
            1002.5652098492149,
            0,
            1319.4983895405103
        ],
        [
            1046.0329822715917,
            307.001628660175,
            864.3130220007101,
            782.31579301456,
            1154.2083867309232,
            959.2940112395156,
            1030.9398624556138,
            620.8904895390169,
            800.7309161010332,
            886.7271282643833,
            636.5728552176884,
            41.88078318274385,
            902.5574773940994,
            829.593273839657,
            440.1681496882754,
            1298.1236458827796,
            461.24397015028825,
            745.3804397755551,
            988.2965142101839,
            343.9491241448363,
            1319.4983895405103,
            0
        ]
    ],
    "incompatibilities": [
        [
            0,
            0,
            0,
            1,
            1,
            1,
            1,
            0,
            1,
            0
        ],
        [
            0,
            0,
            0,
            0,
            0,
            0,
            0,
            0,
            1,
            1
        ],
        [
            0,
            0,
            0,
            1,
            0,
            0,
            1,
            0,
            1,
            0
        ],
        [
            1,
            0,
            1,
            0,
            1,
            1,
            0,
            1,
            0,
            1
        ],
        [
            1,
            0,
            0,
            1,
            0,
            0,
            1,
            0,
            1,
            0
        ],
        [
            1,
            0,
            0,
            1,
            0,
            0,
            1,
            1,
            1,
            0
        ],
        [
            1,
            0,
            1,
            0,
            1,
            1,
            0,
            1,
            0,
            0
        ],
        [
            0,
            0,
            0,
            1,
            0,
            1,
            1,
            0,
            0,
            1
        ],
        [
            1,
            1,
            1,
            0,
            1,
            1,
            0,
            0,
            0,
            1
        ],
        [
            0,
            1,
            0,
            1,
            0,
            0,
            0,
            1,
            1,
            0
        ]
    ]
}