{
    "depot": [
        20,
        497
    ],
    "final_destination": [
        925,
        605
    ],
    "requests": [
        [
            [
                37,
                796
            ],
            [
                41,
                32
            ]
        ],
        [
            [
                615,
                323
            ],
            [
                651,
                527
            ]
        ],
        [
            [
                689,
                968
            ],
            [
                170,
                814
            ]
        ],
        [
            [
                852,
                967
            ],
            [
                570,
                279
            ]
        ],
        [
            [
                762,
                279
            ],
            [
                864,
                546
            ]
        ],
        [
            [
                944,
                97
            ],
            [
                363,
                655
            ]
        ],
        [
            [
                574,
                98
            ],
            [
                482,
                938
            ]
        ],
        [
            [
                153,
                168
            ],
            [
                953,
                233
            ]
        ],
        [
            [
                85,
                426
            ],
            [
                259,
                548
            ]
        ],
        [
            [
                403,
                15
            ],
            [
                106,
                488
            ]
        ],
        [
            [
                1000,
                223
            ],
            [
                22,
                751
            ]
        ],
        [
            [
                925,
                252
            ],
            [
                694,
                134
            ]
        ],
        [
            [
                510,
                298
            ],
            [
                632,
                282
            ]
        ],
        [
            [
                292,
                459
            ],
            [
                673,
                425
            ]
        ],
        [
            [
                210,
                766
            ],
            [
                339,
                940
            ]
        ]
    ],
    "travel_costs": [
        [
            0,
            299.482887658043,
            619.9201561491608,
            818.169909004236,
            955.5752194359166,
            773.3614937401525,
            1006.8644397335721,
            682.7276177217383,
            354.8661719578241,
            96.26006440887103,
            615.6403170683349,
            1017.5834118144811,
            937.5766635321083,
            528.8676583040411,
            274.64158461529456,
            329.3341767870441,
            465.47395201020646,
            631.7127511773053,
            350.69787567078305,
            591.6282616643664,
            845.4211968007427,
            377.64136425979615,
            638.6900656813131,
            969.6313732548056,
            244.38085031360376,
            86.46964785403026,
            254.00787389370433,
            765.5357601053004,
            648.6670948953708,
            656.9573806572236,
            545.9029217727268,
            911.4214173476506
        ],
        [
            299.482887658043,
            0,
            746.8687970453713,
            674.3055687149558,
            832.7460597324974,
            890.4571859443889,
            1145.0982490598788,
            880.6662250818978,
            638.6235197673196,
            373.1005226477175,
            862.5062318615443,
            1120.579314461944,
            1041.3836948982828,
            686.8282172421283,
            422.60383339482377,
            175.5818897267027,
            764.0104711324316,
            670.3409580206181,
            134.21251804507656,
            742.5483149263757,
            863.9612259818144,
            355.1858668359427,
            467.1070541107252,
            1075.1860304152021,
            332.8483138007462,
            315.63428204173255,
            47.434164902525694,
            932.680545524565,
            786.270309753586,
            736.2995314408397,
            334.5743564590687,
            908.3088681720553
        ],
        [
            619.9201561491608,
            746.8687970453713,
            0,
            649.2310836674411,
            686.2251817005844,
            153.4438007871286,
            399.14533693881475,
            228.70505022845472,
            487.30791087360774,
            539.91573416599,
            373.9090798576574,
            397.77506206397607,
            318.0267284364634,
            107.93516572461452,
            350.46397817750113,
            600.2282899031002,
            643.5503088337384,
            207.1521180195848,
            662.6507375684419,
            62.93647591023826,
            334.2603775501966,
            416.8069097315926,
            629.2169737062089,
            349.7770718614929,
            421.1424937001727,
            535.0756955796068,
            731.3227741565279,
            204.84628383253624,
            44.384682042344295,
            117.33712115098102,
            675.9178944220962,
            419.07517225433435
        ],
        [
            818.169909004236,
            674.3055687149558,
            649.2310836674411,
            0,
            163.00306745579974,
            692.8564064797265,
            907.5604663051382,
            877.5676612090946,
            962.9620968657074,
            811.5294202923269,
            994.9899496979856,
            807.3078718803627,
            753.8912388401924,
            693.4990987737475,
            645.5152980371573,
            519.8509401742003,
            1138.4199576606165,
            442.6341604530766,
            541.3658651965416,
            699.2009725393694,
            456.84680145536754,
            451.9347298006649,
            209.1626161626403,
            780.9743913855306,
            601.0823570859487,
            755.1748141986728,
            701.4114341811088,
            834.0149878749182,
            688.3640025451651,
            543.235676295289,
            351.1182137115647,
            432.97228548718914
        ],
        [
            955.5752194359166,
            832.7460597324974,
            686.2251817005844,
            163.00306745579974,
            0,
            693.861657681126,
            874.8508444300662,
            912.3842392325723,
            1061.603504138904,
            938.6000213083313,
            1052.5706627110599,
            758.5776163320402,
            718.7169122818802,
            751.3487871820915,
            756.0846513453371,
            672.7295147382787,
            1237.7180615956122,
            483.736498519597,
            698.9513573919147,
            743.55093974791,
            421.17098665506387,
            580.0560317762414,
            371.1347464196798,
            740.916324560338,
            726.0922806365594,
            886.5421591780055,
            857.6456144585594,
            847.8519918004556,
            719.461604256961,
            570.7933075991693,
            513.7100349418921,
            369.28715114393026
        ],
        [
            773.3614937401525,
            890.4571859443889,
            153.4438007871286,
            692.8564064797265,
            693.861657681126,
            0,
            257.38686835190333,
            260.969346858975,
            619.033117046253,
            692.7755769367162,
            445.6197930972097,
            244.4994887520217,
            165.22106403240477,
            252.7152547829276,
            503.28918128646484,
            736.1202347442978,
            762.1351586168952,
            271.7075633838705,
            797.9279416087645,
            192.0,
            285.8198733468336,
            548.2490310068956,
            716.0174578877248,
            196.46119209655632,
            570.4121317082938,
            688.4889251106368,
            877.7152157733168,
            160.15305179733542,
            130.034610777285,
            170.98830369355676,
            784.7611101475404,
            364.47908033246574
        ],
        [
            1006.8644397335721,
            1145.0982490598788,
            399.14533693881475,
            907.5604663051382,
            874.8508444300662,
            257.38686835190333,
            0,
            370.0013513488836,
            794.180080334429,
            919.8489006353163,
            547.1791297189613,
            137.88400922514546,
            156.1601741802307,
            478.2854796039704,
            745.7533104183984,
            993.1349354443232,
            905.3364015657385,
            520.3354687122529,
            1055.066348624578,
            415.9326868617084,
            456.07126636086156,
            805.5588122539534,
            959.5441626105595,
            136.2974687952788,
            820.1377933006136,
            924.7296902338543,
            1130.3981599418853,
            252.72316870441458,
            362.72441329472156,
            425.47032799009617,
            1037.6290281213223,
            508.3551907869143
        ],
        [
            682.7276177217383,
            880.6662250818978,
            228.70505022845472,
            877.5676612090946,
            912.3842392325723,
            260.969346858975,
            370.0013513488836,
            0,
            426.77980270860996,
            588.8166098200695,
            190.07893097342483,
            443.9605838359978,
            383.2975345602943,
            209.990475974507,
            458.0884194126719,
            760.7364852562285,
            537.0707588390937,
            435.8554806354969,
            822.1143472777981,
            181.04419349981924,
            533.6703102103395,
            595.6257214056492,
            845.0230766079706,
            402.32573867452226,
            549.2950027080167,
            609.1994747207191,
            855.0514604396627,
            125.2836781069266,
            192.92485583770693,
            341.6577234601905,
            874.1790434459064,
            616.644143732834
        ],
        [
            354.8661719578241,
            638.6235197673196,
            487.30791087360774,
            962.9620968657074,
            1061.603504138904,
            619.033117046253,
            794.180080334429,
            426.77980270860996,
            0,
            266.81079438433517,
            293.10237119477557,
            848.7838358498587,
            776.5565014858867,
            379.93288881064245,
            322.4934107853988,
            600.7104127614238,
            176.18172436436194,
            613.9096024660307,
            646.2236454974392,
            431.52056729662377,
            805.2359902537889,
            530.347998959174,
            837.3416268166775,
            802.6362812631884,
            394.5072876386443,
            323.4331461059611,
            597.5366097570926,
            542.0673389902771,
            492.3789191263167,
            580.0422398412032,
            794.0906749232105,
            887.1037143423537
        ],
        [
            96.26006440887103,
            373.1005226477175,
            539.91573416599,
            811.5294202923269,
            938.6000213083313,
            692.7755769367162,
            919.8489006353163,
            588.8166098200695,
            266.81079438433517,
            0,
            519.6585417367831,
            937.2480994912713,
            857.8321514142496,
            443.85695894060285,
            209.6139308347611,
            362.2499137335991,
            396.4492401304359,
            574.9408665245496,
            397.2014602188667,
            506.78792408659467,
            788.1884292477275,
            360.17356926904006,
            647.8834771778024,
            889.1979532140185,
            212.5088233462319,
            65.45991139621258,
            331.0498451895122,
            675.3850753459096,
            565.6368092689868,
            588.0008503395212,
            573.3341085266077,
            858.8602913163468
        ],
        [
            615.6403170683349,
            862.5062318615443,
            373.9090798576574,
            994.9899496979856,
            1052.5706627110599,
            445.6197930972097,
            547.1791297189613,
            190.07893097342483,
            293.10237119477557,
            519.6585417367831,
            0,
            632.196962979102,
            573.2826527987744,
            302.5524747874326,
            457.6647244435603,
            775.4031209635413,
            362.3989514333616,
            568.9006943219529,
            832.280000961215,
            312.385979198811,
            703.194141044989,
            641.2487816752559,
            926.3746542301338,
            591.6282616643664,
            552.1095905705678,
            558.5141000905886,
            828.7683632958004,
            314.391475711413,
            351.7527540759276,
            490.9175083453431,
            927.2114106286657,
            787.7715404861996
        ],
        [
            1017.5834118144811,
            1120.579314461944,
            397.77506206397607,
            807.3078718803627,
            758.5776163320402,
            244.4994887520217,
            137.88400922514546,
            443.9605838359978,
            848.7838358498587,
            937.2480994912713,
            632.196962979102,
            0,
            80.41144197189851,
            495.7065664281642,
            746.2975277997376,
            958.6182764792251,
            977.8353644658184,
            462.8358240240269,
            1018.9116742878158,
            433.63117969075984,
            350.46397817750113,
            769.670708809943,
            882.9207212428531,
            48.05205510693585,
            809.1390486189625,
            932.4489262152646,
            1111.4261109043641,
            318.68009037277494,
            372.6996109469394,
            384.36050785688167,
            975.1974159112605,
            389.2929488187527
        ],
        [
            937.5766635321083,
            1041.3836948982828,
            318.0267284364634,
            753.8912388401924,
            718.7169122818802,
            165.22106403240477,
            156.1601741802307,
            383.2975345602943,
            776.5565014858867,
            857.8321514142496,
            573.2826527987744,
            80.41144197189851,
            0,
            417.54161469247583,
            665.9864863493854,
            880.5799225510425,
            910.9643242191212,
            388.2022668661274,
            941.2061410764383,
            356.0252800012943,
            300.2615526503518,
            691.5583850984673,
            816.6057800432227,
            33.83784863137726,
            728.8154773329118,
            852.324468732419,
            1031.7024764921327,
            259.393523434954,
            294.5318318959769,
            305.6681206799296,
            903.7366873155034,
            353.0
        ],
        [
            528.8676583040411,
            686.8282172421283,
            107.93516572461452,
            693.4990987737475,
            751.3487871820915,
            252.7152547829276,
            478.2854796039704,
            209.990475974507,
            379.93288881064245,
            443.85695894060285,
            302.5524747874326,
            495.7065664281642,
            417.54161469247583,
            0,
            271.0073799733136,
            555.8992714512225,
            539.1817875262478,
            268.9274995235705,
            617.9449813697009,
            62.93647591023826,
            432.2267923208833,
            386.080302527855,
            640.6122071893417,
            447.74322998790274,
            354.2612030691478,
            446.44820528253894,
            665.8475801562997,
            246.47920804806233,
            123.04470732217621,
            206.63494380186523,
            664.3831725743812,
            516.2111970889434
        ],
        [
            274.64158461529456,
            422.60383339482377,
            350.46397817750113,
            645.5152980371573,
            756.0846513453371,
            503.28918128646484,
            745.7533104183984,
            458.0884194126719,
            322.4934107853988,
            209.6139308347611,
            457.6647244435603,
            746.2975277997376,
            665.9864863493854,
            271.0073799733136,
            0,
            317.7624899197512,
            495.30798499519466,
            365.3833603217312,
            375.3784756748847,
            331.1857484856497,
            578.5784302927304,
            208.4634260487916,
            515.3067047885172,
            698.5678206158655,
            94.92101980067429,
            188.24717793369442,
            397.69837817119645,
            516.9419696639072,
            383.3131878764413,
            382.51405202946466,
            483.29080272647445,
            649.6191191767681
        ],
        [
            329.3341767870441,
            175.5818897267027,
            600.2282899031002,
            519.8509401742003,
            672.7295147382787,
            736.1202347442978,
            993.1349354443232,
            760.7364852562285,
            600.7104127614238,
            362.2499137335991,
            775.4031209635413,
            958.6182764792251,
            880.5799225510425,
            555.8992714512225,
            317.7624899197512,
            0,
            753.2044875065469,
            501.5994417859733,
            62.481997407253246,
            605.6145638935708,
            690.0115941054904,
            189.02380802428036,
            321.8198253681709,
            914.4058180042382,
            223.43902971504332,
            296.8164415931166,
            188.5974549138986,
            796.0401999899252,
            642.1370570213185,
            575.0217387195027,
            216.60332407421637,
            732.90244917042
        ],
        [
            465.47395201020646,
            764.0104711324316,
            643.5503088337384,
            1138.4199576606165,
            1237.7180615956122,
            762.1351586168952,
            905.3364015657385,
            537.0707588390937,
            176.18172436436194,
            396.4492401304359,
            362.3989514333616,
            977.8353644658184,
            910.9643242191212,
            539.1817875262478,
            495.30798499519466,
            753.2044875065469,
            0,
            785.5730392522391,
            792.5686090175412,
            583.8236034968097,
            970.3221114660843,
            701.2938043359574,
            1007.6293961571388,
            933.8870381368403,
            560.1606912306504,
            460.6093789752874,
            719.2509993041373,
            660.9183005485625,
            641.7016440683318,
            744.226444034341,
            955.6505637522536,
            1053.4633358593928
        ],
        [
            631.7127511773053,
            670.3409580206181,
            207.1521180195848,
            442.6341604530766,
            483.736498519597,
            271.7075633838705,
            520.3354687122529,
            435.8554806354969,
            613.9096024660307,
            574.9408665245496,
            568.9006943219529,
            462.8358240240269,
            388.2022668661274,
            268.9274995235705,
            365.3833603217312,
            501.5994417859733,
            785.5730392522391,
            0,
            560.1160594019779,
            260.8926982496827,
            213.84573879317773,
            315.1634496574753,
            444.3894688221133,
            421.47360534201897,
            392.5620969986786,
            546.393631002412,
            667.695289784195,
            395.3454185898706,
            245.7356303021603,
            104.34557968596467,
            517.6031298205219,
            284.8859420891105
        ],
        [
            350.69787567078305,
            134.21251804507656,
            662.6507375684419,
            541.3658651965416,
            698.9513573919147,
            797.9279416087645,
            1055.066348624578,
            822.1143472777981,
            646.2236454974392,
            397.2014602188667,
            832.280000961215,
            1018.9116742878158,
            941.2061410764383,
            617.9449813697009,
            375.3784756748847,
            62.481997407253246,
            792.5686090175412,
            560.1160594019779,
            0,
            668.0007485025745,
            743.9489229779151,
            250.0599928017275,
            335.7379930838927,
            975.0128204285315,
            280.49420671379295,
            332.2228167961978,
            160.85086260259845,
            858.4730630602221,
            704.6048538010507,
            635.8694834633912,
            210.80085388821365,
            783.3938983678644
        ],
        [
            591.6282616643664,
            742.5483149263757,
            62.93647591023826,
            699.2009725393694,
            743.55093974791,
            192.0,
            415.9326868617084,
            181.04419349981924,
            431.52056729662377,
            506.78792408659467,
            312.385979198811,
            433.63117969075984,
            356.0252800012943,
            62.93647591023826,
            331.1857484856497,
            605.6145638935708,
            583.8236034968097,
            260.8926982496827,
            668.0007485025745,
            0,
            397.1460688462118,
            429.2143986401202,
            664.8496070541066,
            385.7525113333677,
            411.19581709934744,
            508.8978286453971,
            723.2482284803745,
            190.79046097748179,
            62.07253821135398,
            178.67568385205638,
            700.2013995987154,
            481.97614048830263
        ],
        [
            845.4211968007427,
            863.9612259818144,
            334.2603775501966,
            456.84680145536754,
            421.17098665506387,
            285.8198733468336,
            456.07126636086156,
            533.6703102103395,
            805.2359902537889,
            788.1884292477275,
            703.194141044989,
            350.46397817750113,
            300.2615526503518,
            432.2267923208833,
            578.5784302927304,
            690.0115941054904,
            970.3221114660843,
            213.84573879317773,
            743.9489229779151,
            397.1460688462118,
            0,
            512.7201965984957,
            547.3463254649656,
            325.40743691563046,
            605.0033057760924,
            760.2157588474472,
            866.5962150852034,
            445.69496295111975,
            351.4541221838208,
            226.101747007846,
            656.4000304692255,
            84.8645980371085
        ],
        [
            377.64136425979615,
            355.1858668359427,
            416.8069097315926,
            451.9347298006649,
            580.0560317762414,
            548.2490310068956,
            805.5588122539534,
            595.6257214056492,
            530.347998959174,
            360.17356926904006,
            641.2487816752559,
            769.670708809943,
            691.5583850984673,
            386.080302527855,
            208.4634260487916,
            189.02380802428036,
            701.2938043359574,
            315.1634496574753,
            250.0599928017275,
            429.2143986401202,
            512.7201965984957,
            0,
            307.001628660175,
            725.3854147968514,
            149.21461054467824,
            306.4930668057599,
            354.2555574722858,
            617.253594562235,
            459.88041923961055,
            386.00518131237567,
            286.0087411251621,
            564.2198153202348
        ],
        [
            638.6900656813131,
            467.1070541107252,
            629.2169737062089,
            209.1626161626403,
            371.1347464196798,
            716.0174578877248,
            959.5441626105595,
            845.0230766079706,
            837.3416268166775,
            647.8834771778024,
            926.3746542301338,
            882.9207212428531,
            816.6057800432227,
            640.6122071893417,
            515.3067047885172,
            321.8198253681709,
            1007.6293961571388,
            444.3894688221133,
            335.7379930838927,
            664.8496070541066,
            547.3463254649656,
            307.001628660175,
            0,
            847.8596581982185,
            449.2538258045222,
            586.4094132941592,
            496.5571467615787,
            831.4806071099915,
            672.9309028421862,
            547.4029594366475,
            143.0139853301068,
            554.2003247923985
        ],
        [
            969.6313732548056,
            1075.1860304152021,
            349.7770718614929,
            780.9743913855306,
            740.916324560338,
            196.46119209655632,
            136.2974687952788,
            402.32573867452226,
            802.6362812631884,
            889.1979532140185,
            591.6282616643664,
            48.05205510693585,
            33.83784863137726,
            447.74322998790274,
            698.5678206158655,
            914.4058180042382,
            933.8870381368403,
            421.47360534201897,
            975.0128204285315,
            385.7525113333677,
            325.40743691563046,
            725.3854147968514,
            847.8596581982185,
            0,
            762.1423751504702,
            884.5529944553916,
            1065.4036793628975,
            277.2760357477725,
            324.7183394882402,
            339.5055227827671,
            936.4000213583936,
            373.0522751572492
        ],
        [
            244.38085031360376,
            332.8483138007462,
            421.1424937001727,
            601.0823570859487,
            726.0922806365594,
            570.4121317082938,
            820.1377933006136,
            549.2950027080167,
            394.5072876386443,
            212.5088233462319,
            552.1095905705678,
            809.1390486189625,
            728.8154773329118,
            354.2612030691478,
            94.92101980067429,
            223.43902971504332,
            560.1606912306504,
            392.5620969986786,
            280.49420671379295,
            411.19581709934744,
            605.0033057760924,
            149.21461054467824,
            449.2538258045222,
            762.1423751504702,
            0,
            164.34415109762804,
            312.05448242254107,
            600.5172770204035,
            458.13207702582883,
            431.88540146663905,
            400.07999200159963,
            668.4347387741005
        ],
        [
            86.46964785403026,
            315.63428204173255,
            535.0756955796068,
            755.1748141986728,
            886.5421591780055,
            688.4889251106368,
            924.7296902338543,
            609.1994747207191,
            323.4331461059611,
            65.45991139621258,
            558.5141000905886,
            932.4489262152646,
            852.324468732419,
            446.44820528253894,
            188.24717793369442,
            296.8164415931166,
            460.6093789752874,
            546.393631002412,
            332.2228167961978,
            508.8978286453971,
            760.2157588474472,
            306.4930668057599,
            586.4094132941592,
            884.5529944553916,
            164.34415109762804,
            0,
            276.08875384557047,
            686.3381090978411,
            564.8999911488758,
            570.4892637026572,
            508.5204027371959,
            827.3149339882607
        ],
        [
            254.00787389370433,
            47.434164902525694,
            731.3227741565279,
            701.4114341811088,
            857.6456144585594,
            877.7152157733168,
            1130.3981599418853,
            855.0514604396627,
            597.5366097570926,
            331.0498451895122,
            828.7683632958004,
            1111.4261109043641,
            1031.7024764921327,
            665.8475801562997,
            397.69837817119645,
            188.5974549138986,
            719.2509993041373,
            667.695289784195,
            160.85086260259845,
            723.2482284803745,
            866.5962150852034,
            354.2555574722858,
            496.5571467615787,
            1065.4036793628975,
            312.05448242254107,
            276.08875384557047,
            0,
            912.2899758300538,
            769.4550019331865,
            728.0638708245315,
            369.0663896916109,
            914.7267351509959
        ],
        [
            765.5357601053004,
            932.680545524565,
            204.84628383253624,
            834.0149878749182,
            847.8519918004556,
            160.15305179733542,
            252.72316870441458,
            125.2836781069266,
            542.0673389902771,
            675.3850753459096,
            314.391475711413,
            318.68009037277494,
            259.393523434954,
            246.47920804806233,
            516.9419696639072,
            796.0401999899252,
            660.9183005485625,
            395.3454185898706,
            858.4730630602221,
            190.79046097748179,
            445.69496295111975,
            617.253594562235,
            831.4806071099915,
            277.2760357477725,
            600.5172770204035,
            686.3381090978411,
            912.2899758300538,
            0,
            160.4618334682737,
            291.75674799394096,
            880.7161858396836,
            524.596988172826
        ],
        [
            648.6670948953708,
            786.270309753586,
            44.384682042344295,
            688.3640025451651,
            719.461604256961,
            130.034610777285,
            362.72441329472156,
            192.92485583770693,
            492.3789191263167,
            565.6368092689868,
            351.7527540759276,
            372.6996109469394,
            294.5318318959769,
            123.04470732217621,
            383.3131878764413,
            642.1370570213185,
            641.7016440683318,
            245.7356303021603,
            704.6048538010507,
            62.07253821135398,
            351.4541221838208,
            459.88041923961055,
            672.9309028421862,
            324.7183394882402,
            458.13207702582883,
            564.8999911488758,
            769.4550019331865,
            160.4618334682737,
            0,
            148.7615541731129,
            720.2867484550857,
            436.09402655849345
        ],
        [
            656.9573806572236,
            736.2995314408397,
            117.33712115098102,
            543.235676295289,
            570.7933075991693,
            170.98830369355676,
            425.47032799009617,
            341.6577234601905,
            580.0422398412032,
            588.0008503395212,
            490.9175083453431,
            384.36050785688167,
            305.6681206799296,
            206.63494380186523,
            382.51405202946466,
            575.0217387195027,
            744.226444034341,
            104.34557968596467,
            635.8694834633912,
            178.67568385205638,
            226.101747007846,
            386.00518131237567,
            547.4029594366475,
            339.5055227827671,
            431.88540146663905,
            570.4892637026572,
            728.0638708245315,
            291.75674799394096,
            148.7615541731129,
            0,
            613.8248935975145,
            309.6837096135346
        ],
        [
            545.9029217727268,
            334.5743564590687,
            675.9178944220962,
            351.1182137115647,
            513.7100349418921,
            784.7611101475404,
            1037.6290281213223,
            874.1790434459064,
            794.0906749232105,
            573.3341085266077,
            927.2114106286657,
            975.1974159112605,
            903.7366873155034,
            664.3831725743812,
            483.29080272647445,
            216.60332407421637,
            955.6505637522536,
            517.6031298205219,
            210.80085388821365,
            700.2013995987154,
            656.4000304692255,
            286.0087411251621,
            143.0139853301068,
            936.4000213583936,
            400.07999200159963,
            508.5204027371959,
            369.0663896916109,
            880.7161858396836,
            720.2867484550857,
            613.8248935975145,
            0,
            674.997037030534
        ],
        [
            911.4214173476506,
            908.3088681720553,
            419.07517225433435,
            432.97228548718914,
            369.28715114393026,
            364.47908033246574,
            508.3551907869143,
            616.644143732834,
            887.1037143423537,
            858.8602913163468,
            787.7715404861996,
            389.2929488187527,
            353.0,
            516.2111970889434,
            649.6191191767681,
            732.90244917042,
            1053.4633358593928,
            284.8859420891105,
            783.3938983678644,
            481.97614048830263,
            84.8645980371085,
            564.2198153202348,
            554.2003247923985,
            373.0522751572492,
            668.4347387741005,
            827.3149339882607,
            914.7267351509959,
            524.596988172826,
            436.09402655849345,
            309.6837096135346,
            674.997037030534,
            0
        ]
    ]
}