{
    "depot": [
        777,
        612
    ],
    "final_destination": [
        187,
        605
    ],
    "requests": [
        [
            [
                469,
                616
            ],
            [
                425,
                793
            ]
        ],
        [
            [
                569,
                627
            ],
            [
                737,
                362
            ]
        ],
        [
            [
                507,
                517
            ],
            [
                604,
                899
            ]
        ],
        [
            [
                205,
                637
            ],
            [
                119,
                143
            ]
        ],
        [
            [
                161,
                274
            ],
            [
                844,
                102
            ]
        ],
        [
            [
                22,
                208
            ],
            [
                176,
                248
            ]
        ],
        [
            [
                602,
                274
            ],
            [
                930,
                891
            ]
        ],
        [
            [
                434,
                21
            ],
            [
                168,
                160
            ]
        ],
        [
            [
                190,
                420
            ],
            [
                697,
                939
            ]
        ],
        [
            [
                252,
                280
            ],
            [
                471,
                979
            ]
        ],
        [
            [
                937,
                730
            ],
            [
                760,
                931
            ]
        ],
        [
            [
                824,
                59
            ],
            [
                393,
                568
            ]
        ],
        [
            [
                73,
                87
            ],
            [
                886,
                955
            ]
        ],
        [
            [
                47,
                245
            ],
            [
                765,
                344
            ]
        ],
        [
            [
                94,
                283
            ],
            [
                272,
                964
            ]
        ]
    ],
    "travel_costs": [
        [
            0,
            308.0259729308553,
            208.54016399725018,
            286.2254356272342,
            572.5460680154916,
            702.6378868236469,
            856.2949258287124,
            380.6166049977326,
            683.322764145905,
            617.6026230514244,
            621.1674492437608,
            198.80643852752857,
            554.9936936578649,
            878.2032794290852,
            817.0611972184214,
            758.1094907729358,
            395.80929751586183,
            253.17977802344328,
            335.1089375113711,
            808.0377466430638,
            514.3821536562092,
            702.6357520081084,
            318.1980515339464,
            758.4095199824433,
            336.64372859151854,
            477.83365306349026,
            319.4526568992657,
            386.5126129895375,
            359.90276464623054,
            268.26852219371546,
            615.5720916350903,
            590.0415239625089
        ],
        [
            308.0259729308553,
            0,
            100.60318086422517,
            106.04244433244642,
            264.8339102154405,
            460.24775936445354,
            605.2049239720378,
            366.95095040073136,
            596.0285228074241,
            340.9648075681712,
            399.98124956052624,
            481.68454407423127,
            660.510408699212,
            660.8002723970383,
            561.8941181397079,
            501.51171471860954,
            182.3869512876401,
            369.24246776339254,
            313.55063386955544,
            588.4122704362987,
            636.255451843047,
            470.3966411444707,
            536.7923248333568,
            546.3853951195987,
            395.36438888701144,
            363.00550960006103,
            428.8426284780934,
            89.88882021697692,
            537.4104576578316,
            401.9950248448356,
            399.8912352127763,
            282.21445746098834
        ],
        [
            208.54016399725018,
            100.60318086422517,
            0,
            126.26955294131677,
            364.13733672887764,
            539.5118163673526,
            689.0355578633079,
            354.53913747286066,
            620.8550555483945,
            431.84487955746334,
            469.99787233560966,
            382.1426435246399,
            622.6146480769627,
            733.2230220062652,
            646.8446490464306,
            586.4818837781778,
            219.75440837443966,
            313.765836253726,
            274.24259333662957,
            660.8751773217087,
            592.6634795564848,
            545.9761899570346,
            447.23260167389407,
            615.5404129705863,
            337.2358225337279,
            365.3874655759281,
            359.02228343098704,
            185.62596801094398,
            456.1501945631505,
            344.2455518957362,
            449.1970614329528,
            382.632983418837
        ],
        [
            286.2254356272342,
            106.04244433244642,
            126.26955294131677,
            0,
            324.96769070170654,
            422.8061021319347,
            575.0704304691731,
            260.9099461500079,
            501.34319582497574,
            331.5086725864046,
            348.1292863290878,
            479.86352226440385,
            557.0035906526995,
            610.9468061951056,
            534.4005988020597,
            474.6841054849004,
            287.92360097775935,
            277.35356496717327,
            394.12307722334657,
            538.9062998332827,
            534.5970445110971,
            426.5231529471759,
            564.628196249532,
            492.3108773935429,
            462.80017286081477,
            463.4004747515911,
            485.1855315237667,
            124.88794977899188,
            579.2106697912254,
            310.6332242372023,
            505.00891081247266,
            331.8794962030646
        ],
        [
            572.5460680154916,
            264.8339102154405,
            364.13733672887764,
            324.96769070170654,
            0,
            365.65694304908254,
            466.40111492148037,
            537.9386582129973,
            657.188709580437,
            217.5178153623284,
            360.08054654479736,
            737.8841372464921,
            846.9031821879051,
            565.6182458160274,
            422.644058280724,
            370.99460912525404,
            269.69612529660117,
            598.8731084294901,
            477.3311219688069,
            501.4299552280458,
            833.3942644391069,
            390.07947908086635,
            768.2063524861012,
            478.43285840335,
            577.2936860905374,
            433.26666153767246,
            628.0613027404252,
            200.26232796010336,
            751.5883181636074,
            632.019778171538,
            333.7933492447086,
            36.71511950137164
        ],
        [
            702.6378868236469,
            460.24775936445354,
            539.5118163673526,
            422.8061021319347,
            365.65694304908254,
            0,
            153.87332452377834,
            441.0,
            372.2069316925734,
            148.85227576359054,
            91.19758768739445,
            900.0622200714793,
            696.9892395152167,
            206.6712365086153,
            117.63077828527703,
            67.60177512462229,
            582.2860121967555,
            582.6834475081646,
            766.0770196266169,
            137.56816492197603,
            704.3244990769524,
            30.016662039607265,
            985.925960709018,
            114.21471008587291,
            854.1200149861844,
            770.1460900374682,
            889.0725504704327,
            374.51301713024606,
            994.6788426421867,
            608.0427616541455,
            698.8712327746794,
            332.0195777360124
        ],
        [
            856.2949258287124,
            605.2049239720378,
            689.0355578633079,
            575.0704304691731,
            466.40111492148037,
            153.87332452377834,
            0,
            583.7430941775672,
            452.4522074208502,
            270.4958410031474,
            241.00622398602073,
            1053.4272637443935,
            815.7236051506662,
            131.30879635424276,
            44.65422712353221,
            103.96634070698074,
            710.375956800341,
            731.3966092346888,
            903.4406455324003,
            116.76472069936193,
            828.8063706318866,
            159.11002482559041,
            1136.2011265616666,
            153.68799562750502,
            994.9804018170407,
            892.2118582489252,
            1033.137454552878,
            516.9535762522589,
            1142.1492897165413,
            755.3442923594512,
            796.2637753910446,
            429.9232489642774
        ],
        [
            380.6166049977326,
            366.95095040073136,
            354.53913747286066,
            260.9099461500079,
            537.9386582129973,
            441.0,
            583.7430941775672,
            0,
            303.6988640084121,
            437.10410659246844,
            350.051424793558,
            565.8277122941223,
            309.0453041222274,
            561.0793170310237,
            555.7571412046813,
            508.0797181545431,
            548.3520766806669,
            161.14899937635357,
            625.0031999918081,
            500.4497976820453,
            296.8972886369965,
            426.7926897218367,
            698.7653397242883,
            448.7226314773973,
            671.7514421272202,
            717.0676397662916,
            675.7314555354072,
            360.7173408640067,
            737.8461899339184,
            177.39503938949363,
            764.8529270389178,
            530.8351909962262
        ],
        [
            683.322764145905,
            596.0285228074241,
            620.8550555483945,
            501.34319582497574,
            657.188709580437,
            372.2069316925734,
            452.4522074208502,
            303.6988640084121,
            0,
            467.69327555567867,
            316.55173352866035,
            869.3043195567362,
            391.84690888151715,
            366.9836508619968,
            447.15209940242926,
            429.23653153011105,
            772.0524593575232,
            456.1688283958035,
            894.3064351775625,
            337.80023682644156,
            417.9246343540902,
            343.64662081853794,
            1001.4569386648634,
            300.1283058959951,
            954.9308875515547,
            958.7142431402591,
            966.631263719522,
            548.534410953406,
            1037.6222819504214,
            462.4824320987771,
            956.8139840115214,
            634.0859563182266
        ],
        [
            617.6026230514244,
            340.9648075681712,
            431.84487955746334,
            331.5086725864046,
            217.5178153623284,
            148.85227576359054,
            270.4958410031474,
            437.10410659246844,
            467.69327555567867,
            0,
            153.11433636338566,
            808.7700538471983,
            729.5731628836138,
            352.9560879202964,
            225.99557517792246,
            167.2871782295344,
            440.8559855553738,
            550.0663596330901,
            633.1168928404927,
            285.9545418418809,
            727.213861254033,
            172.5688268488837,
            877.1778610977366,
            260.9291091465266,
            725.5411773290335,
            625.6532586025586,
            765.5200846483389,
            251.22300850041583,
            877.8616064050187,
            580.0008620683249,
            550.1454353168805,
            185.02432272541898
        ],
        [
            621.1674492437608,
            399.98124956052624,
            469.99787233560966,
            348.1292863290878,
            360.08054654479736,
            91.19758768739445,
            241.00622398602073,
            350.051424793558,
            316.55173352866035,
            153.11433636338566,
            0,
            819.5883112880515,
            613.2087735836792,
            263.2299375071156,
            207.9663434308542,
            158.02847844613322,
            541.3852602352598,
            491.883116197334,
            712.0849668403343,
            190.93978108293723,
            618.1812032082503,
            82.4621125123532,
            912.6910758849349,
            146.47866738880444,
            795.1767099205057,
            732.5039249041605,
            825.7511731750673,
            320.66337489647924,
            926.0566937288451,
            516.9767886472273,
            684.2923351901584,
            331.43626838353106
        ],
        [
            198.80643852752857,
            481.68454407423127,
            382.1426435246399,
            479.86352226440385,
            737.8841372464921,
            900.0622200714793,
            1053.4272637443935,
            565.8277122941223,
            869.3043195567362,
            808.7700538471983,
            819.5883112880515,
            0,
            680.4483815837907,
            1077.0074280152387,
            1013.5704218257357,
            954.1792284471508,
            515.8614154983875,
            418.8364836066696,
            373.4300469967568,
            1006.8232218219839,
            634.8488008967174,
            900.8024200677971,
            161.15210206509872,
            957.2152318052613,
            318.2467596064413,
            528.3531016280684,
            267.8245694479877,
            567.609020365251,
            230.70760715676454,
            422.5872690936157,
            704.9687936355764,
            760.3453162872773
        ],
        [
            554.9936936578649,
            660.510408699212,
            622.6146480769627,
            557.0035906526995,
            846.9031821879051,
            696.9892395152167,
            815.7236051506662,
            309.0453041222274,
            391.84690888151715,
            729.5731628836138,
            613.2087735836792,
            680.4483815837907,
            0,
            751.5217894379377,
            798.9524391351465,
            763.594133031416,
            835.4382083673214,
            315.2427635965654,
            868.3317338436964,
            709.9866195922286,
            47.4236228055175,
            675.0,
            838.7252231809891,
            663.7296136228967,
            889.116977680665,
            985.3978891797972,
            874.3454694798846,
            666.9647666856173,
            898.1425276647356,
            291.04295215655026,
            1060.0608473101909,
            838.9785456136527
        ],
        [
            878.2032794290852,
            660.8002723970383,
            733.2230220062652,
            610.9468061951056,
            565.6182458160274,
            206.6712365086153,
            131.30879635424276,
            561.0793170310237,
            366.9836508619968,
            352.9560879202964,
            263.2299375071156,
            1077.0074280152387,
            751.5217894379377,
            0,
            160.12495120998474,
            197.12178976460214,
            788.8852895066558,
            718.6939543366146,
            970.2087404265126,
            72.47068372797375,
            771.1459005920995,
            191.12822920751398,
            1175.1021232216372,
            119.80818002123227,
            1056.0681796172064,
            976.7640452023201,
            1088.2577819616088,
            577.7205206672168,
            1189.2825568383655,
            738.1822268247861,
            899.2941676670655,
            530.3960784168752
        ],
        [
            817.0611972184214,
            561.8941181397079,
            646.8446490464306,
            534.4005988020597,
            422.644058280724,
            117.63077828527703,
            44.65422712353221,
            555.7571412046813,
            447.15209940242926,
            225.99557517792246,
            207.9663434308542,
            1013.5704218257357,
            798.9524391351465,
            160.12495120998474,
            0,
            60.4400529450463,
            665.7236663962008,
            699.8492694859373,
            859.0488926714241,
            124.85191228010888,
            809.7271145268634,
            129.03487900563943,
            1094.0772367616466,
            147.87156589419078,
            950.8606627682102,
            847.6626687544994,
            989.4266016233847,
            473.3339201874296,
            1099.100086434352,
            724.7930739183425,
            753.3830367084197,
            386.26415831655936
        ],
        [
            758.1094907729358,
            501.51171471860954,
            586.4818837781778,
            474.6841054849004,
            370.99460912525404,
            67.60177512462229,
            103.96634070698074,
            508.0797181545431,
            429.23653153011105,
            167.2871782295344,
            158.02847844613322,
            954.1792284471508,
            763.594133031416,
            197.12178976460214,
            60.4400529450463,
            0,
            607.9975328897314,
            647.8348554994552,
            799.7224518543919,
            142.21462653327893,
            771.5315936499295,
            89.15716460273958,
            1033.7117586638938,
            143.54441821262157,
            891.0359139787801,
            791.5459557094584,
            929.2254839381021,
            413.06900149974945,
            1038.6760804023552,
            673.767022048423,
            703.878540658827,
            335.1611552671342
        ],
        [
            395.80929751586183,
            182.3869512876401,
            219.75440837443966,
            287.92360097775935,
            269.69612529660117,
            582.2860121967555,
            710.375956800341,
            548.3520766806669,
            772.0524593575232,
            440.8559855553738,
            541.3852602352598,
            515.8614154983875,
            835.4382083673214,
            788.8852895066558,
            665.7236663962008,
            607.9975328897314,
            0,
            532.0761223734814,
            208.03124765284664,
            718.4260574338879,
            808.1101410080189,
            599.1877835870822,
            514.4210337845839,
            683.1822597228356,
            308.7069808086626,
            191.60375779195982,
            362.31064019705525,
            227.26416347501868,
            488.635856236523,
            563.2060013884795,
            229.45587811167533,
            303.295235702772
        ],
        [
            253.17977802344328,
            369.24246776339254,
            313.765836253726,
            277.35356496717327,
            598.8731084294901,
            582.6834475081646,
            731.3966092346888,
            161.14899937635357,
            456.1688283958035,
            550.0663596330901,
            491.883116197334,
            418.8364836066696,
            315.2427635965654,
            718.6939543366146,
            699.8492694859373,
            647.8348554994552,
            532.0761223734814,
            0,
            553.2250898142636,
            655.6561598887026,
            281.1565400270817,
            572.4657194976832,
            563.1074497820109,
            603.7921827913972,
            578.3848199944395,
            671.8965694212169,
            569.4646608877498,
            400.9638387685353,
            611.4327436439759,
            33.28663395418648,
            760.6766724436868,
            601.2894477703728
        ],
        [
            335.1089375113711,
            313.55063386955544,
            274.24259333662957,
            394.12307722334657,
            477.3311219688069,
            766.0770196266169,
            903.4406455324003,
            625.0031999918081,
            894.3064351775625,
            633.1168928404927,
            712.0849668403343,
            373.4300469967568,
            868.3317338436964,
            970.2087404265126,
            859.0488926714241,
            799.7224518543919,
            208.03124765284664,
            553.2250898142636,
            0,
            898.1987530608134,
            832.3514882548117,
            779.0924207050149,
            326.09814473559953,
            858.0308852250016,
            101.23734488813898,
            155.2063143045411,
            159.24823389915508,
            392.53280117717554,
            287.50652166516153,
            577.8806105070493,
            338.30311851947215,
            510.2205405508484
        ],
        [
            808.0377466430638,
            588.4122704362987,
            660.8751773217087,
            538.9062998332827,
            501.4299552280458,
            137.56816492197603,
            116.76472069936193,
            500.4497976820453,
            337.80023682644156,
            285.9545418418809,
            190.93978108293723,
            1006.8232218219839,
            709.9866195922286,
            72.47068372797375,
            124.85191228010888,
            142.21462653327893,
            718.4260574338879,
            655.6561598887026,
            898.1987530608134,
            0,
            726.1583849271452,
            119.47384651043926,
            1103.2792031031854,
            51.86520991955977,
            983.7174391053561,
            907.0832376358852,
            1015.7878715558677,
            505.66886398116304,
            1116.9749325745856,
            676.5478549223255,
            835.1347196710241,
            466.97751551868106
        ],
        [
            514.3821536562092,
            636.255451843047,
            592.6634795564848,
            534.5970445110971,
            833.3942644391069,
            704.3244990769524,
            828.8063706318866,
            296.8972886369965,
            417.9246343540902,
            727.213861254033,
            618.1812032082503,
            634.8488008967174,
            47.4236228055175,
            771.1459005920995,
            809.7271145268634,
            771.5315936499295,
            808.1101410080189,
            281.1565400270817,
            832.3514882548117,
            726.1583849271452,
            0,
            683.7689668301714,
            793.6731065117427,
            678.4836033390932,
            849.8105671265803,
            953.0257079428656,
            833.2448619703573,
            648.5036622872689,
            854.0333717133071,
            254.568261965234,
            1034.5182453683453,
            827.4406323114669
        ],
        [
            702.6357520081084,
            470.3966411444707,
            545.9761899570346,
            426.5231529471759,
            390.07947908086635,
            30.016662039607265,
            159.11002482559041,
            426.7926897218367,
            343.64662081853794,
            172.5688268488837,
            82.4621125123532,
            900.8024200677971,
            675.0,
            191.12822920751398,
            129.03487900563943,
            89.15716460273958,
            599.1877835870822,
            572.4657194976832,
            779.0924207050149,
            119.47384651043926,
            683.7689668301714,
            0,
            990.941471530988,
            88.36288813749809,
            865.4027963902128,
            788.280406961888,
            898.6350761015285,
            386.6380736554536,
            1001.9725545143441,
            596.7721508247515,
            722.4070874513898,
            357.169427583045
        ],
        [
            318.1980515339464,
            536.7923248333568,
            447.23260167389407,
            564.628196249532,
            768.2063524861012,
            985.925960709018,
            1136.2011265616666,
            698.7653397242883,
            1001.4569386648634,
            877.1778610977366,
            912.6910758849349,
            161.15210206509872,
            838.7252231809891,
            1175.1021232216372,
            1094.0772367616466,
            1033.7117586638938,
            514.4210337845839,
            563.1074497820109,
            326.09814473559953,
            1103.2792031031854,
            793.6731065117427,
            990.941471530988,
            0,
            1055.9379716631086,
            237.89283301520456,
            467.3596045873027,
            174.6424919657298,
            626.6562055864442,
            77.6659513557904,
            571.3440294603594,
            662.0370080290074,
            796.143831226494
        ],
        [
            758.4095199824433,
            546.3853951195987,
            615.5404129705863,
            492.3108773935429,
            478.43285840335,
            114.21471008587291,
            153.68799562750502,
            448.7226314773973,
            300.1283058959951,
            260.9291091465266,
            146.47866738880444,
            957.2152318052613,
            663.7296136228967,
            119.80818002123227,
            147.87156589419078,
            143.54441821262157,
            683.1822597228356,
            603.7921827913972,
            858.0308852250016,
            51.86520991955977,
            678.4836033390932,
            88.36288813749809,
            1055.9379716631086,
            0,
            941.6379346649114,
            873.2525407921811,
            972.0622408055978,
            465.9281060421232,
            1071.237135278646,
            624.7119336142059,
            810.6984642886651,
            445.4054332852261
        ],
        [
            336.64372859151854,
            395.36438888701144,
            337.2358225337279,
            462.80017286081477,
            577.2936860905374,
            854.1200149861844,
            994.9804018170407,
            671.7514421272202,
            954.9308875515547,
            725.5411773290335,
            795.1767099205057,
            318.2467596064413,
            889.116977680665,
            1056.0681796172064,
            950.8606627682102,
            891.0359139787801,
            308.7069808086626,
            578.3848199944395,
            101.23734488813898,
            983.7174391053561,
            849.8105671265803,
            865.4027963902128,
            237.89283301520456,
            941.6379346649114,
            0,
            229.51252689123527,
            63.505905237229705,
            479.64257525786843,
            189.67603960437384,
            598.8731084294902,
            425.73465914816006,
            609.6359569447983
        ],
        [
            477.83365306349026,
            363.00550960006103,
            365.3874655759281,
            463.4004747515911,
            433.26666153767246,
            770.1460900374682,
            892.2118582489252,
            717.0676397662916,
            958.7142431402591,
            625.6532586025586,
            732.5039249041605,
            528.3531016280684,
            985.3978891797972,
            976.7640452023201,
            847.6626687544994,
            791.5459557094584,
            191.60375779195982,
            671.8965694212169,
            155.2063143045411,
            907.0832376358852,
            953.0257079428656,
            788.280406961888,
            467.3596045873027,
            873.2525407921811,
            229.51252689123527,
            0,
            292.95904150580503,
            418.33598936739827,
            415.69339662785126,
            699.7578152475327,
            199.56452590578317,
            469.6083474556218
        ],
        [
            319.4526568992657,
            428.8426284780934,
            359.02228343098704,
            485.1855315237667,
            628.0613027404252,
            889.0725504704327,
            1033.137454552878,
            675.7314555354072,
            966.631263719522,
            765.5200846483389,
            825.7511731750673,
            267.8245694479877,
            874.3454694798846,
            1088.2577819616088,
            989.4266016233847,
            929.2254839381021,
            362.31064019705525,
            569.4646608877498,
            159.24823389915508,
            1015.7878715558677,
            833.2448619703573,
            898.6350761015285,
            174.6424919657298,
            972.0622408055978,
            63.505905237229705,
            292.95904150580503,
            0,
            516.1956993234252,
            128.2653499585917,
            587.0212943326673,
            489.1145060208294,
            659.2457811772481
        ],
        [
            386.5126129895375,
            89.88882021697692,
            185.62596801094398,
            124.88794977899188,
            200.26232796010336,
            374.51301713024606,
            516.9535762522589,
            360.7173408640067,
            548.534410953406,
            251.22300850041583,
            320.66337489647924,
            567.609020365251,
            666.9647666856173,
            577.7205206672168,
            473.3339201874296,
            413.06900149974945,
            227.26416347501868,
            400.9638387685353,
            392.53280117717554,
            505.66886398116304,
            648.5036622872689,
            386.6380736554536,
            626.6562055864442,
            465.9281060421232,
            479.64257525786843,
            418.33598936739827,
            516.1956993234252,
            0,
            626.7519445522287,
            434.23495944016304,
            414.0736649438116,
            209.2964404857378
        ],
        [
            359.90276464623054,
            537.4104576578316,
            456.1501945631505,
            579.2106697912254,
            751.5883181636074,
            994.6788426421867,
            1142.1492897165413,
            737.8461899339184,
            1037.6222819504214,
            877.8616064050187,
            926.0566937288451,
            230.70760715676454,
            898.1425276647356,
            1189.2825568383655,
            1099.100086434352,
            1038.6760804023552,
            488.635856236523,
            611.4327436439759,
            287.50652166516153,
            1116.9749325745856,
            854.0333717133071,
            1001.9725545143441,
            77.6659513557904,
            1071.237135278646,
            189.67603960437384,
            415.69339662785126,
            128.2653499585917,
            626.7519445522287,
            0,
            622.8659566873116,
            614.0659573694018,
            781.729492855425
        ],
        [
            268.26852219371546,
            401.9950248448356,
            344.2455518957362,
            310.6332242372023,
            632.019778171538,
            608.0427616541455,
            755.3442923594512,
            177.39503938949363,
            462.4824320987771,
            580.0008620683249,
            516.9767886472273,
            422.5872690936157,
            291.04295215655026,
            738.1822268247861,
            724.7930739183425,
            673.767022048423,
            563.2060013884795,
            33.28663395418648,
            577.8806105070493,
            676.5478549223255,
            254.568261965234,
            596.7721508247515,
            571.3440294603594,
            624.7119336142059,
            598.8731084294902,
            699.7578152475327,
            587.0212943326673,
            434.23495944016304,
            622.8659566873116,
            0,
            792.11678431908,
            634.1963418374471
        ],
        [
            615.5720916350903,
            399.8912352127763,
            449.1970614329528,
            505.00891081247266,
            333.7933492447086,
            698.8712327746794,
            796.2637753910446,
            764.8529270389178,
            956.8139840115214,
            550.1454353168805,
            684.2923351901584,
            704.9687936355764,
            1060.0608473101909,
            899.2941676670655,
            753.3830367084197,
            703.878540658827,
            229.45587811167533,
            760.6766724436868,
            338.30311851947215,
            835.1347196710241,
            1034.5182453683453,
            722.4070874513898,
            662.0370080290074,
            810.6984642886651,
            425.73465914816006,
            199.56452590578317,
            489.1145060208294,
            414.0736649438116,
            614.0659573694018,
            792.11678431908,
            0,
            368.9254667273595
        ],
        [
            590.0415239625089,
            282.21445746098834,
            382.632983418837,
            331.8794962030646,
            36.71511950137164,
            332.0195777360124,
            429.9232489642774,
            530.8351909962262,
            634.0859563182266,
            185.02432272541898,
            331.43626838353106,
            760.3453162872773,
            838.9785456136527,
            530.3960784168752,
            386.26415831655936,
            335.1611552671342,
            303.295235702772,
            601.2894477703728,
            510.2205405508484,
            466.97751551868106,
            827.4406323114669,
            357.169427583045,
            796.143831226494,
            445.4054332852261,
            609.6359569447983,
            469.6083474556218,
            659.2457811772481,
            209.2964404857378,
            781.729492855425,
            634.1963418374471,
            368.9254667273595,
            0
        ]
    ]
}