{
    "depot": [
        782,
        69
    ],
    "final_destination": [
        92,
        39
    ],
    "requests": [
        [
            [
                168,
                594
            ],
            [
                366,
                526
            ]
        ],
        [
            [
                849,
                137
            ],
            [
                11,
                522
            ]
        ],
        [
            [
                18,
                621
            ],
            [
                139,
                952
            ]
        ],
        [
            [
                363,
                201
            ],
            [
                766,
                29
            ]
        ],
        [
            [
                64,
                726
            ],
            [
                374,
                641
            ]
        ],
        [
            [
                978,
                52
            ],
            [
                81,
                853
            ]
        ],
        [
            [
                913,
                14
            ],
            [
                499,
                878
            ]
        ],
        [
            [
                525,
                655
            ],
            [
                848,
                250
            ]
        ],
        [
            [
                959,
                784
            ],
            [
                295,
                913
            ]
        ],
        [
            [
                853,
                734
            ],
            [
                809,
                47
            ]
        ],
        [
            [
                284,
                912
            ],
            [
                789,
                579
            ]
        ],
        [
            [
                704,
                526
            ],
            [
                402,
                441
            ]
        ],
        [
            [
                108,
                697
            ],
            [
                738,
                82
            ]
        ],
        [
            [
                936,
                283
            ],
            [
                510,
                582
            ]
        ],
        [
            [
                610,
                268
            ],
            [
                343,
                72
            ]
        ]
    ],
    "travel_costs": [
        [
            0,
            807.8496147179869,
            95.46203433826456,
            942.5497334358544,
            439.30058046854435,
            973.2281335843103,
            196.73586353280885,
            142.0774436706967,
            639.8788947918192,
            736.582649809239,
            668.7794853313011,
            979.1082677620487,
            463.6086711872417,
            921.227442057606,
            263.6512848442048,
            263.0304164920855,
            617.9846276405264,
            894.2315136473328,
            1092.3085644633572,
            43.08131845707604,
            702.6008824361096,
            1051.692445537192,
            857.0705921917985,
            192.6577275896298,
            974.4254717524578,
            34.828149534536,
            510.0480369533834,
            531.7743882512583,
            45.880278987817846,
            580.6487750783601,
            439.01025044980446,
            690.6518659932802
        ],
        [
            807.8496147179869,
            0,
            820.1280387841888,
            152.41062955056645,
            438.71858861917394,
            168.04761230080004,
            974.6096654558685,
            944.1530596253978,
            362.17399133565624,
            813.4992317144497,
            699.1602105383287,
            338.49667649771686,
            540.296215052447,
            119.20151005754917,
            828.5801107919499,
            549.2176253544673,
            209.35137926462295,
            172.72232050317066,
            359.1726604294932,
            822.6961772124629,
            211.29363454680788,
            273.22152184628504,
            436.13873939378516,
            762.060365063031,
            343.35113222472415,
            842.6683807999444,
            621.1811330038929,
            279.5800422061632,
            766.1879664938624,
            342.21046155838076,
            550.55335799539,
            560.1794355382925
        ],
        [
            95.46203433826456,
            820.1280387841888,
            0,
            961.6740612078503,
            490.1958792156458,
            981.4000203790501,
            154.48624534242524,
            138.6542462386205,
            610.9828148156051,
            656.284237202144,
            597.013400184619,
            959.0881085698019,
            415.1457575358322,
            928.8062230627012,
            169.95587662684687,
            272.5472436110848,
            620.1693317151373,
            922.2087616152862,
            1080.8908363012426,
            136.20939761998804,
            692.5611886324558,
            1049.990476147284,
            819.5004575959674,
            113.0044246921332,
            953.4631613229743,
            98.48857801796105,
            446.05380841328997,
            540.5783939448561,
            123.87897319561542,
            559.4157666709082,
            510.15781871887447,
            763.3171031753449
        ],
        [
            942.5497334358544,
            152.41062955056645,
            961.6740612078503,
            0,
            543.530127959803,
            114.63420083029322,
            1115.9574364643122,
            1081.4222117193635,
            508.1387605762819,
            955.0130889155395,
            842.6114169651395,
            394.25499362722087,
            692.5467493245492,
            117.79643458101778,
            978.2474124678276,
            689.2553953361555,
            360.733974003004,
            99.24716620639605,
            352.423041244468,
            953.9224287121044,
            356.5613551690649,
            240.40174708183798,
            545.3530966263967,
            909.1430030528751,
            402.4835400361113,
            977.3213391715132,
            772.1431214483491,
            424.094329129735,
            899.4003557926803,
            493.5433111693441,
            637.9858932609717,
            586.6856057549052
        ],
        [
            439.30058046854435,
            438.71858861917394,
            490.1958792156458,
            543.530127959803,
            0,
            604.173816049653,
            632.792224983841,
            580.9208207664792,
            482.03734295176764,
            833.7295724633977,
            724.0089778448882,
            715.3754259128559,
            471.0689970694314,
            557.7104983770702,
            578.83762835531,
            255.92577048824134,
            325.01384585891105,
            476.38744735771536,
            783.6944557670419,
            438.1700583106974,
            440.1374785223363,
            710.3717336718854,
            690.5251624669445,
            487.4689733716393,
            715.2398199205635,
            471.8389555770062,
            569.5261188040457,
            243.1481030154256,
            393.4285195559671,
            408.37482782365515,
            130.54118124178285,
            315.7293144451431
        ],
        [
            973.2281335843103,
            168.04761230080004,
            981.4000203790501,
            114.63420083029322,
            604.173816049653,
            0,
            1135.6372660317202,
            1108.0365517436687,
            466.4354188952635,
            896.8773606240711,
            789.0405566255768,
            288.0902636327719,
            670.5221845696085,
            52.69724850502159,
            978.076172902704,
            712.6570002462615,
            362.22092705971585,
            210.77238908357992,
            238.11971778918266,
            989.2487048260411,
            321.4420632089086,
            128.13274366843163,
            460.7917099948739,
            917.1870038329151,
            297.2036338943385,
            1008.0009920630039,
            739.752661367298,
            442.11876232523764,
            932.2081312668325,
            468.67045991826706,
            711.025316004993,
            687.5703600359749
        ],
        [
            196.73586353280885,
            974.6096654558685,
            154.48624534242524,
            1115.9574364643122,
            632.792224983841,
            1135.6372660317202,
            0,
            75.29276193632427,
            754.2002386634467,
            732.246543180642,
            693.3606565129002,
            1105.0954709888192,
            547.4961187077038,
            1083.016620371082,
            234.78713763747788,
            426.7083312990268,
            774.0930176664817,
            1075.1692889959236,
            1230.4149706501462,
            213.243991709028,
            843.6450675491442,
            1202.584716350578,
            954.8387298387096,
            236.86282950264695,
            1099.0040946238553,
            169.07394831847984,
            559.8660554096846,
            695.0517966310136,
            241.86773244895647,
            707.0530390288977,
            635.3148825582475,
            886.0953673279191
        ],
        [
            142.0774436706967,
            944.1530596253978,
            138.6542462386205,
            1081.4222117193635,
            580.9208207664792,
            1108.0365517436687,
            75.29276193632427,
            0,
            749.2829905983454,
            771.3728022169306,
            722.4956747275377,
            1096.378128202127,
            553.0144663568938,
            1055.705451345213,
            269.9814808463721,
            395.3795644693843,
            749.2349431253191,
            1035.2139875407404,
            1216.108547786751,
            147.763324272297,
            826.8313008105099,
            1181.5857988313842,
            958.066803516331,
            244.787663087828,
            1090.9285036151546,
            109.11003620199199,
            578.4470589431672,
            665.9204156654156,
            187.7471704180918,
            696.4431060754353,
            572.9432781698376,
            821.3805451798819
        ],
        [
            639.8788947918192,
            362.17399133565624,
            610.9828148156051,
            508.1387605762819,
            482.03734295176764,
            466.4354188952635,
            754.2002386634467,
            749.2829905983454,
            0,
            452.76594394896796,
            337.3796081567468,
            352.3208764748407,
            220.6399782451041,
            419.10977082382607,
            554.350971858082,
            396.22468373386334,
            204.74862636901867,
            530.9284320885444,
            487.0369595831511,
            670.7883421765765,
            151.647617851386,
            486.1481255749116,
            224.51057881534226,
            518.0289567196028,
            345.6356463098099,
            671.0588647801324,
            274.7216773390844,
            246.82990094394967,
            611.3084327898644,
            74.52516353554684,
            610.7479021658609,
            752.9575021208037
        ],
        [
            736.582649809239,
            813.4992317144497,
            656.284237202144,
            955.0130889155395,
            833.7295724633977,
            896.8773606240711,
            732.246543180642,
            771.3728022169306,
            452.76594394896796,
            0,
            117.20068259186888,
            687.0291114647181,
            362.7519813867321,
            855.4355615708292,
            501.5276662358717,
            622.9422124081815,
            646.6938997702082,
            983.5385096680252,
            837.032854791256,
            779.2778708522397,
            602.2242107388245,
            880.7071022763471,
            469.50612349574305,
            545.4145212588312,
            676.4148135574796,
            752.1096994454997,
            266.3174797117155,
            654.1391289320644,
            735.9653524453444,
            492.3464227553603,
            941.4881836751856,
            1143.1159171317668
        ],
        [
            668.7794853313011,
            699.1602105383287,
            597.013400184619,
            842.6114169651395,
            724.0089778448882,
            789.0405566255768,
            693.3606565129002,
            722.4956747275377,
            337.3796081567468,
            117.20068259186888,
            0,
            596.1920831409958,
            255.86129054626454,
            745.9182260811167,
            458.5738762729512,
            525.552090662762,
            529.5592506981632,
            868.2787570820791,
            746.5386795069629,
            710.34780213639,
            487.94466899434406,
            781.1177888129293,
            382.16750254306027,
            484.0258257572627,
            586.0076791305725,
            688.4075827589351,
            167.69317219254933,
            537.8196723809943,
            662.0641962831097,
            375.1706278481832,
            835.6697912453219,
            1030.6046768766382
        ],
        [
            979.1082677620487,
            338.49667649771686,
            959.0881085698019,
            394.25499362722087,
            715.3754259128559,
            288.0902636327719,
            1105.0954709888192,
            1096.378128202127,
            352.3208764748407,
            687.0291114647181,
            596.1920831409958,
            0,
            570.4349217921357,
            277.8506793225455,
            905.9497778574704,
            721.8116097708598,
            394.6137351892354,
            476.0556690136144,
            150.41608956491325,
            1005.9885685235195,
            285.55384781158176,
            211.40009460735823,
            217.67177125203904,
            869.6781013685465,
            11.045361017187261,
            1011.8547326568176,
            604.9082575068719,
            485.55638189606776,
            946.0528526461933,
            399.96999887491563,
            842.0694745684588,
            893.8640836279307
        ],
        [
            463.6086711872417,
            540.296215052447,
            415.1457575358322,
            692.5467493245492,
            471.0689970694314,
            670.5221845696085,
            547.4961187077038,
            553.0144663568938,
            220.6399782451041,
            362.7519813867321,
            255.86129054626454,
            570.4349217921357,
            0,
            620.0459660380027,
            335.96577206614364,
            274.5906043549196,
            338.0,
            693.0115439153954,
            707.6022894253523,
            500.8522736296602,
            349.4638751001311,
            703.6035815713276,
            407.3438351073943,
            311.30692250574833,
            563.0719314616916,
            490.3733271702285,
            100.16985574512923,
            313.73396373360663,
            445.2998989445203,
            201.92077654367318,
            580.031895674712,
            782.1208346540834
        ],
        [
            921.227442057606,
            119.20151005754917,
            928.8062230627012,
            117.79643458101778,
            557.7104983770702,
            52.69724850502159,
            1083.016620371082,
            1055.705451345213,
            419.10977082382607,
            855.4355615708292,
            745.9182260811167,
            277.8506793225455,
            620.0459660380027,
            0,
            925.732142684913,
            660.3370351570476,
            309.5238278388273,
            200.0849819451725,
            256.87740266516244,
            937.6502546258919,
            271.8308297452664,
            158.31929762350512,
            430.86192683967795,
            864.5281950289417,
            285.70089254323307,
            955.9816943854102,
            691.1475963931293,
            389.8358628961681,
            880.4118354497514,
            418.1255792223193,
            667.720001198107,
            658.1945001289512
        ],
        [
            263.6512848442048,
            828.5801107919499,
            169.95587662684687,
            978.2474124678276,
            578.83762835531,
            978.076172902704,
            234.78713763747788,
            269.9814808463721,
            554.350971858082,
            501.5276662358717,
            458.5738762729512,
            905.9497778574704,
            335.96577206614364,
            925.732142684913,
            0,
            326.3449095665504,
            619.636183578719,
            955.3774123350416,
            1040.5623479638307,
            305.64031147739655,
            666.3392529335189,
            1027.582113507237,
            738.2370892877166,
            93.98404119849283,
            898.766376763172,
            268.00186566514793,
            330.4920573932148,
            556.8841890375413,
            282.1435804692356,
            520.4584517519146,
            629.4203682754475,
            878.5624622074404
        ],
        [
            263.0304164920855,
            549.2176253544673,
            272.5472436110848,
            689.2553953361555,
            255.92577048824134,
            712.6570002462615,
            426.7083312990268,
            395.3795644693843,
            396.22468373386334,
            622.9422124081815,
            525.552090662762,
            721.8116097708598,
            274.5906043549196,
            660.3370351570476,
            326.3449095665504,
            0,
            355.1056180912941,
            650.6281580134694,
            830.4799816973315,
            285.40672732085346,
            441.3898503590675,
            788.7116076234709,
            620.0169352525784,
            238.6797016924565,
            717.8091668403239,
            297.3919972023457,
            358.83422356291493,
            270.542048487846,
            225.78751072634643,
            329.5390720385065,
            331.2174512310606,
            566.3611921733338
        ],
        [
            617.9846276405264,
            209.35137926462295,
            620.1693317151373,
            360.733974003004,
            325.01384585891105,
            362.22092705971585,
            774.0930176664817,
            749.2349431253191,
            204.74862636901867,
            646.6938997702082,
            529.5592506981632,
            394.6137351892354,
            338.0,
            309.5238278388273,
            619.636183578719,
            355.1056180912941,
            0,
            355.0225344960514,
            482.70591461054215,
            637.9725699432539,
            115.27792503337314,
            433.76721867840587,
            376.28845318452176,
            555.4277630799526,
            393.45901946708506,
            652.4492317414437,
            426.3074008271496,
            92.30926280715279,
            579.2408825350641,
            154.50566332662373,
            454.5822257853908,
            558.7888688941468
        ],
        [
            894.2315136473328,
            172.72232050317066,
            922.2087616152862,
            99.24716620639605,
            476.38744735771536,
            210.77238908357992,
            1075.1692889959236,
            1035.2139875407404,
            530.9284320885444,
            983.5385096680252,
            868.2787570820791,
            476.0556690136144,
            693.0115439153954,
            200.0849819451725,
            955.3774123350416,
            650.6281580134694,
            355.0225344960514,
            0,
            448.64685444121864,
            901.7061605645156,
            382.0078533224154,
            338.3208536286228,
            604.0529778090661,
            880.0869275247759,
            483.25666058524223,
            928.6705551485952,
            780.0852517513712,
            399.3018908044388,
            849.7817366830145,
            502.59426976438965,
            559.2173101755703,
            489.7448315194352
        ],
        [
            1092.3085644633572,
            359.1726604294932,
            1080.8908363012426,
            352.423041244468,
            783.6944557670419,
            238.11971778918266,
            1230.4149706501462,
            1216.108547786751,
            487.0369595831511,
            837.032854791256,
            746.5386795069629,
            150.41608956491325,
            707.6022894253523,
            256.87740266516244,
            1040.5623479638307,
            830.4799816973315,
            482.70591461054215,
            448.64685444121864,
            0,
            1115.821670339844,
            389.8025141016923,
            114.73883387938017,
            367.5268697660077,
            997.7399460781351,
            160.80111939908878,
            1126.0217582267228,
            749.4191083766145,
            574.708621825008,
            1056.2674850623775,
            523.9666019890963,
            903.3360393563405,
            914.2089476700608
        ],
        [
            43.08131845707604,
            822.6961772124629,
            136.20939761998804,
            953.9224287121044,
            438.1700583106974,
            989.2487048260411,
            213.243991709028,
            147.763324272297,
            670.7883421765765,
            779.2778708522397,
            710.34780213639,
            1005.9885685235195,
            500.8522736296602,
            937.6502546258919,
            305.64031147739655,
            285.40672732085346,
            637.9725699432539,
            901.7061605645156,
            1115.821670339844,
            0,
            726.7791961799678,
            1071.5414131054386,
            889.9943820047406,
            235.72229423624742,
            1001.6471434592123,
            46.61544808322665,
            550.4806990258605,
            549.7635855529174,
            59.941638282582836,
            609.3808333054134,
            425.17996189848833,
            674.0741798941715
        ],
        [
            702.6008824361096,
            211.29363454680788,
            692.5611886324558,
            356.5613551690649,
            440.1374785223363,
            321.4420632089086,
            843.6450675491442,
            826.8313008105099,
            151.647617851386,
            602.2242107388245,
            487.94466899434406,
            285.55384781158176,
            349.4638751001311,
            271.8308297452664,
            666.3392529335189,
            441.3898503590675,
            115.27792503337314,
            382.0078533224154,
            389.8025141016923,
            726.7791961799678,
            0,
            361.6531487489083,
            267.9440240050149,
            614.456670563515,
            283.24018076537095,
            736.2479202007976,
            419.6057673578856,
            201.9504889818294,
            667.0659637547099,
            148.2464164828277,
            569.8438382574651,
            664.7766542230555
        ],
        [
            1051.692445537192,
            273.22152184628504,
            1049.990476147284,
            240.40174708183798,
            710.3717336718854,
            128.13274366843163,
            1202.584716350578,
            1181.5857988313842,
            486.1481255749116,
            880.7071022763471,
            781.1177888129293,
            211.40009460735823,
            703.6035815713276,
            158.31929762350512,
            1027.582113507237,
            788.7116076234709,
            433.76721867840587,
            338.3208536286228,
            114.73883387938017,
            1071.5414131054386,
            361.6531487489083,
            0,
            418.7469402873291,
            975.6526021079429,
            222.25210910135365,
            1086.103125858682,
            759.1706000629899,
            522.288234598483,
            1012.9610061596645,
            507.4268420176449,
            823.7748478801716,
            814.0743209314492
        ],
        [
            857.0705921917985,
            436.13873939378516,
            819.5004575959674,
            545.3530966263967,
            690.5251624669445,
            460.7917099948739,
            954.8387298387096,
            958.066803516331,
            224.51057881534226,
            469.50612349574305,
            382.16750254306027,
            217.67177125203904,
            407.3438351073943,
            430.86192683967795,
            738.2370892877166,
            620.0169352525784,
            376.28845318452176,
            604.0529778090661,
            367.5268697660077,
            889.9943820047406,
            267.9440240050149,
            418.7469402873291,
            0,
            718.4601589510722,
            206.9806754264755,
            886.9391185419662,
            416.53451237562535,
            447.63601284972594,
            831.1058897637532,
            296.20432137293335,
            820.9579770000412,
            932.5073726250105
        ],
        [
            192.6577275896298,
            762.060365063031,
            113.0044246921332,
            909.1430030528751,
            487.4689733716393,
            917.1870038329151,
            236.86282950264695,
            244.787663087828,
            518.0289567196028,
            545.4145212588312,
            484.0258257572627,
            869.6781013685465,
            311.30692250574833,
            864.5281950289417,
            93.98404119849283,
            238.6797016924565,
            555.4277630799526,
            880.0869275247759,
            997.7399460781351,
            235.72229423624742,
            614.456670563515,
            975.6526021079429,
            718.4601589510722,
            0,
            863.3527668340444,
            206.71236053995415,
            334.24841061701403,
            485.17728718479805,
            200.80836635957178,
            473.78053991273214,
            535.4521453874286,
            784.8929863363539
        ],
        [
            974.4254717524578,
            343.35113222472415,
            953.4631613229743,
            402.4835400361113,
            715.2398199205635,
            297.2036338943385,
            1099.0040946238553,
            1090.9285036151546,
            345.6356463098099,
            676.4148135574796,
            586.0076791305725,
            11.045361017187261,
            563.0719314616916,
            285.70089254323307,
            898.766376763172,
            717.8091668403239,
            393.45901946708506,
            483.25666058524223,
            160.80111939908878,
            1001.6471434592123,
            283.24018076537095,
            222.25210910135365,
            206.9806754264755,
            863.3527668340444,
            0,
            1007.0511407073625,
            596.3153528125869,
            483.97623908617663,
            941.7058988877577,
            394.69735241067934,
            842.3686841282739,
            897.2652896440384
        ],
        [
            34.828149534536,
            842.6683807999444,
            98.48857801796105,
            977.3213391715132,
            471.8389555770062,
            1008.0009920630039,
            169.07394831847984,
            109.11003620199199,
            671.0588647801324,
            752.1096994454997,
            688.4075827589351,
            1011.8547326568176,
            490.3733271702285,
            955.9816943854102,
            268.00186566514793,
            297.3919972023457,
            652.4492317414437,
            928.6705551485952,
            1126.0217582267228,
            46.61544808322665,
            736.2479202007976,
            1086.103125858682,
            886.9391185419662,
            206.71236053995415,
            1007.0511407073625,
            0,
            532.3758071137343,
            566.467121729055,
            79.1580697086532,
            612.8833494230366,
            466.6701190348489,
            717.0446290155166
        ],
        [
            510.0480369533834,
            621.1811330038929,
            446.05380841328997,
            772.1431214483491,
            569.5261188040457,
            739.752661367298,
            559.8660554096846,
            578.4470589431672,
            274.7216773390844,
            266.3174797117155,
            167.69317219254933,
            604.9082575068719,
            100.16985574512923,
            691.1475963931293,
            330.4920573932148,
            358.83422356291493,
            426.3074008271496,
            780.0852517513712,
            749.4191083766145,
            550.4806990258605,
            419.6057673578856,
            759.1706000629899,
            416.53451237562535,
            334.24841061701403,
            596.3153528125869,
            532.3758071137343,
            0,
            410.8685921313529,
            499.6098477812462,
            279.0161285660741,
            675.2518048846667,
            881.7080015515342
        ],
        [
            531.7743882512583,
            279.5800422061632,
            540.5783939448561,
            424.094329129735,
            243.1481030154256,
            442.11876232523764,
            695.0517966310136,
            665.9204156654156,
            246.82990094394967,
            654.1391289320644,
            537.8196723809943,
            485.55638189606776,
            313.73396373360663,
            389.8358628961681,
            556.8841890375413,
            270.542048487846,
            92.30926280715279,
            399.3018908044388,
            574.708621825008,
            549.7635855529174,
            201.9504889818294,
            522.288234598483,
            447.63601284972594,
            485.17728718479805,
            483.97623908617663,
            566.467121729055,
            410.8685921313529,
            0,
            491.7082468293571,
            177.6091213873882,
            373.68703482994965,
            507.6455456319892
        ],
        [
            45.880278987817846,
            766.1879664938624,
            123.87897319561542,
            899.4003557926803,
            393.4285195559671,
            932.2081312668325,
            241.86773244895647,
            187.7471704180918,
            611.3084327898644,
            735.9653524453444,
            662.0641962831097,
            946.0528526461933,
            445.2998989445203,
            880.4118354497514,
            282.1435804692356,
            225.78751072634643,
            579.2408825350641,
            849.7817366830145,
            1056.2674850623775,
            59.941638282582836,
            667.0659637547099,
            1012.9610061596645,
            831.1058897637532,
            200.80836635957178,
            941.7058988877577,
            79.1580697086532,
            499.6098477812462,
            491.7082468293571,
            0,
            549.530708878039,
            395.126562002607,
            647.4295328450811
        ],
        [
            580.6487750783601,
            342.21046155838076,
            559.4157666709082,
            493.5433111693441,
            408.37482782365515,
            468.67045991826706,
            707.0530390288977,
            696.4431060754353,
            74.52516353554684,
            492.3464227553603,
            375.1706278481832,
            399.96999887491563,
            201.92077654367318,
            418.1255792223193,
            520.4584517519146,
            329.5390720385065,
            154.50566332662373,
            502.59426976438965,
            523.9666019890963,
            609.3808333054134,
            148.2464164828277,
            507.4268420176449,
            296.20432137293335,
            473.78053991273214,
            394.69735241067934,
            612.8833494230366,
            279.0161285660741,
            177.6091213873882,
            549.530708878039,
            0,
            536.6460658571905,
            685.2539675186129
        ],
        [
            439.01025044980446,
            550.55335799539,
            510.15781871887447,
            637.9858932609717,
            130.54118124178285,
            711.025316004993,
            635.3148825582475,
            572.9432781698376,
            610.7479021658609,
            941.4881836751856,
            835.6697912453219,
            842.0694745684588,
            580.031895674712,
            667.720001198107,
            629.4203682754475,
            331.2174512310606,
            454.5822257853908,
            559.2173101755703,
            903.3360393563405,
            425.17996189848833,
            569.8438382574651,
            823.7748478801716,
            820.9579770000412,
            535.4521453874286,
            842.3686841282739,
            466.6701190348489,
            675.2518048846667,
            373.68703482994965,
            395.126562002607,
            536.6460658571905,
            0,
            253.16002844051036
        ],
        [
            690.6518659932802,
            560.1794355382925,
            763.3171031753449,
            586.6856057549052,
            315.7293144451431,
            687.5703600359749,
            886.0953673279191,
            821.3805451798819,
            752.9575021208037,
            1143.1159171317668,
            1030.6046768766382,
            893.8640836279307,
            782.1208346540834,
            658.1945001289512,
            878.5624622074404,
            566.3611921733338,
            558.7888688941468,
            489.7448315194352,
            914.2089476700608,
            674.0741798941715,
            664.7766542230555,
            814.0743209314492,
            932.5073726250105,
            784.8929863363539,
            897.2652896440384,
            717.0446290155166,
            881.7080015515342,
            507.6455456319892,
            647.4295328450811,
            685.2539675186129,
            253.16002844051036,
            0
        ]
    ]
}