{
    "depot": [
        844,
        366
    ],
    "final_destination": [
        7,
        792
    ],
    "requests": [
        [
            [
                727,
                135
            ],
            [
                320,
                152
            ]
        ],
        [
            [
                37,
                780
            ],
            [
                765,
                784
            ]
        ],
        [
            [
                624,
                480
            ],
            [
                196,
                981
            ]
        ],
        [
            [
                616,
                485
            ],
            [
                234,
                48
            ]
        ],
        [
            [
                43,
                243
            ],
            [
                598,
                814
            ]
        ],
        [
            [
                121,
                156
            ],
            [
                293,
                598
            ]
        ],
        [
            [
                131,
                653
            ],
            [
                868,
                705
            ]
        ],
        [
            [
                814,
                108
            ],
            [
                82,
                386
            ]
        ],
        [
            [
                619,
                957
            ],
            [
                389,
                334
            ]
        ],
        [
            [
                140,
                188
            ],
            [
                197,
                238
            ]
        ],
        [
            [
                479,
                121
            ],
            [
                739,
                145
            ]
        ],
        [
            [
                442,
                788
            ],
            [
                146,
                85
            ]
        ],
        [
            [
                437,
                533
            ],
            [
                104,
                373
            ]
        ],
        [
            [
                546,
                186
            ],
            [
                70,
                601
            ]
        ],
        [
            [
                516,
                452
            ],
            [
                973,
                146
            ]
        ],
        [
            [
                450,
                207
            ],
            [
                588,
                742
            ]
        ],
        [
            [
                102,
                408
            ],
            [
                597,
                221
            ]
        ],
        [
            [
                476,
                970
            ],
            [
                958,
                180
            ]
        ],
        [
            [
                18,
                3
            ],
            [
                939,
                243
            ]
        ],
        [
            [
                772,
                351
            ],
            [
                525,
                294
            ]
        ],
        [
            [
                903,
                63
            ],
            [
                85,
                708
            ]
        ],
        [
            [
                299,
                260
            ],
            [
                345,
                708
            ]
        ],
        [
            [
                233,
                414
            ],
            [
                167,
                312
            ]
        ],
        [
            [
                435,
                888
            ],
            [
                500,
                202
            ]
        ],
        [
            [
                923,
                632
            ],
            [
                348,
                116
            ]
        ],
        [
            [
                523,
                482
            ],
            [
                820,
                82
            ]
        ],
        [
            [
                299,
                841
            ],
            [
                246,
                272
            ]
        ],
        [
            [
                766,
                160
            ],
            [
                961,
                519
            ]
        ],
        [
            [
                998,
                289
            ],
            [
                317,
                203
            ]
        ],
        [
            [
                697,
                771
            ],
            [
                398,
                807
            ]
        ]
    ],
    "travel_costs": [
        [
            0,
            258.940147524481,
            906.9977949256546,
            247.78216239269528,
            257.18670261115756,
            810.388795579011,
            752.8804686004279,
            768.5948217363946,
            259.7383298629603,
            632.3812141422293,
            726.1542535852834,
            439.6020928066653,
            582.8275902872134,
            439.92953981291146,
            348.1436485130814,
            339.08700948281694,
            424.8729221779143,
            743.1877286392719,
            707.276466454243,
            902.2444236458323,
            73.54590403278758,
            308.69078379504623,
            555.2125719037708,
            612.8825336065631,
            663.1477964978847,
            277.4833328328028,
            341.3165685987131,
            722.9453644640098,
            220.27255843613383,
            172.1772342674838,
            430.8526430231106,
            566.0141340991407,
            425.39981194166035,
            893.3806579504618,
            687.9127851697481,
            511.0968597046943,
            597.8503157145608,
            339.8484956565204,
            762.2624220043909,
            456.12388667992377,
            659.5399912059919,
            244.67529503405117,
            752.4393663279453,
            740.0331073675017,
            808.8887438949808,
            255.03137061938085,
            454.87580722654394,
            286.41578168809065,
            218.15590755237412,
            155.4155719353759,
            327.0244639166923,
            832.4932432158232,
            604.9504111908678,
            679.1502042994613,
            381.0931644624448,
            555.4421662063478,
            285.0122804371769,
            605.3428780451621,
            192.60841103129425,
            551.6321237926594,
            627.2136796977566,
            939.1725081155219
        ],
        [
            258.940147524481,
            0,
            944.52368948587,
            360.0472191254919,
            367.17979247229823,
            692.4738262201685,
            606.3637522147906,
            789.6454900776677,
            91.09335870413386,
            829.0645330732706,
            589.3878179942303,
            248.39484696748443,
            712.4843857938222,
            492.44695145771794,
            188.04786624686813,
            380.80178571009884,
            286.20447236198106,
            682.0219937802592,
            871.9093989629886,
            721.1830558187013,
            220.63771209836273,
            190.1578291840754,
            445.8800287072746,
            567.3420485033697,
            807.6341993749397,
            534.2518132865811,
            402.5232912515746,
            825.6028100727372,
            46.32493928760187,
            311.70017645166644,
            636.707154035511,
            407.3548821359577,
            650.1115288933123,
            998.8378246742562,
            500.61761854733,
            691.1454260862905,
            634.6061770893818,
            587.1805514490411,
            692.1170421251019,
            392.23079940259663,
            539.91573416599,
            15.620499351813312,
            583.1474942070831,
            666.9130378092784,
            805.4843263527852,
            246.24581214713072,
            622.7118113541769,
            155.87174214718974,
            235.34230388946227,
            237.92435772740882,
            257.07002936943076,
            860.5190294235217,
            688.660293613622,
            587.3065638999789,
            236.68122020980033,
            379.47595444243893,
            107.04204781299728,
            500.1299831043925,
            449.6798861412416,
            415.60076997041284,
            748.2145414251182,
            974.7045706264026
        ],
        [
            906.9977949256546,
            944.52368948587,
            0,
            659.2184766828066,
            649.8199750700189,
            537.0335185069922,
            629.6284618725555,
            158.00316452527144,
            1027.2842839253408,
            608.3198172014454,
            600.8935013794041,
            793.5017328273454,
            405.0790046398357,
            470.11594314594356,
            782.2512384138488,
            580.538543078752,
            706.3271196832245,
            377.636068192645,
            478.35238057315036,
            777.2322690161545,
            851.0381895073804,
            1124.2975584781816,
            582.274849190655,
            415.1770706578098,
            412.393016429716,
            898.276126811795,
            570.087712549569,
            269.00743484149285,
            956.9958202625548,
            1079.167271557102,
            660.0613607839804,
            688.8200055166806,
            728.0109889280519,
            256.28499761008254,
            758.0455131454838,
            562.0293586637623,
            314.10189429546585,
            834.377612355461,
            396.56147064484213,
            568.1725090146477,
            565.1229954620499,
            946.5880835928582,
            703.4955579106382,
            412.47787819469784,
            182.0164827701052,
            1130.5096195964013,
            552.308790442448,
            791.2528041024563,
            1099.2001637554463,
            1049.7490176227839,
            688.7234568388099,
            86.53323061113575,
            316.30365157550744,
            485.72008399900454,
            740.5761270794516,
            733.2237039267076,
            1048.9485211391454,
            549.3132075601313,
            960.1546750393917,
            641.3493587741395,
            362.0082871979591,
            32.31098884280703
        ],
        [
            247.78216239269528,
            360.0472191254919,
            659.2184766828066,
            0,
            9.433981132056603,
            627.479083316727,
            598.3184770671887,
            522.4729658078014,
            417.71282000915414,
            477.0262047309351,
            565.261001662064,
            387.17696212455616,
            357.7541054970579,
            194.36563482261982,
            304.17100453527786,
            111.57060544785082,
            323.736003558455,
            526.9421220589601,
            511.86326299120157,
            771.2100881082923,
            196.32880583347927,
            501.7270174108625,
            392.46018906380806,
            396.531209364408,
            449.64986378292167,
            335.4176501020779,
            101.01980003939822,
            485.74273025954795,
            350.09141663285607,
            419.94880640382826,
            300.01666620372947,
            447.21359549995793,
            335.1074454559313,
            658.9271583414968,
            582.0,
            335.0104475982801,
            351.40432552830083,
            331.90510692063776,
            550.0909015790027,
            276.6604416970377,
            490.8085166335238,
            354.18921496849674,
            620.0878969952566,
            530.8945281315301,
            567.0599615560951,
            483.0703882458539,
            264.46171745642124,
            260.40353300214645,
            448.94988584473435,
            394.2004566207401,
            210.70595625183452,
            585.2392673086795,
            360.31236448392946,
            486.90142739573065,
            304.4010512465422,
            456.80630468503824,
            443.64400142456566,
            431.4487223297804,
            339.2491709643518,
            413.49486091123305,
            397.4984276698463,
            691.3993057560876
        ],
        [
            257.18670261115756,
            367.17979247229823,
            649.8199750700189,
            9.433981132056603,
            0,
            622.0072346846136,
            594.3618426514273,
            513.2728319324917,
            425.8321265475398,
            472.0095338020197,
            561.0570380986233,
            388.92801390488705,
            349.40663989111596,
            185.32404053441098,
            307.08467887538774,
            105.30432089900205,
            323.79005543716136,
            519.7355096585186,
            504.80194135918293,
            768.0677053489491,
            205.65018842685265,
            510.34596108914195,
            388.7338421079389,
            389.52535219161285,
            441.78048847815813,
            340.3792003046015,
            93.04837451562493,
            476.68123520860354,
            357.9455265819088,
            429.34834342291344,
            297.2490538252393,
            445.53899941531495,
            334.06885517809053,
            649.935381403413,
            580.4248444027875,
            329.49203328760467,
            342.1958503547347,
            334.5205524328811,
            543.0994384088424,
            272.6352875179587,
            486.3846214674144,
            361.564655352262,
            617.1709649683789,
            524.1068593330943,
            558.1863488119358,
            492.3108773935429,
            258.52079220055003,
            264.6828290615014,
            458.24556735444816,
            403.6000495540108,
            211.57031927943012,
            575.9253423838893,
            350.9558376776201,
            481.17564360636544,
            305.8512710452582,
            456.05372490530107,
            451.6912662427734,
            426.9297366077936,
            346.6713140714126,
            411.0048661512416,
            388.85472865840273,
            682.0043988127936
        ],
        [
            810.388795579011,
            692.4738262201685,
            537.0335185069922,
            627.479083316727,
            622.0072346846136,
            0,
            116.84605256490268,
            419.33757284555367,
            782.7298384500236,
            917.3723344422373,
            111.50784725749125,
            452.7471700629392,
            675.4450384746341,
            489.2197870078437,
            506.21932005801597,
            517.1170080358991,
            408.58903558465687,
            175.231275747225,
            846.1784681732336,
            241.29857024027305,
            736.9565794536338,
            878.6353054595518,
            256.56383221335,
            255.61885689440052,
            754.7774506435654,
            962.1439601223925,
            536.2098469815712,
            650.492121397331,
            727.7485829598022,
            956.1072115615488,
            840.5355435673139,
            291.56474409640134,
            902.2000886721303,
            753.692908285596,
            272.9578722074159,
            796.2826131468651,
            434.1946568072896,
            945.5522196050307,
            148.22280526288793,
            357.7666837479421,
            154.0811474515945,
            702.865563248051,
            188.60805921274945,
            143.60013927569847,
            359.01671270290467,
            935.0449187071175,
            738.9357211557715,
            554.4366510251645,
            917.1662880852087,
            896.0,
            484.69062297510976,
            466.892921342785,
            554.4628030806034,
            141.90489773083942,
            458.8354824989018,
            330.3846243395718,
            793.5048834128244,
            205.0609665440988,
            958.5927185202275,
            276.90431560378397,
            666.4240391822613,
            550.1790617608052
        ],
        [
            752.8804686004279,
            606.3637522147906,
            629.6284618725555,
            598.3184770671887,
            594.3618426514273,
            116.84605256490268,
            0,
            497.10059344160913,
            694.6603486596885,
            943.1887403908084,
            37.21558813185679,
            359.7068250673039,
            708.8476564114465,
            491.9197088956692,
            426.0575078554537,
            493.6000405186369,
            332.9294219500584,
            252.7152547829276,
            888.0433547975008,
            184.43969204051496,
            679.5778101144857,
            787.5106348488254,
            206.15528128088303,
            281.26144421160893,
            796.5048650196684,
            932.6199654736113,
            517.5712511336,
            707.7492493814459,
            645.012402981524,
            887.0276207649906,
            842.6155707082561,
            199.04019694524018,
            899.5109782542958,
            828.4020762890447,
            156.31058825300352,
            812.707204348528,
            474.2868330451521,
            927.0436882909025,
            233.28308982864576,
            321.72659200010185,
            111.80339887498948,
            618.0978886875445,
            75.27283706623525,
            217.66488003350474,
            447.9129379689763,
            852.0586834250327,
            749.3230278057654,
            480.41752674106306,
            837.3440153246453,
            822.6135180022269,
            426.9191961015574,
            553.1726674375733,
            595.7180541162069,
            162.6407083112958,
            381.7813510374754,
            230.49728848730524,
            702.9061103732134,
            170.53152201279386,
            915.078685141338,
            201.55644370746376,
            707.4814485200301,
            646.1362085504882
        ],
        [
            768.5948217363946,
            789.6454900776677,
            158.00316452527144,
            522.4729658078014,
            513.2728319324917,
            419.33757284555367,
            497.10059344160913,
            0,
            873.7928816372905,
            574.9434754825903,
            465.0870886188951,
            635.710625992676,
            339.0368711512068,
            328.6883021952561,
            624.7511504591248,
            434.31094851500114,
            548.3402228543881,
            246.71035649116962,
            468.52321180492225,
            659.7491947702551,
            708.5795650454506,
            971.6398509736001,
            427.40262048798905,
            259.8557292037257,
            384.24080990961903,
            792.2783601739985,
            427.6739412215806,
            252.12695214911076,
            803.9116866920148,
            940.3111187261374,
            578.1695253124294,
            535.4642845232537,
            647.3924621124345,
            334.37852801877096,
            613.7051409268136,
            493.973683509557,
            171.0818517552344,
            738.8321866296837,
            271.4590208484514,
            410.2742984882187,
            420.21542094501956,
            792.2928751415099,
            568.1980288596574,
            281.298773548695,
            80.15609770940699,
            982.8596034022357,
            465.5856526999087,
            635.4368576027047,
            952.7108690468478,
            906.0706374229329,
            533.0262657693333,
            71.7007670809734,
            220.9547464980103,
            342.8950276688188,
            582.7194865456278,
            579.1873617405685,
            894.8530605635766,
            397.9773862922365,
            840.7472866444471,
            486.92504556656354,
            308.22881111278355,
            186.27130750601393
        ],
        [
            259.7383298629603,
            91.09335870413386,
            1027.2842839253408,
            417.71282000915414,
            425.8321265475398,
            782.7298384500236,
            694.6603486596885,
            873.7928816372905,
            0,
            871.106193296776,
            678.731169167882,
            335.2521439155908,
            775.1025738571639,
            568.1144250941003,
            279.1200458584084,
            455.12635608147326,
            377.22274586774324,
            772.6215114789388,
            925.898482556268,
            802.8953854643829,
            246.60291969074495,
            99.7296345125159,
            536.9627547605141,
            656.6559220779175,
            867.2029750871476,
            535.2167785112869,
            473.8744559479863,
            895.8314573623769,
            70.76722405181653,
            258.10269274069964,
            673.2443835636507,
            495.9556431778955,
            677.7735610069192,
            1069.6041323779561,
            583.09518948453,
            738.3034606447407,
            715.2209448834675,
            599.4372360806426,
            783.0121327284783,
            481.35330060154354,
            630.5465882867023,
            83.6301381082203,
            668.3958408009433,
            757.8423318870489,
            892.5161062972477,
            163.47782724271818,
            673.0765186811972,
            244.65894629054546,
            160.99689437998487,
            183.98369492974098,
            343.6815386371517,
            944.1615327898082,
            761.5517054015439,
            678.3988502348748,
            327.76821078316914,
            466.06866446908873,
            26.68332812825267,
            591.2021650839922,
            436.4974226728034,
            505.9980237115556,
            813.4230141814282,
            1057.8775921627227
        ],
        [
            632.3812141422293,
            829.0645330732706,
            608.3198172014454,
            477.0262047309351,
            472.0095338020197,
            917.3723344422373,
            943.1887403908084,
            574.9434754825903,
            871.106193296776,
            0,
            905.9812360087818,
            847.6414336262711,
            244.72433471152803,
            461.4108798023731,
            774.4481906493163,
            515.396934410751,
            768.8049167376598,
            754.1153757880819,
            143.5896932234344,
            1127.526939811196,
            625.0159997952053,
            938.0255860049874,
            766.9478469883072,
            666.2169316371358,
            196.5120861423032,
            445.01797716496804,
            484.60396201434423,
            340.3762623920769,
            810.4430886866764,
            768.0266922444819,
            201.69283576765935,
            858.7351163193457,
            226.3735850314696,
            423.680304002912,
            987.1707045896368,
            144.53373308677806,
            484.92989184004733,
            354.26684857604164,
            783.8430965442,
            664.10014305073,
            833.6935887962675,
            820.8191030915399,
            992.024697273208,
            778.6404818656682,
            654.3217862795033,
            884.8937789362067,
            217.22338732282032,
            736.3287309347639,
            847.7322690566875,
            782.4295495442386,
            669.63049512399,
            589.2003054989025,
            370.23911192633335,
            787.6096749024862,
            764.3206133554164,
            883.5847440964562,
            897.7895076241424,
            779.970512263124,
            555.7049576888801,
            812.2314940951255,
            267.0973605260823,
            633.852506502893
        ],
        [
            726.1542535852834,
            589.3878179942303,
            600.8935013794041,
            565.261001662064,
            561.0570380986233,
            111.50784725749125,
            37.21558813185679,
            465.0870886188951,
            678.731169167882,
            905.9812360087818,
            0,
            345.5575205374642,
            671.7172023999385,
            455.22961239357005,
            406.0049260784898,
            459.42572849155937,
            310.5817122755298,
            223.25769863545582,
            851.1286624241953,
            221.60550534677608,
            652.6813924113358,
            773.1713910899704,
            174.54225849346628,
            244.38698819699874,
            759.6216163327634,
            900.1249913206499,
            482.83019789569914,
            672.0788644199429,
            626.6258851978588,
            863.9241864886062,
            806.31135425467,
            183.56470248934028,
            863.6208658896564,
            794.9748423692413,
            168.6297719858507,
            775.6545622891675,
            437.61741281626354,
            892.9014503292063,
            206.32013958894075,
            288.6468430452687,
            75.82216034906945,
            600.5414223848343,
            103.1746092796091,
            188.47015678881365,
            418.89020041056114,
            834.0581514498854,
            712.4745609493717,
            458.18991695584043,
            818.0391188690184,
            800.8907540982102,
            399.3256816184003,
            522.9005641611031,
            558.949908310217,
            126.90547663517125,
            360.2721193764513,
            220.10906387516167,
            688.2121765850993,
            135.2479205015737,
            885.2129687256055,
            177.63445611704955,
            670.6153890271233,
            618.4698860898565
        ],
        [
            439.6020928066653,
            248.39484696748443,
            793.5017328273454,
            387.17696212455616,
            388.92801390488705,
            452.7471700629392,
            359.7068250673039,
            635.710625992676,
            335.2521439155908,
            847.6414336262711,
            345.5575205374642,
            0,
            668.0254486170419,
            414.13524361010377,
            93.34880824091971,
            333.0615558721841,
            90.75791976461336,
            473.81219908313886,
            849.0053003368117,
            475.86237506237023,
            372.49026832925443,
            427.948595043844,
            227.4225142768411,
            382.5767896775757,
            768.261023350788,
            676.9468221359784,
            363.6715551153266,
            742.1590126111789,
            289.6377047278203,
            545.5135195391587,
            685.5829636156371,
            161.99382704288456,
            722.0560920039385,
            905.366776505522,
            255.64428411368795,
            703.1429442154704,
            511.98144497628044,
            701.6958030371851,
            477.31959942998367,
            231.23364807051763,
            305.30804116498473,
            261.1053427258814,
            334.9402931867111,
            451.80637445702337,
            630.6195366463046,
            494.63218657907817,
            630.4934575394102,
            154.67385040788247,
            482.6199332808375,
            475.9033515326405,
            179.0111728356641,
            706.9688819177262,
            602.1004899516358,
            365.82099447680696,
            83.67795408588812,
            131.09538512091112,
            343.2229596049775,
            277.6508598942204,
            625.082394568908,
            181.57092278225608,
            690.7655173790887,
            820.3810090439686
        ],
        [
            582.8275902872134,
            712.4843857938222,
            405.0790046398357,
            357.7541054970579,
            349.40663989111596,
            675.4450384746341,
            708.8476564114465,
            339.0368711512068,
            775.1025738571639,
            244.72433471152803,
            671.7172023999385,
            668.0254486170419,
            0,
            255.049014897137,
            610.9173430178587,
            344.05232160239814,
            581.0550748423078,
            509.9019513592785,
            185.14858897652988,
            892.1888813474419,
            547.602958355778,
            859.1542352802551,
            547.0219374028796,
            428.4355260713098,
            100.24470060806208,
            505.66490880819487,
            316.5390971112416,
            152.50573759698355,
            706.6540879383633,
            747.0856711248048,
            255.56603843233947,
            647.5955527951069,
            323.0247668523267,
            312.6739515853535,
            768.6767851314361,
            158.1518257877537,
            241.45600013252934,
            434.0103685397389,
            539.6332087631375,
            457.08314342141296,
            602.100489951636,
            708.2781939322995,
            762.7745407392672,
            535.227988804771,
            416.35681812599154,
            833.141644619929,
            153.07514494521965,
            587.8043892316559,
            797.445922931455,
            737.586605084447,
            500.92414595425527,
            365.85379593493354,
            125.73384588089239,
            549.7281146166712,
            588.8633118135311,
            678.5425557767177,
            800.8245750474944,
            551.9710137316995,
            584.5699273825159,
            598.2056502575015,
            47.92702786528703,
            435.01839041585356
        ],
        [
            439.92953981291146,
            492.44695145771794,
            470.11594314594356,
            194.36563482261982,
            185.32404053441098,
            489.2197870078437,
            491.9197088956692,
            328.6883021952561,
            568.1144250941003,
            461.4108798023731,
            455.22961239357005,
            414.13524361010377,
            255.049014897137,
            0,
            363.7169228947149,
            113.14592347937243,
            326.25909948996053,
            357.5611835756224,
            438.73682316395553,
            675.6189754588011,
            381.2466393294504,
            661.8579908107176,
            305.8970415025291,
            236.17154782064668,
            355.0056337581138,
            495.98084640437474,
            99.9849988748312,
            337.50259258263486,
            497.36304647611286,
            611.7654779406893,
            352.4826236851967,
            398.55990766759265,
            413.0193700058146,
            508.70915069418595,
            525.7699116533771,
            323.85490578343877,
            157.99050604387594,
            464.05279872014563,
            384.2317009305714,
            204.70710783946905,
            380.2959373961284,
            491.6787569134953,
            534.2143764445132,
            369.4441771093435,
            373.2465672983477,
            661.108916896452,
            257.8410362994999,
            350.633712012978,
            629.3250352560274,
            579.7447714296353,
            254.68608128439212,
            393.10176799398903,
            197.7093826807418,
            348.9140295258991,
            336.94213153003,
            426.3918385710496,
            591.6840373036947,
            323.4223245232153,
            524.1869895371308,
            351.14099732158877,
            276.76163028859327,
            501.9770911107399
        ],
        [
            348.1436485130814,
            188.04786624686813,
            782.2512384138488,
            304.17100453527786,
            307.08467887538774,
            506.21932005801597,
            426.0575078554537,
            624.7511504591248,
            279.1200458584084,
            774.4481906493163,
            406.0049260784898,
            93.34880824091971,
            610.9173430178587,
            363.7169228947149,
            0,
            267.686383665662,
            98.2700361249552,
            496.4070910049533,
            787.1187966247535,
            558.8139225180417,
            279.82315844118403,
            377.5950211536164,
            257.84685377176896,
            387.2376531278951,
            710.7214644289281,
            583.990582115842,
            296.89223634174067,
            700.0242852930176,
            221.53103620034824,
            463.58710076963956,
            604.1738160496529,
            228.54321254414887,
            636.8398542804933,
            868.6339850593,
            341.15685541990797,
            630.1491886847115,
            483.4800926615283,
            610.774098992418,
            505.2682455884201,
            215.7614423385235,
            352.8526604689272,
            197.3068675946177,
            412.55423885835904,
            479.9302032587656,
            631.5069279113254,
            428.86944400365013,
            557.584074378026,
            61.85466837676846,
            412.04368700418166,
            397.11207486048573,
            110.02272492535349,
            696.4230036407471,
            559.3612428475894,
            399.39579366838603,
            48.703182647543684,
            210.00952359357422,
            293.07336965340266,
            312.08332220738737,
            532.0845797427322,
            229.6301373948986,
            638.3925124874195,
            811.0221945175114
        ],
        [
            339.08700948281694,
            380.80178571009884,
            580.538543078752,
            111.57060544785082,
            105.30432089900205,
            517.1170080358991,
            493.6000405186369,
            434.31094851500114,
            455.12635608147326,
            515.396934410751,
            459.42572849155937,
            333.0615558721841,
            344.05232160239814,
            113.14592347937243,
            267.686383665662,
            0,
            253.73411280314673,
            416.33159860860906,
            519.5421060895835,
            670.5259129966568,
            275.2035610234722,
            548.7166846378922,
            289.74644087546613,
            285.53983960211224,
            443.46025752033296,
            445.0269654751271,
            30.80584360149873,
            445.43237421633376,
            384.4008324652796,
            508.81529065074295,
            366.77240899500606,
            358.3517824708006,
            415.0,
            618.2564192954247,
            492.6865129065337,
            371.1711195661645,
            266.54267950930483,
            433.4893308952367,
            438.98974931084666,
            173.35801106380978,
            384.1314879048579,
            379.44433056773954,
            521.1420151935555,
            419.50566146358506,
            470.23079439781486,
            549.9863634673136,
            298.8042837711668,
            244.78970566590417,
            518.9874757641074,
            471.815641961985,
            158.25612152457168,
            501.2953221405522,
            307.8587338374534,
            376.03324321128844,
            250.5114767830009,
            375.65942021996466,
            478.8695020566668,
            324.49961479175903,
            450.01555528670343,
            318.750686273771,
            374.09758085291065,
            612.1119178712337
        ],
        [
            424.8729221779143,
            286.20447236198106,
            706.3271196832245,
            323.736003558455,
            323.79005543716136,
            408.58903558465687,
            332.9294219500584,
            548.3402228543881,
            377.22274586774324,
            768.8049167376598,
            310.5817122755298,
            90.75791976461336,
            581.0550748423078,
            326.25909948996053,
            98.2700361249552,
            253.73411280314673,
            0,
            401.8768468075761,
            763.4428596823733,
            477.7447016974652,
            352.7321930303499,
            475.3367227555641,
            160.0312469488381,
            299.89664886423793,
            681.1651782056979,
            635.8883549806521,
            284.5241641759096,
            651.7338413800529,
            319.4761336938958,
            554.1010738123506,
            615.7150314877817,
            141.15594213493105,
            657.3842103366949,
            814.6115638756917,
            268.21073804007176,
            624.7823621069981,
            421.3430906043198,
            650.1753609604103,
            409.2248770541693,
            140.8900280360537,
            254.89213404889526,
            295.5757094214611,
            327.566787083184,
            383.7603418801896,
            547.3901716326299,
            526.5453446760307,
            552.5115383410558,
            147.6651617681029,
            508.71701367263114,
            490.3233626903781,
            114.86513831445988,
            619.8596615363837,
            511.884752654345,
            301.85095659944494,
            50.24937810560445,
            136.6930868771351,
            390.5444917035702,
            214.10511437142273,
            598.719466862403,
            133.06013678032951,
            602.2491178905951,
            733.8078767633937
        ],
        [
            743.1877286392719,
            682.0219937802592,
            377.636068192645,
            526.9421220589601,
            519.7355096585186,
            175.231275747225,
            252.7152547829276,
            246.71035649116962,
            772.6215114789388,
            754.1153757880819,
            223.25769863545582,
            473.81219908313886,
            509.9019513592785,
            357.5611835756224,
            496.4070910049533,
            416.33159860860906,
            401.8768468075761,
            0,
            675.0703667026127,
            413.61939026114334,
            672.4202554950289,
            872.1387504290816,
            246.4000811688178,
            131.13733259449805,
            584.199452242126,
            851.0094006531302,
            427.4540911021908,
            475.7078935649481,
            708.8018058667741,
            903.8678000681294,
            696.9892395152166,
            336.24395905354197,
            762.1974809719591,
            580.6591082554376,
            383.437087408091,
            640.9773786960036,
            269.4086115921316,
            821.5625356599461,
            29.73213749463701,
            296.38657189555664,
            194.74342094150447,
            689.1574566091555,
            325.9831283977746,
            35.05709628591621,
            195.6348639685677,
            909.5520875683811,
            589.7050110012632,
            529.1445927154505,
            885.8442300991749,
            853.1084339050927,
            438.092455995307,
            300.4812806149494,
            386.06864674562735,
            115.93532679903913,
            448.1517600099324,
            381.81147180251145,
            788.5429601486528,
            198.07069445023916,
            866.1420206871387,
            297.069015550259,
            496.80680349608735,
            395.5767940615324
        ],
        [
            707.276466454243,
            871.9093989629886,
            478.35238057315036,
            511.86326299120157,
            504.80194135918293,
            846.1784681732336,
