{
    "depot": {
        "x": 322,
        "y": 238,
        "node_type": "depot",
        "id": 0
    },
    "final_destination": {
        "x": 241,
        "y": 59,
        "node_type": "final",
        "id": 31
    },
    "pickup_nodes": [
        {
            "x": 394,
            "y": 315,
            "node_type": "pickup",
            "id": 1
        },
        {
            "x": 521,
            "y": 761,
            "node_type": "pickup",
            "id": 2
        },
        {
            "x": 511,
            "y": 608,
            "node_type": "pickup",
            "id": 3
        },
        {
            "x": 686,
            "y": 504,
            "node_type": "pickup",
            "id": 4
        },
        {
            "x": 830,
            "y": 796,
            "node_type": "pickup",
            "id": 5
        },
        {
            "x": 494,
            "y": 559,
            "node_type": "pickup",
            "id": 6
        },
        {
            "x": 869,
            "y": 935,
            "node_type": "pickup",
            "id": 7
        },
        {
            "x": 835,
            "y": 895,
            "node_type": "pickup",
            "id": 8
        },
        {
            "x": 363,
            "y": 403,
            "node_type": "pickup",
            "id": 9
        },
        {
            "x": 683,
            "y": 101,
            "node_type": "pickup",
            "id": 10
        },
        {
            "x": 211,
            "y": 953,
            "node_type": "pickup",
            "id": 11
        },
        {
            "x": 100,
            "y": 737,
            "node_type": "pickup",
            "id": 12
        },
        {
            "x": 216,
            "y": 719,
            "node_type": "pickup",
            "id": 13
        },
        {
            "x": 532,
            "y": 964,
            "node_type": "pickup",
            "id": 14
        },
        {
            "x": 218,
            "y": 400,
            "node_type": "pickup",
            "id": 15
        },
        {
            "x": 501,
            "y": 704,
            "node_type": "pickup",
            "id": 16
        },
        {
            "x": 723,
            "y": 290,
            "node_type": "pickup",
            "id": 17
        },
        {
            "x": 619,
            "y": 614,
            "node_type": "pickup",
            "id": 18
        },
        {
            "x": 659,
            "y": 143,
            "node_type": "pickup",
            "id": 19
        },
        {
            "x": 532,
            "y": 99,
            "node_type": "pickup",
            "id": 20
        },
        {
            "x": 768,
            "y": 878,
            "node_type": "pickup",
            "id": 21
        },
        {
            "x": 375,
            "y": 279,
            "node_type": "pickup",
            "id": 22
        },
        {
            "x": 385,
            "y": 692,
            "node_type": "pickup",
            "id": 23
        },
        {
            "x": 690,
            "y": 398,
            "node_type": "pickup",
            "id": 24
        },
        {
            "x": 621,
            "y": 738,
            "node_type": "pickup",
            "id": 25
        },
        {
            "x": 150,
            "y": 232,
            "node_type": "pickup",
            "id": 26
        },
        {
            "x": 496,
            "y": 924,
            "node_type": "pickup",
            "id": 27
        },
        {
            "x": 873,
            "y": 421,
            "node_type": "pickup",
            "id": 28
        },
        {
            "x": 51,
            "y": 795,
            "node_type": "pickup",
            "id": 29
        },
        {
            "x": 441,
            "y": 970,
            "node_type": "pickup",
            "id": 30
        }
    ],
    "delivery_nodes": [
        {
            "x": 709,
            "y": 106,
            "node_type": "delivery",
            "id": 1
        },
        {
            "x": 402,
            "y": 120,
            "node_type": "delivery",
            "id": 2
        },
        {
            "x": 302,
            "y": 82,
            "node_type": "delivery",
            "id": 3
        },
        {
            "x": 726,
            "y": 98,
            "node_type": "delivery",
            "id": 4
        },
        {
            "x": 818,
            "y": 203,
            "node_type": "delivery",
            "id": 5
        },
        {
            "x": 585,
            "y": 808,
            "node_type": "delivery",
            "id": 6
        },
        {
            "x": 158,
            "y": 382,
            "node_type": "delivery",
            "id": 7
        },
        {
            "x": 458,
            "y": 811,
            "node_type": "delivery",
            "id": 8
        },
        {
            "x": 347,
            "y": 38,
            "node_type": "delivery",
            "id": 9
        },
        {
            "x": 212,
            "y": 314,
            "node_type": "delivery",
            "id": 10
        },
        {
            "x": 613,
            "y": 920,
            "node_type": "delivery",
            "id": 11
        },
        {
            "x": 152,
            "y": 458,
            "node_type": "delivery",
            "id": 12
        },
        {
            "x": 204,
            "y": 44,
            "node_type": "delivery",
            "id": 13
        },
        {
            "x": 503,
            "y": 898,
            "node_type": "delivery",
            "id": 14
        },
        {
            "x": 409,
            "y": 904,
            "node_type": "delivery",
            "id": 15
        },
        {
            "x": 708,
            "y": 921,
            "node_type": "delivery",
            "id": 16
        },
        {
            "x": 35,
            "y": 809,
            "node_type": "delivery",
            "id": 17
        },
        {
            "x": 88,
            "y": 900,
            "node_type": "delivery",
            "id": 18
        },
        {
            "x": 642,
            "y": 824,
            "node_type": "delivery",
            "id": 19
        },
        {
            "x": 812,
            "y": 274,
            "node_type": "delivery",
            "id": 20
        },
        {
            "x": 832,
            "y": 37,
            "node_type": "delivery",
            "id": 21
        },
        {
            "x": 145,
            "y": 24,
            "node_type": "delivery",
            "id": 22
        },
        {
            "x": 748,
            "y": 856,
            "node_type": "delivery",
            "id": 23
        },
        {
            "x": 198,
            "y": 747,
            "node_type": "delivery",
            "id": 24
        },
        {
            "x": 607,
            "y": 348,
            "node_type": "delivery",
            "id": 25
        },
        {
            "x": 857,
            "y": 885,
            "node_type": "delivery",
            "id": 26
        },
        {
            "x": 361,
            "y": 889,
            "node_type": "delivery",
            "id": 27
        },
        {
            "x": 849,
            "y": 608,
            "node_type": "delivery",
            "id": 28
        },
        {
            "x": 815,
            "y": 656,
            "node_type": "delivery",
            "id": 29
        },
        {
            "x": 378,
            "y": 730,
            "node_type": "delivery",
            "id": 30
        }
    ],
    "travel_costs": [
        [
            0,
            105.41821474489123,
            559.580199792666,
            415.47683449261046,
            450.83478126692927,
            754.604532188881,
            364.17715469260287,
            886.0124152629013,
            833.5574365333201,
            170.01764614298128,
            386.12174245955117,
            723.5647863184056,
            546.1547399776001,
            492.5413688209346,
            755.7618672571407,
            192.50974001333023,
            499.1963541533531,
            404.357515077932,
            479.15028957520207,
            350.13425996323184,
            251.83526361492744,
            780.0743554303012,
            67.00746227100382,
            458.35030271616483,
            401.27795852750245,
            582.5813247950882,
            172.1046193453273,
            707.723109697571,
            580.5945228815028,
            619.4271547163557,
            741.6097356426761,
            408.89240638583647,
            142.56226709757388,
            157.27682601069998,
            427.56987733001023,
            497.2333456235613,
            627.7491537230457,
            218.24756585125985,
            588.9185003037347,
            201.55644370746373,
            133.70115930686615,
            741.4883680813881,
            278.0287754891569,
            227.06827167175956,
            684.3690524855723,
            671.6583953171433,
            784.5285208327355,
            639.0696362682238,
            702.1395872616783,
            667.6795638627859,
            491.32066921716205,
            548.1797150570239,
            277.71388153997634,
            750.5997601918082,
            523.8864380760396,
            305.49140740780257,
            839.5439238062532,
            652.1671564867399,
            643.9169201069343,
            646.353618385478,
            495.17673612559787,
            196.4739168439414
        ],
        [
            105.41821474489123,
            0,
            463.72944698390677,
            315.4964342112284,
            347.82898096622137,
            649.1971965435464,
            263.69679558159214,
            781.0409720366788,
            728.6158109731081,
            93.30058949438637,
            359.6067296366963,
            663.726600340833,
            514.3150785267724,
            441.47480109288233,
            663.509608069092,
            195.45076106272904,
            403.4476422040412,
            329.94848082693153,
            374.20048102588004,
            315.9256241585984,
            256.3201123595259,
            675.9030995638354,
            40.70626487409524,
            377.107411754264,
            307.416655371826,
            480.060412864881,
            257.73047937719747,
            617.4827932825335,
            490.5884222033782,
            589.956778077852,
            656.6840945233864,
            378.02909940902697,
            195.16403357176242,
            250.50548896181897,
            396.6270288318737,
            438.5430423573038,
            528.7059674336955,
            245.3263133053607,
            500.11198745880904,
            280.9590717524529,
            182.00274723201298,
            643.4174383710781,
            281.092511461974,
            330.96978714076005,
            593.1020148338733,
            589.1909707386901,
            682.5188642081624,
            610.6693049433547,
            660.197697663359,
            566.202260680757,
            420.0059523387734,
            518.7754813018827,
            382.9908615097754,
            646.5268749247784,
            474.38381085361675,
            215.54117936023266,
            734.3493718932426,
            574.9478237196832,
            541.1783439865272,
            541.7767067713414,
            415.30831920393797,
            298.23648334836565
        ],
        [
            559.580199792666,
            463.72944698390677,
            0,
            153.32644912082196,
            305.4079239312562,
            310.975883309301,
            203.79646709401024,
            389.0758280849634,
            341.397129454833,
            391.31572930307823,
            679.5910535020308,
            364.6422904710862,
            421.6835306245668,
            307.8782226790326,
            203.29781110479274,
            471.30669420240577,
            60.40695324215582,
            512.4890242727155,
            176.67201249773547,
            633.2203407977353,
            662.091383420748,
            273.3093485411723,
            503.626845988178,
            152.50245899656832,
            400.4122875237472,
            102.61091559868277,
            646.1284701976845,
            164.90603384958357,
            489.39145885476995,
            471.2281825188303,
            223.78784596130328,
            681.4462561347005,
            651.9524522539969,
            713.4437609230316,
            693.9697399743018,
            632.1178687555035,
            79.40403012442127,
            524.7951981487636,
            80.43009387039157,
            743.6430595386471,
            543.4059256209855,
            183.698121928342,
            477.46204037598636,
            783.9502535237807,
            138.17742217887843,
            181.63975335812367,
            246.10770000144245,
            488.3646178829912,
            454.76367489059635,
            136.41847382227965,
            567.3182528352141,
            787.9701771006312,
            827.3723466493185,
            246.07722365143832,
            323.3032632065442,
            421.8589811773598,
            358.15080622553404,
            204.89997559785115,
            361.9295511560226,
            312.18744369368864,
            146.32156368765337,
            755.7803913836347
        ],
        [
            415.47683449261046,
            315.4964342112284,
            153.32644912082196,
            0,
            203.5706265648362,
            370.2769233965303,
            51.86520991955977,
            484.8638984292396,
            432.8336863045667,
            252.84184780213897,
            535.3811726237672,
            457.19251962384516,
            430.76907967030314,
            315.1920049747455,
            356.6188441459593,
            359.3229744950913,
            96.51942809610922,
            382.1884351991829,
            108.16653826391968,
            487.98463090552355,
            509.43301816823765,
            372.75863504417975,
            356.0014044916115,
            151.43315356948756,
            275.9365869180816,
            170.29386365926402,
            521.245623482826,
            316.3558123379433,
            407.44692905947886,
            496.5571467615787,
            368.7058448139926,
            539.636914971539,
            500.02499937503126,
            566.0008833915368,
            553.4663494739314,
            508.20665088131227,
            213.25102578885756,
            419.1479452412955,
            209.80467106334882,
            593.123933086501,
            419.3292262649958,
            328.24990479815835,
            389.0771131793799,
            642.1409502593648,
            290.1103238424996,
            313.0814590485997,
            369.8350983884575,
            516.6981710824997,
            513.9970817037778,
            252.62026838715852,
            449.61872736797784,
            655.0435100052515,
            689.2111432645296,
            343.0349836386954,
            342.4762765506539,
            277.1569952211201,
            443.22116375462036,
            318.5294334908471,
            338.0,
            307.76614498674155,
            180.4799157801222,
            611.8014383768642
        ],
        [
            450.83478126692927,
            347.82898096622137,
            305.4079239312562,
            203.5706265648362,
            0,
            325.5764119219941,
            199.7223072167954,
            468.24139073772625,
            418.42801053466775,
            338.4228124698452,
            403.0111660984097,
            653.6252749091027,
            630.6227081226937,
            516.8413683133347,
            485.0938053613961,
            479.41631177923017,
            272.44265451650557,
            217.17504460687928,
            128.79829191413992,
            362.0082871979591,
            433.29089535784163,
            382.883794381533,
            383.8567441116542,
            354.8873060564438,
            106.07544484940897,
            242.86004199950227,
            601.0657202003788,
            460.9772228646444,
            204.59227746911662,
            698.5026843183927,
            526.4798191763858,
            398.6640189432701,
            477.61072014769525,
            570.5611273124028,
            407.9656848314574,
            328.6715685908959,
            320.3388830597996,
            541.9114318779407,
            382.4042363782075,
            576.2612254871917,
            510.6623150380298,
            422.35648450094857,
            535.9776114727181,
            666.2762189962959,
            434.42490720491617,
            486.5480449040978,
            417.57993246802465,
            718.906113480752,
            717.2307857307856,
            323.0108357315587,
            262.25178741049604,
            489.2903023768201,
            723.2433891851346,
            357.4185221837279,
            545.1541066524217,
            174.86280336309378,
            417.6146549152699,
            503.8352905464245,
            193.3520105920805,
            199.36148073286375,
            382.020941834345,
            629.3250352560274
        ],
        [
            754.604532188881,
            649.1971965435464,
            310.975883309301,
            370.2769233965303,
            325.5764119219941,
            0,
            411.17514516322603,
            144.3675863897433,
            99.12618221237011,
            610.3589108057652,
            710.375956800341,
            638.6000313185084,
            732.3803656570813,
            618.809340588844,
            342.09355445550267,
            728.9444423273972,
            341.62113517755307,
            517.1895203888029,
            278.6485241303101,
            675.0185182644992,
            758.032321210646,
            102.80077820717118,
            688.7045810795801,
            456.9912471809498,
            421.9052026225796,
            216.8985938174796,
            883.4568467106925,
            357.6870140220358,
            377.4572823512616,
            779.0006418482593,
            426.14199511430456,
            700.5290857630396,
            800.0999937507811,
            888.0202700389219,
            705.7053209378544,
            593.1214040986887,
            245.29370150902773,
            789.2908209272422,
            372.3022965279693,
            898.8064307736122,
            783.7397527240786,
            249.92999019725502,
            757.5803587739059,
            978.4579704821256,
            342.5390488688845,
            434.6320282721926,
            174.6682569902156,
            795.1062822038322,
            749.2529612887759,
            190.07366992826755,
            522.3102526276888,
            759.0026350415392,
            1032.0896278909115,
            101.60708636704432,
            633.8966792782558,
            500.43281267318997,
            93.00537618869136,
            478.13178099766594,
            188.95766721676046,
            140.80127840328723,
            456.7931698263449,
            943.4458119044253
        ],
        [
            364.17715469260287,
            263.69679558159214,
            203.79646709401024,
            51.86520991955977,
            199.7223072167954,
            411.17514516322603,
            0,
            531.0376634477069,
            478.7243465711766,
            203.70812453115363,
            495.46442859200295,
            485.1030818290067,
            432.3424568556736,
            320.75535848992456,
            406.77880967425034,
            318.5231545743574,
            145.16886718577092,
            353.2732653343584,
            136.56500283747664,
            447.52765277689826,
            461.5668965599678,
            420.5199162941037,
            304.23839336941023,
            171.95929750961417,
            253.6473930479081,
            219.4766502386985,
            474.62090135180523,
            365.0054794109261,
            403.34228640200865,
            501.94123161979826,
            414.4031853159433,
            501.4319495205705,
            448.53650910488886,
            514.1915985311311,
            516.0862331045074,
            481.36472658473843,
            265.1075253552792,
            379.7696670351649,
            254.55844122715712,
            541.3409276971398,
            373.5625784256233,
            380.10787942372366,
            356.6020190632689,
            591.0372238700369,
            339.11944798256553,
            355.31676008879737,
            420.523483291956,
            522.6671981289816,
            530.2046774595638,
            303.5275934738059,
            427.0234185615585,
            621.8745854269976,
            638.7691288720832,
            390.80046059338264,
            350.65652710308984,
            239.35329536064464,
            487.89855502962905,
            355.79347942310574,
            358.3657349691792,
            335.33565274214425,
            206.63252406143616,
            560.365059581698
        ],
        [
            886.0124152629013,
            781.0409720366788,
            389.0758280849634,
            484.8638984292396,
            468.24139073772625,
            144.3675863897433,
            531.0376634477069,
            0,
            52.497618993626745,
            734.2070552643852,
            854.4893211737641,
            658.2461545652964,
            794.0812301018076,
            687.7972084851755,
            338.24547299261815,
            842.6304053379513,
            434.4939585310709,
            661.3176241413804,
            406.8673002343638,
            819.3680491696025,
            901.3684041500455,
            115.97413504743201,
            821.2015586931141,
            541.5764027355698,
            566.0477011701399,
            316.7222758190525,
            1005.5694903884068,
            373.1621631409058,
            514.0155639666956,
            829.8939691309968,
            429.42869023855405,
            844.2991176117621,
            939.3157083749851,
            1024.2548510990807,
            849.1277877916846,
            733.7744885181005,
            311.1028768751585,
            900.7385858283191,
            429.29826461331055,
            1037.8309110833036,
            904.0409282770332,
            256.43907658545334,
            861.1724565962382,
            1111.8030401109722,
            367.86546453832824,
            461.04338190673553,
            161.60754932861275,
            843.4642849581717,
            781.783857597482,
            252.68557536986555,
            663.4530880175328,
            898.76192620738,
            1163.6567363273414,
            144.5060552364502,
            696.8392928071723,
            642.8164590301029,
            51.419840528729765,
            510.07842534261334,
            327.61104987469514,
            284.177761269245,
            532.0770620878145,
            1077.8497112306518
        ],
        [
            833.5574365333201,
            728.6158109731081,
            341.397129454833,
            432.8336863045667,
            418.42801053466775,
            99.12618221237011,
            478.7243465711766,
            52.497618993626745,
            0,
            681.797623932498,
            808.4182086024534,
            626.6897158881737,
            751.7905293364636,
            643.5347698454217,
            310.7571399018854,
            791.0208593962614,
            384.7557666884279,
            615.279611233787,
            354.42488625941604,
            772.3211767134189,
            851.7188503256225,
            69.12307863514182,
            768.8016649305592,
            493.66891739302366,
            517.7200015452368,
            265.4147697472769,
            953.306876089751,
            340.2381518877623,
            475.52076715954263,
            790.3518203939308,
            401.07480599010455,
            798.9974968671679,
            887.7578498667303,
            972.1409362844463,
            804.4190450256633,
            692.2087835328298,
            264.70549673174526,
            849.41038373686,
            386.24474106452243,
            986.20129791032,
            851.8744038882727,
            223.4032228952841,
            810.8378382882732,
            1059.4158767924898,
            332.01355394019686,
            426.0950598164686,
            129.634100452003,
            804.609221920803,
            747.0167334136498,
            205.64532574313475,
            621.4257799608896,
            858.0052447392147,
            1111.1890028253517,
            95.34149149242421,
            653.9671245559673,
            592.6153896077961,
            24.16609194718914,
            474.0379731624883,
            287.34126052483305,
            239.83536019528066,
            485.8744693848402,
            1025.5398578309864
        ],
        [
            170.01764614298128,
            93.30058949438637,
            391.31572930307823,
            252.84184780213897,
            338.4228124698452,
            610.3589108057652,
            203.70812453115363,
            734.2070552643852,
            681.797623932498,
            0,
            440.00454543106713,
            570.6172096949058,
            425.1176307799995,
            348.5182922028627,
            585.9027223012366,
            145.03103116229988,
            331.1268639056638,
            377.3181681287027,
            331.748398639692,
            393.97461847179954,
            347.8174808717929,
            624.2195126716242,
            124.5792920191795,
            289.836160614924,
            327.0382240656281,
            422.83448298359014,
            273.14831136216094,
            537.7080992508854,
            510.3175481991581,
            501.00698597923764,
            572.3399339553374,
            455.98793843697223,
            285.674640106538,
            326.74454853906894,
            474.12445623485826,
            497.01609631882144,
            461.8538729944787,
            206.07280266934788,
            418.9140723346495,
            365.3505166275258,
            175.2769237521015,
            574.2725833608984,
            218.05045287731002,
            392.63469026564627,
            514.4171459039833,
            503.10734441071315,
            622.3736819628542,
            521.93869371795,
            568.0088027486898,
            505.05643249046926,
            467.1637828428055,
            594.909236774821,
            437.22419878135753,
            594.5031539024835,
            381.52457325839447,
            250.12197024651792,
            690.188380081844,
            486.0041152089147,
            527.4665866194749,
            517.9893821305607,
            327.3438559069041,
            364.9931506206658
        ],
        [
            386.12174245955117,
            359.6067296366963,
            679.5910535020308,
            535.3811726237672,
            403.0111660984097,
            710.375956800341,
            495.46442859200295,
            854.4893211737641,
            808.4182086024534,
            440.00454543106713,
            0,
            974.0061601447909,
            862.7774915932844,
            774.6050606599468,
            876.1107235960533,
            552.834514117923,
            629.8674463726475,
            193.1864384474231,
            516.9767886472273,
            48.373546489791295,
            151.0132444522665,
            781.6354649067557,
            355.735857062512,
            661.8798984710141,
            297.0824801296771,
            640.0101561694158,
            548.8624600025037,
            843.9774878514237,
            372.15588131856794,
            938.6479638288255,
            902.0670706771198,
            26.476404589747453,
            281.64161624305456,
            381.4734591029892,
            43.10452412450461,
            169.2010638264429,
            713.7597635059012,
            595.4712419588373,
            744.7986305035744,
            341.8552325180938,
            516.9235920327104,
            821.9860096133024,
            639.851545282185,
            482.37951863651926,
            817.0734361120791,
            848.460370317907,
            820.3810090439686,
            959.7749736266309,
            996.2058020308856,
            724.1615841785589,
            215.80083410404143,
            162.16349774224778,
            543.4822904198443,
            757.7928476833231,
            807.8000990344084,
            258.42793966597344,
            803.076584143754,
            851.2508443461304,
            533.4838329321705,
            570.4813756819763,
            699.046493446609,
            443.9909908995902
        ],
        [
            723.5647863184056,
            663.726600340833,
            364.6422904710862,
            457.19251962384516,
            653.6252749091027,
            638.6000313185084,
            485.1030818290067,
            658.2461545652964,
            626.6897158881737,
            570.6172096949058,
            974.0061601447909,
            0,
            242.85180666406413,
            234.05341270744162,
            321.18841822207725,
            553.044302022903,
            382.2316051819891,
            837.68311430994,
            530.4573498406822,
            925.6370779090474,
            912.3360126620016,
            562.0266897577018,
            693.6656254997793,
            313.6829609653671,
            733.1207267565144,
            462.95248136282845,
            723.5758426039387,
            286.4716390849188,
            849.2749849136026,
            224.86440358580546,
            230.62740513651016,
            982.5543241979041,
            854.6168732244877,
            875.7408292411632,
            998.1232388838565,
            964.8569842209777,
            401.1246688998322,
            573.4544445725397,
            284.9087573241651,
            925.051890436423,
            639.0007824721343,
            403.35220341532784,
            498.50376126966177,
            909.0269522956951,
            297.1346496119226,
            203.9730374338726,
            498.02911561473996,
            227.40272645683035,
            133.93281898026336,
            449.891097933711,
            906.7756062003432,
            1106.660291146294,
            931.3415055713988,
            545.6903884071992,
            206.4097865896867,
            723.077450899971,
            649.5690879344552,
            163.08280105516954,
            725.3061422599425,
            673.0713186579859,
            278.6000717874997,
            894.5032140803073
        ],
        [
            546.1547399776001,
            514.3150785267724,
            421.6835306245668,
            430.76907967030314,
            630.6227081226937,
            732.3803656570813,
            432.3424568556736,
            794.0812301018076,
            751.7905293364636,
            425.1176307799995,
            862.7774915932844,
            242.85180666406413,
            0,
            117.38824472663352,
            488.00922122435355,
            357.0616193320139,
            402.355564146937,
            766.7711523003458,
            533.376039956802,
            815.6696635280731,
            770.4985399077664,
            682.7188293873255,
            534.2181202467771,
            288.5307609250702,
            680.4564644413337,
            521.0009596920145,
            507.4692108887001,
            437.9326432226764,
            835.0958028873094,
            75.92759709091287,
            413.00121065197857,
            876.9503976850687,
            686.9446848182174,
            685.4407341265911,
            894.537310568989,
            894.8072418124476,
            490.16935848745175,
            359.706825067304,
            365.5680511204446,
            741.3568641349455,
            437.5762790645764,
            544.6631986833698,
            283.80451018262556,
            700.7603013870007,
            433.97004504919465,
            351.24065823876373,
            635.2322409953701,
            97.0,
            163.44112089679268,
            548.9380657232654,
            849.3014776862219,
            1012.8296994065686,
            714.4186447734969,
            658.8360949431959,
            98.508882848198,
            639.038340007859,
            771.3319648504137,
            302.0347662107791,
            760.0276310766603,
            719.573484781089,
            278.0881155317501,
            692.5063176607127
        ],
        [
            492.5413688209346,
            441.47480109288233,
            307.8782226790326,
            315.1920049747455,
            516.8413683133347,
            618.809340588844,
            320.75535848992456,
            687.7972084851755,
            643.5347698454217,
            348.5182922028627,
            774.6050606599468,
            234.05341270744162,
            117.38824472663352,
            0,
            399.85122233150673,
            319.00626953086675,
            285.3944638566067,
            664.1460682711297,
            416.45407910116575,
            726.6532873386042,
            695.8850479784718,
            574.4432086812412,
            467.8471972770597,
            171.14321488157222,
            572.465719497683,
            405.44543405987446,
            491.4519305079592,
            347.0230539892126,
            721.4242857015557,
            181.66177363441105,
            337.08455912426484,
            786.6498585774995,
            627.2136796977566,
            642.7791222496263,
            803.5801142387734,
            792.8808233271883,
            379.5813483299726,
            341.95467535917686,
            258.897663179875,
            693.4853999905117,
            405.0197526047341,
            444.9831457482407,
            268.7322087134328,
            675.1066582400147,
            338.24547299261815,
            267.34621747838514,
            531.8533632496838,
            202.1410398706804,
            221.68671588527803,
            438.74935897389065,
            743.8017208907223,
            919.0103372650385,
            698.6172056283756,
            549.3568967438199,
            33.28663395418648,
            539.0009276429865,
            662.1457543471831,
            223.43902971504326,
            642.6585407508408,
            602.3039099989306,
            162.3730273167314,
            660.4733151308991
        ],
        [
            755.7618672571407,
            663.509608069092,
            203.29781110479274,
            356.6188441459593,
            485.0938053613961,
            342.09355445550267,
            406.77880967425034,
            338.24547299261815,
            310.7571399018854,
            585.9027223012366,
            876.1107235960533,
            321.18841822207725,
            488.00922122435355,
            399.85122233150673,
            0,
            645.5168471852613,
            261.8415551435638,
            700.5405056097756,
            360.6508006368487,
            830.7647079648967,
            865.0,
            251.18120948828954,
            702.7616950289763,
            309.18117665860575,
            587.6393451769545,
            242.89298054904756,
            825.6803255497857,
            53.81449618829485,
            641.1941983517942,
            509.825460329317,
            91.19758768739445,
            876.0667782766334,
            853.9531603079878,
            911.4954744813601,
            887.4638020787102,
            812.9680190511802,
            164.7573974060042,
            691.8092222571191,
            169.95587662684687,
            944.299211055479,
            724.4998274671983,
            92.17917335276988,
            632.8001264222377,
            976.7210451300822,
            72.09022125087424,
            136.85393673548452,
            181.1767093199344,
            520.6092584655021,
            448.58889865889466,
            178.04493814764854,
            744.6475676452586,
            974.3351579410445,
            1016.5475886548548,
            241.4953415699773,
            398.3026487484109,
            620.5489505268702,
            334.463749904231,
            186.7243958351452,
            476.68123520860354,
            418.2738337500925,
            280.1285419231678,
            950.6345249358451
        ],
        [
            192.50974001333023,
            195.45076106272904,
            471.30669420240577,
            359.3229744950913,
            479.41631177923017,
            728.9444423273972,
            318.5231545743574,
            842.6304053379513,
            791.0208593962614,
            145.03103116229988,
            552.834514117923,
            553.044302022903,
            357.0616193320139,
            319.00626953086675,
            645.5168471852613,
            0,
            415.33721239494065,
            516.8413683133347,
            454.52942699015654,
            510.4213945359266,
            434.9678149012867,
            728.6864895138375,
            198.21705274773916,
            336.38222307369335,
            472.00423726911606,
            525.9781364277417,
            181.24017214734707,
            593.1778822579278,
            655.3365547564091,
            428.8519558075957,
            612.0694405049153,
            572.2910098891996,
            335.0462654619508,
            328.90728176797785,
            590.9890015897081,
            631.513261935171,
            548.7740883095703,
            62.6418390534633,
            475.9422233843095,
            384.29806140546685,
            86.20904824900921,
            653.0122510336234,
            87.8635305459552,
            356.27517454911174,
            573.7848028660222,
            538.977736089349,
            715.2209448834675,
            448.07365465958827,
            516.6236541235796,
            599.6265504461924,
            607.216600563588,
            713.2776458014088,
            383.020887158912,
            699.1680770744614,
            347.5758909936073,
            392.4601890638081,
            802.2131886225756,
            509.48012718849003,
            664.3982239590953,
            649.5729366283665,
            366.742416417845,
            341.774779642969
        ],
        [
            499.1963541533531,
            403.4476422040412,
            60.40695324215582,
            96.51942809610922,
            272.44265451650557,
            341.62113517755307,
            145.16886718577092,
            434.4939585310709,
            384.7557666884279,
            331.1268639056638,
            629.8674463726475,
            382.2316051819891,
            402.355564146937,
            285.3944638566067,
            261.8415551435638,
            415.33721239494065,
            0,
            469.7658991455212,
            148.4048516727132,
            582.8250166216272,
            605.793694255726,
            318.69264189811474,
            443.28433313168193,
            116.619037896906,
            359.6623416483855,
            124.72369462135093,
            588.204896273399,
            220.0568108466539,
            467.4109540864441,
            459.1089195387081,
            272.68296609799444,
            633.1413744180678,
            592.3318326748952,
            653.0581903628497,
            646.4216889925647,
            592.8659207611785,
            133.68619973654722,
            470.4604127873035,
            115.31695452100702,
            683.5729661126163,
            485.40807574658254,
            243.31050121192877,
            426.9859482465436,
            723.7465025822232,
            194.01030900444442,
            220.14540649307222,
