{
    "depot": {
        "x": 760,
        "y": 438,
        "node_type": "depot",
        "id": 0
    },
    "final_destination": {
        "x": 225,
        "y": 820,
        "node_type": "final",
        "id": 21
    },
    "pickup_nodes": [
        {
            "x": 646,
            "y": 104,
            "node_type": "pickup",
            "id": 1
        },
        {
            "x": 534,
            "y": 880,
            "node_type": "pickup",
            "id": 2
        },
        {
            "x": 697,
            "y": 135,
            "node_type": "pickup",
            "id": 3
        },
        {
            "x": 761,
            "y": 53,
            "node_type": "pickup",
            "id": 4
        },
        {
            "x": 363,
            "y": 64,
            "node_type": "pickup",
            "id": 5
        },
        {
            "x": 993,
            "y": 116,
            "node_type": "pickup",
            "id": 6
        },
        {
            "x": 963,
            "y": 48,
            "node_type": "pickup",
            "id": 7
        },
        {
            "x": 579,
            "y": 382,
            "node_type": "pickup",
            "id": 8
        },
        {
            "x": 335,
            "y": 43,
            "node_type": "pickup",
            "id": 9
        },
        {
            "x": 904,
            "y": 950,
            "node_type": "pickup",
            "id": 10
        },
        {
            "x": 584,
            "y": 104,
            "node_type": "pickup",
            "id": 11
        },
        {
            "x": 784,
            "y": 517,
            "node_type": "pickup",
            "id": 12
        },
        {
            "x": 30,
            "y": 761,
            "node_type": "pickup",
            "id": 13
        },
        {
            "x": 885,
            "y": 104,
            "node_type": "pickup",
            "id": 14
        },
        {
            "x": 159,
            "y": 795,
            "node_type": "pickup",
            "id": 15
        },
        {
            "x": 338,
            "y": 421,
            "node_type": "pickup",
            "id": 16
        },
        {
            "x": 822,
            "y": 615,
            "node_type": "pickup",
            "id": 17
        },
        {
            "x": 681,
            "y": 279,
            "node_type": "pickup",
            "id": 18
        },
        {
            "x": 241,
            "y": 40,
            "node_type": "pickup",
            "id": 19
        },
        {
            "x": 731,
            "y": 590,
            "node_type": "pickup",
            "id": 20
        }
    ],
    "delivery_nodes": [
        {
            "x": 424,
            "y": 922,
            "node_type": "delivery",
            "id": 1
        },
        {
            "x": 467,
            "y": 991,
            "node_type": "delivery",
            "id": 2
        },
        {
            "x": 401,
            "y": 936,
            "node_type": "delivery",
            "id": 3
        },
        {
            "x": 259,
            "y": 985,
            "node_type": "delivery",
            "id": 4
        },
        {
            "x": 639,
            "y": 816,
            "node_type": "delivery",
            "id": 5
        },
        {
            "x": 517,
            "y": 805,
            "node_type": "delivery",
            "id": 6
        },
        {
            "x": 517,
            "y": 835,
            "node_type": "delivery",
            "id": 7
        },
        {
            "x": 160,
            "y": 579,
            "node_type": "delivery",
            "id": 8
        },
        {
            "x": 377,
            "y": 237,
            "node_type": "delivery",
            "id": 9
        },
        {
            "x": 367,
            "y": 228,
            "node_type": "delivery",
            "id": 10
        },
        {
            "x": 695,
            "y": 264,
            "node_type": "delivery",
            "id": 11
        },
        {
            "x": 522,
            "y": 357,
            "node_type": "delivery",
            "id": 12
        },
        {
            "x": 328,
            "y": 88,
            "node_type": "delivery",
            "id": 13
        },
        {
            "x": 247,
            "y": 727,
            "node_type": "delivery",
            "id": 14
        },
        {
            "x": 912,
            "y": 766,
            "node_type": "delivery",
            "id": 15
        },
        {
            "x": 448,
            "y": 170,
            "node_type": "delivery",
            "id": 16
        },
        {
            "x": 687,
            "y": 141,
            "node_type": "delivery",
            "id": 17
        },
        {
            "x": 125,
            "y": 679,
            "node_type": "delivery",
            "id": 18
        },
        {
            "x": 815,
            "y": 835,
            "node_type": "delivery",
            "id": 19
        },
        {
            "x": 476,
            "y": 655,
            "node_type": "delivery",
            "id": 20
        }
    ],
    "travel_costs": [
        [
            0,
            352.919254221132,
            496.4272353527755,
            309.48020938341114,
            385.0012986991083,
            545.4218550810007,
            397.45817390009734,
            439.6691938264495,
            189.46503635235712,
            580.2154772151464,
            531.8646444350292,
            377.53410441971994,
            82.56512580987206,
            798.2662463113419,
            356.6244523304593,
            699.0350491928141,
            422.3422782530776,
            187.5446613476374,
            177.54436065389405,
            654.0374607008379,
            154.74172029546523,
            589.1960624444125,
            625.8258543716454,
            613.9096024660307,
            741.7614171686203,
            396.8941924493227,
            440.1567902463848,
            465.46535853917203,
            616.3448709935047,
            432.53901558125364,
            445.5883750727795,
            185.74444810007105,
            251.40604606890426,
            555.989208528367,
            588.8038722698756,
            361.5079528862401,
            411.3003768537053,
            305.83982736066275,
            679.195111878759,
            400.79171648126663,
            357.4143253984093,
            657.3804073746037
        ],
        [
            352.919254221132,
            0,
            784.0408152641036,
            59.682493245507096,
            125.80143083447024,
            285.8128758471178,
            347.2074307960588,
            321.9083720563974,
            285.9597873827717,
            316.92585883767833,
            884.4659405539594,
            62.0,
            435.44574863006756,
            900.6136796651492,
            239.0,
            845.3697415923994,
            441.9875563859236,
            540.4599892684009,
            178.46568297574748,
            410.02560895631876,
            493.37713769488755,
            847.5895232953271,
            904.8812076731398,
            867.3228925838405,
            962.2525655980346,
            712.0344092808999,
            712.7706503497461,
            742.2950895701789,
            679.5741313499212,
            300.0833217624732,
            305.3145918556792,
            167.3349933516597,
            281.7534383108749,
            318.4022612985027,
            739.8175450744596,
            713.4423592694787,
            208.71032557111306,
            55.226805085936306,
            775.9291204742866,
            750.2812805874873,
            576.6289968428573,
            830.6003852635754
        ],
        [
            496.4272353527755,
            784.0408152641036,
            0,
            762.6231048165272,
            857.5884794002308,
            833.7247747308461,
            891.2782954835152,
            936.090273424524,
            500.02899915904874,
            860.3313315229196,
            376.5634076752546,
            777.6091563246923,
            440.7595716487618,
            517.858088669087,
            851.6906715468945,
            384.51267859460756,
            499.0961831150385,
            391.3681131620204,
            618.7164132298416,
            889.6341944867002,
            350.5837988270422,
            117.7454882362802,
            129.65338406690356,
            144.3086968966181,
            294.3637205907005,
            122.96747537458839,
            76.90253571892151,
            48.104053883222775,
            480.0802016330188,
            661.8897189109376,
            673.0475466116789,
            636.692233343552,
            523.1376491899623,
            818.3520025025905,
            325.2352994371921,
            394.8164130326905,
            715.1894853813218,
            754.6721142323996,
            455.7214061243996,
            284.5803928593816,
            232.35533133543547,
            314.77134558278965
        ],
        [
            309.48020938341114,
            59.682493245507096,
            762.6231048165272,
            0,
            104.01922899156675,
            341.4630287454265,
            296.60917045836595,
            279.86603938313056,
            273.73892671668017,
            373.50769737717593,
            840.8769232176608,
            117.17508267545622,
            391.78182704153085,
            914.7485993430107,
            190.538709977789,
            851.4951555939706,
            458.9956426808428,
            496.0090724976711,
            144.88616221019868,
            465.790725540988,
            456.2685612662789,
            833.0054021433474,
            886.361100229472,
            853.9420355035816,
            956.2133653113201,
            683.4654343856755,
            693.7578828380979,
            722.772439983706,
            696.781888398371,
            335.8630673354842,
            342.8541964159109,
            129.0155029444136,
            282.68179990936807,
            371.9811823197512,
            743.6154920387282,
            666.6228318922178,
            251.44780770569466,
            11.6619037896906,
            789.379503154218,
            709.8760455178073,
            565.014159114619,
            831.8707832349926
        ],
        [
            385.0012986991083,
            125.80143083447024,
            857.5884794002308,
            104.01922899156675,
            0,
            398.15198103236906,
            240.40174708183798,
            202.06187171260197,
            375.98537205588195,
            426.1173547275446,
            908.3270336172981,
            184.20097719610501,
            464.5696933722647,
            1017.6566218523811,
            134.07833531186162,
            955.4935897220871,
            560.6719183265736,
            565.3008048817903,
            239.741527483246,
            520.1624746173065,
            537.837336004112,
            932.0568652179973,
            982.9954221663497,
            953.5664633364578,
            1058.5971849575267,
            772.692047325453,
            790.5947128586176,
            819.1825193447429,
            798.6720227978441,
            425.80746822948043,
            431.11599367223664,
            221.0814329607984,
            386.700142229092,
            434.41224660453577,
            847.627276578568,
            728.8141052422078,
            334.1526597230673,
            114.97825881443848,
            892.3967727418113,
            783.8622327934928,
            666.0548025500605,
            935.7269900991421
        ],
        [
            545.4218550810007,
            285.8128758471178,
            833.7247747308461,
            341.4630287454265,
            398.15198103236906,
            0,
            632.1423890232327,
            600.2132954208862,
            384.4216435113923,
            35.0,
            1038.1122290003138,
            224.5907389007837,
            618.4254199173898,
            772.4622968145436,
            523.5303238590865,
            758.9314857086903,
            357.8742796010912,
            717.1345759339736,
            383.86065179958206,
            124.33824833895643,
            641.9501538281613,
            860.1656817148657,
            932.8156302292538,
            872.827588931514,
            926.8532785721806,
            801.0493118404135,
            756.8335351978004,
            786.2296102284624,
            553.5648110203538,
            173.5655495770978,
            164.04877323527901,
            387.5874094962323,
            333.36166546260233,
            42.43819034784589,
            673.071318657986,
            891.18179963462,
            135.87126259809318,
            333.02402315748935,
            659.4459795919603,
            893.725349310402,
            601.7059082309231,
            768.492029887103
        ],
        [
            397.45817390009734,
            347.2074307960588,
            891.2782954835152,
            296.60917045836595,
            240.40174708183798,
            632.1423890232327,
            0,
            74.32361670424818,
            492.0894227678543,
            662.0370080290074,
            838.7353575473016,
            409.1760012512953,
            452.19685978564684,
            1159.0487478963084,
            108.664621657649,
            1075.451997998981,
            722.5302761822511,
            527.48649271806,
            352.0127838587684,
            755.8306688670418,
            541.5902510200863,
            986.6088383954402,
            1020.9314374628691,
            1011.3673912085559,
            1137.5047252649108,
            784.4208054354499,
            837.4347735794114,
            862.2859154595998,
            953.0257079428657,
            627.7714552287322,
            635.9402487655582,
            332.72811723688153,
            529.0765540070737,
            665.5892126529696,
            964.2805608327899,
            655.0274803395656,
            547.6686954719979,
            307.019543351885,
            1034.5979895592297,
            740.705744543675,
            746.8667886577899,
            1041.8445181503812
        ],
        [
            439.6691938264495,
            321.9083720563974,
            936.090273424524,
            279.86603938313056,
            202.06187171260197,
            600.2132954208862,
            74.32361670424818,
            0,
            508.93221552580064,
            628.0199041431728,
            903.9275413438845,
            383.11486528194126,
            501.99800796417514,
            1174.2478443667674,
            96.02083107326243,
            1097.4629834304208,
            727.8420158248629,
            584.2687737676899,
            364.5339490363003,
            722.0443199693492,
            589.5659420285401,
            1026.8383514458349,
            1065.488151036885,
            1050.898663049868,
            1172.0004266210829,
            833.5466393669883,
            878.6153879827053,
            904.5910678312051,
            962.6889424938878,
            615.724776178448,
            622.5881463696526,
            344.20923869065456,
            538.4811974433277,
            636.2585952268149,
            986.7608626207262,
            719.8090024443985,
            529.2532475101121,
            291.247317584214,
            1049.0019065759604,
            800.795229756022,
            778.2146233527099,
            1068.0018726575342
        ],
        [
            189.46503635235712,
            285.9597873827717,
            500.02899915904874,
            273.73892671668017,
            375.98537205588195,
            384.4216435113923,
            492.0894227678543,
            508.93221552580064,
            0,
            417.68049990393376,
            654.4073654842218,
            278.044960393099,
            245.45875417267155,
            667.1146827944953,
            413.42472107990835,
            589.04074561952,
            244.13520843991344,
            336.6570955735227,
            144.9586147836685,
            480.8409300381988,
            257.6198750096739,
            561.8051263561058,
            619.2132104533946,
            581.8934610390462,
            682.6485186389846,
            438.1278352262043,
            427.5195901944143,
            457.22314027179334,
            463.0010799123475,
            248.65437860612872,
            262.030532572065,
            165.46903033498444,
            62.24146527838174,
            386.57082145449107,
            478.7995405177411,
            508.2764995551142,
            249.20874784003874,
            264.09278672466615,
            542.5172808307584,
            510.788605980987,
            291.7841668082763,
            563.1696014523511
        ],
        [
            580.2154772151464,
            316.92585883767833,
            860.3313315229196,
            373.50769737717593,
            426.1173547275446,
            35.0,
            662.0370080290074,
            628.0199041431728,
            417.68049990393376,
            0,
            1070.705374974834,
            256.3630238548453,
            652.8989202012821,
            780.095506973345,
            553.372388179967,
            772.3211767134189,
            378.0119045744459,
            751.2343176399759,
            418.8221579620639,
            94.04786015641184,
            675.2962312940892,
            883.4941991886534,
            957.1457569252449,
            895.4356481623904,
            945.0608446020818,
            830.6292795224593,
            783.4334687770239,
            812.6426028704133,
            563.8448368123982,
            198.4943324127921,
            187.74717041809177,
            422.42277400727346,
            365.46545664398985,
            45.541190146942796,
            689.6375859826667,
            925.0178376658474,
            169.9941175452845,
            365.3874655759281,
            669.7730959063674,
            926.1015063155875,
            628.0326424637497,
            784.7477301655609
        ],
        [
            531.8646444350292,
            884.4659405539594,
            376.5634076752546,
            840.8769232176608,
            908.3270336172981,
            1038.1122290003138,
            838.7353575473016,
            903.9275413438845,
            654.4073654842218,
            1070.705374974834,
            0,
            904.4976506326592,
            449.32059823693817,
            894.2018787723497,
            846.2133300769966,
            760.9533494242602,
            774.723821758438,
            344.889837484377,
            707.0855676649044,
            1125.9080779530805,
            399.4108160778824,
            480.8159731123749,
            438.91912694709487,
            503.1947932957972,
            645.9489143887464,
            296.952858211535,
            413.27230732290786,
            403.72515403427616,
            831.3705551677905,
            886.6216780566557,
            899.8072015715367,
            717.1310898294677,
            705.3885454130935,
            1036.7352603244476,
            693.8140961381514,
            184.1738309315414,
            903.5131432358912,
            837.5977554888742,
            824.7920950154652,
            145.41664278891875,
            519.8163137109108,
            691.3327708130145
        ],
        [
            377.53410441971994,
            62.0,
            777.6091563246923,
            117.17508267545622,
            184.20097719610501,
            224.5907389007837,
            409.1760012512953,
            383.11486528194126,
            278.044960393099,
            256.3630238548453,
            904.4976506326592,
            0,
            458.8779794237244,
            859.3980451455542,
            301.0,
            811.2373265574014,
            401.25428346623295,
            563.7064839080707,
            200.0849819451725,
            348.919761549844,
            507.74501474657535,
            833.501049789381,
            894.6831841495626,
            851.8879034239187,
            939.0346106507469,
            714.1211381831516,
            704.1945753838211,
            734.064029904749,
            636.7110804752812,
            246.04471138392714,
            249.92999019725502,
            194.7331507473753,
            260.48608408128064,
            256.4995126701024,
            708.3064308616715,
            738.8017325372214,
            151.16877984557527,
            109.44404963267762,
            735.7350066430168,
            766.6302889920279,
            561.4846391487482,
            800.9600489412691
        ],
        [
            82.56512580987206,
            435.44574863006756,
            440.7595716487618,
            391.78182704153085,
            464.5696933722647,
            618.4254199173898,
            452.19685978564684,
            501.99800796417514,
            245.45875417267155,
            652.8989202012821,
            449.32059823693817,
            458.8779794237244,
            0,
            792.4973186074511,
            425.17055401332766,
            684.0387415929013,
            456.2148616605996,
            105.1094667477673,
            259.33183375744676,
            722.7572206488151,
            90.2108640907513,
            541.8717560456533,
            570.2324087597968,
            567.6706791793989,
            703.3128748999268,
            332.3040776156681,
            392.7250946909301,
            415.2264442445832,
            627.0725635841517,
            494.0131577195085,
            507.3558908695158,
            268.19768828235635,
            306.9918565695188,
            626.0806657292653,
            576.6012486979195,
            279.9732130043873,
            483.01656286301403,
            388.3104428160541,
            678.6199230791858,
            319.50743340335606,
            337.50259258263486,
            635.8380296899518
        ],
        [
            798.2662463113419,
            900.6136796651492,
            517.858088669087,
            914.7485993430107,
            1017.6566218523811,
            772.4622968145436,
            1159.0487478963084,
            1174.2478443667674,
            667.1146827944953,
            780.095506973345,
            894.2018787723497,
            859.3980451455542,
            792.4973186074511,
            0,
            1078.2736201910905,
            133.40539719216758,
            458.76355565803175,
            805.3446467196513,
            810.0154319517621,
            751.2403077577773,
            721.5552646887139,
            425.6254221730652,
            493.83094273242943,
            410.2023890715411,
            320.3388830597996,
            611.4785360092371,
            488.9836398081228,
            492.590093282437,
            223.6604569431083,
            628.4783210262706,
            630.6013003475333,
            830.2011804376093,
            636.6160538346485,
            736.0251354403599,
            219.64744478368058,
            882.0141722217392,
            723.8818964444408,
            903.3543047996174,
            125.49501982150528,
            788.4801836444591,
            458.4233850928637,
            203.73021376320204
        ],
        [
            356.6244523304593,
            239.0,
            851.6906715468945,
            190.538709977789,
            134.07833531186162,
            523.5303238590865,
            108.664621657649,
            96.02083107326243,
            413.42472107990835,
            553.372388179967,
            846.2133300769966,
            301.0,
            425.17055401332766,
            1078.2736201910905,
            0,
            1002.2759101165707,
            632.2167349888801,
            514.8689153561322,
            268.7768591229535,
            647.1723109033637,
            509.81565295702717,
            938.9595305443146,
            980.5574944897419,
            962.538310925856,
            1080.7576046459262,
            753.2994092656651,
            791.7228050271129,
            818.4039344968962,
            866.7467911679859,
            525.1218906120749,
            532.634959423431,
            248.39484696748443,
            442.4680779446129,
            557.2297551279903,
            891.7247333117995,
            662.5503754432564,
            441.955880150949,
            201.42740627829173,
            953.0083945065751,
            734.3439248744419,
            686.2084231485358,
            973.7843703818623
        ],
        [
            699.0350491928141,
            845.3697415923994,
            384.51267859460756,
            851.4951555939706,
            955.4935897220871,
            758.9314857086903,
            1075.451997998981,
            1097.4629834304208,
            589.04074561952,
            772.3211767134189,
            760.9533494242602,
            811.2373265574014,
            684.0387415929013,
            133.40539719216758,
            1002.2759101165707,
            0,
            414.6287496061989,
            687.0000000000001,
            733.9891007365163,
            759.4399252080444,
            607.6257071586092,
            293.86051112730337,
            365.07533469134836,
            280.0803456153252,
            214.7091055358389,
            480.45915539200627,
            358.1396375717158,
            360.227705764007,
            216.00231480241135,
            599.0726166334094,
            603.9478454303814,
            754.4912192994694,
            568.8699324098611,
            726.9181522014704,
            111.21151019566275,
            753.5582260184012,
            688.5826021618611,
            840.5355435673139,
            120.8801058900926,
            657.2183807533079,
            346.5385981387932,
            70.57619995437555
        ],
        [
            422.3422782530776,
            441.9875563859236,
            499.0961831150385,
            458.9956426808428,
            560.6719183265736,
            357.8742796010912,
            722.5302761822511,
            727.8420158248629,
            244.13520843991344,
            378.0119045744459,
            774.723821758438,
            401.25428346623295,
            456.2148616605996,
            458.76355565803175,
            632.2167349888801,
            414.6287496061989,
            0,
            521.4326418627817,
            371.23173355735634,
            393.15391388106514,
            427.79668067903475,
            508.3276502414559,
            584.415092207585,
            518.8390887356118,
            569.5059262202633,
            496.6145386514575,
            423.6708628168806,
            451.0399095423818,
            238.0084032129958,
            188.08774548066654,
            195.1665955024066,
            389.99743588900685,
            194.81273059017474,
            333.15011631395237,
            319.24442046807957,
            669.7021726110794,
            274.0456166407337,
            447.43826389793713,
            334.5638952427473,
            631.605098142819,
            271.6615541441225,
            414.69265727765185
        ],
        [
            187.5446613476374,
            540.4599892684009,
            391.3681131620204,
            496.0090724976711,
            565.3008048817903,
            717.1345759339736,
            527.48649271806,
            584.2687737676899,
            336.6570955735227,
            751.2343176399759,
            344.889837484377,
            563.7064839080707,
            105.1094667477673,
            805.3446467196513,
            514.8689153561322,
            687.0000000000001,
            521.4326418627817,
            0,
            364.38578457453576,
            817.4264492906992,
            94.37160589923221,
            502.6459986909276,
            517.10830587025,
            529.4166601080854,
            673.6980035594582,
            271.82715096178305,
            359.339672176619,
            376.06515392947534,
            662.978129352696,
            583.8741302712426,
            597.3223585301323,
            373.2693397534815,
            395.6816902511411,
            722.33302568829,
            585.8062819738279,
            175.78680269007683,
            581.2925253261046,
            492.8498757228209,
            699.9321395678297,
            220.11133546457802,
            348.30446451344835,
            631.216286228421
        ],
        [
            177.54436065389405,
            178.46568297574748,
            618.7164132298416,
            144.88616221019868,
            239.741527483246,
            383.86065179958206,
            352.0127838587684,
            364.5339490363003,
            144.9586147836685,
            418.8221579620639,
            707.0855676649044,
            200.0849819451725,
            259.33183375744676,
            810.0154319517621,
            268.7768591229535,
            733.9891007365163,
            371.23173355735634,
            364.38578457453576,
            0,
            500.7204809072623,
            314.99365072966157,
            692.4579409610378,
            743.4648613081858,
            714.1771488923459,
            822.508358620142,
            538.6399539581148,
            550.9736835820746,
            579.6826718127772,
            601.1996340650916,
            306.88760157425713,
            318.11475916719104,
            20.518284528683193,
            177.10166571774528,
            401.3601873629222,
            623.7467434784729,
            539.008348729405,
            257.23530084341064,
            138.13037319865606,
            684.9350334155788,
            571.9195747655434,
            428.2534296418419,
            707.5429315596333
        ],
        [
            654.0374607008379,
            410.02560895631876,
            889.6341944867002,
            465.790725540988,
            520.1624746173065,
            124.33824833895643,
            755.8306688670418,
            722.0443199693492,
            480.8409300381988,
            94.04786015641184,
            1125.9080779530805,
            348.919761549844,
            722.7572206488151,
            751.2403077577773,
            647.1723109033637,
            759.4399252080444,
            393.15391388106514,
            817.4264492906992,
            500.7204809072623,
            0,
            736.6138744281158,
            900.7846579510554,
            977.485038248668,
            910.1736098129852,
            945.1714130251719,
            872.1123780797976,
            813.2656392593996,
            841.546790143008,
            545.0522910693982,
            239.38462774372127,
            226.31835983852483,
            506.25290122625466,
            423.6153915995027,
            99.36297097007517,
            687.0262003737558,
            988.5934452544179,
            244.43608571567333,
            457.29312262486525,
            649.4436080215125,
            980.5615737933033,
            658.3691973353554,
            780.1640853051363
        ],
        [
            154.74172029546523,
            493.37713769488755,
            350.5837988270422,
            456.2685612662789,
            537.837336004112,
            641.9501538281613,
            541.5902510200863,
            589.5659420285401,
            257.6198750096739,
            675.2962312940892,
            399.4108160778824,
            507.74501474657535,
            90.2108640907513,
            721.5552646887139,
            509.81565295702717,
            607.6257071586092,
            427.79668067903475,
            94.37160589923221,
            314.99365072966157,
            736.6138744281158,
            0,
            452.18690825807863,
            480.1010310340939,
            478.13805537731463,
            615.474613611317,
            244.0081965836394,
            303.349633261687,
            325.30139870587703,
            571.1059446372451,
            499.92499437415614,
            513.361471090303,
            327.98170680694983,
            313.0015974400131,
            643.7491747567526,
            503.0159043211258,
            252.46187831036985,
            506.44743063816605,
            451.15075085829125,
            612.5006122445919,
            259.0,
            263.1539473388154,
            555.8201147853503
        ],
        [
            589.1960624444125,
            847.5895232953271,
            117.7454882362802,
            833.0054021433474,
            932.0568652179973,
            860.1656817148657,
            986.6088383954402,
            1026.8383514458349,
            561.8051263561058,
            883.4941991886534,
            480.8159731123749,
            833.501049789381,
            541.8717560456533,
            425.6254221730652,
            938.9595305443146,
            293.86051112730337,
            508.3276502414559,
            502.6459986909276,
            692.4579409610378,
            900.7846579510554,
            452.18690825807863,
            0,
            81.30190649671138,
            26.92582403567252,
            176.61823235442031,
            239.71024175032656,
            149.4590244849738,
            127.34991166074673,
            432.83368630456664,
            686.610515503513,
            696.3368437760565,
            711.6213880990368,
            573.4361341945588,
            839.5069981840533,
            263.3514761682569,
            512.3280199247353,
            752.3828812512947,
            824.0934413038366,
            385.29209698616967,
            400.5621050473946,
            272.0165436145383,
            223.61797781037197
        ],
        [
            625.8258543716454,
            904.8812076731398,
            129.65338406690356,
            886.361100229472,
            982.9954221663497,
            932.8156302292538,
            1020.9314374628691,
            1065.488151036885,
            619.2132104533946,
            957.1457569252449,
            438.91912694709487,
            894.6831841495626,
            570.2324087597968,
            493.83094273242943,
            980.5574944897419,
            365.07533469134836,
            584.415092207585,
            517.10830587025,
            743.4648613081858,
            977.485038248668,
            480.1010310340939,
            81.30190649671138,
            0,
            85.91274643497322,
            208.08652046684813,
            245.37522287305214,
            192.60321908005585,
            163.8169710378018,
            513.8024912356888,
            759.3523556294535,
            769.525178275539,
            761.9140371459237,
            636.3811750829843,
            913.6355947531816,
            343.65098573989286,
            498.6481725625795,
            821.21982440757,
            878.0091115700338,
            462.93412058304796,
            381.36596596969684,
            336.1205141017132,
            296.31908477180474
        ],
        [
            613.9096024660307,
            867.3228925838405,
            144.3086968966181,
            853.9420355035816,
            953.5664633364578,
            872.827588931514,
            1011.3673912085559,
            1050.898663049868,
            581.8934610390462,
            895.4356481623904,
            503.1947932957972,
            851.8879034239187,
            567.6706791793989,
            410.2023890715411,
            962.538310925856,
            280.0803456153252,
            518.8390887356118,
            529.4166601080854,
            714.1771488923459,
            910.1736098129852,
            478.13805537731463,
            26.92582403567252,
            85.91274643497322,
            0,
            150.2165104108067,
            266.54080363051355,
            174.9771413642365,
            153.80832227158584,
            430.7319351986802,
            699.4118958096152,
            708.8159140425673,
            733.4984662560651,
            591.5082417008236,
            851.136299308166,
            259.6093218665308,
            538.5359783709906,
            767.440551443563,
            844.8792813177513,
            377.1272994626616,
            426.1419951143046,
            290.8367239534925,
            210.78899402008636
        ],
        [
            741.7614171686203,
            962.2525655980346,
            294.3637205907005,
            956.2133653113201,
            1058.5971849575267,
            926.8532785721806,
            1137.5047252649108,
            1172.0004266210829,
            682.6485186389846,
            945.0608446020818,
            645.9489143887464,
            939.0346106507469,
            703.3128748999268,
            320.3388830597996,
            1080.7576046459262,
            214.7091055358389,
            569.5059262202633,
            673.6980035594582,
            822.508358620142,
            945.1714130251719,
            615.474613611317,
            176.61823235442031,
            208.08652046684813,
            150.2165104108067,
            0,
            415.88580163309257,
            314.58544149403986,
            298.4359227707013,
            417.8959200566572,
            757.2502888741608,
            764.6652862527499,
            842.5775928660813,
            680.847266279303,
            899.6499319179655,
            258.27891900037065,
            688.7452359181876,
            836.6277547392269,
            946.3191850533307,
            334.0538878684096,
            575.8784593992034,
            394.95442775084825,
            168.46661390317075
        ],
        [
            396.8941924493227,
            712.0344092808999,
            122.96747537458839,
            683.4654343856755,
            772.692047325453,
            801.0493118404135,
            784.4208054354499,
            833.5466393669883,
            438.1278352262043,
            830.6292795224593,
            296.952858211535,
            714.1211381831516,
            332.3040776156681,
            611.4785360092371,
            753.2994092656651,
            480.45915539200627,
            496.6145386514575,
            271.82715096178305,
            538.6399539581148,
            872.1123780797976,
            244.0081965836394,
            239.71024175032656,
            245.37522287305214,
            266.54080363051355,
            415.88580163309257,
            0,
            122.49489785293099,
            123.4706442843804,
            534.424924568456,
            635.5194725576864,
            647.8641832977032,
            554.8333083007905,
            473.67710520986765,
            791.6470173000085,
            401.97636746455635,
            277.5409879639402,
            673.6445650341135,
            676.704514540874,
            531.9445459820037,
            177.02259742756007,
            229.10696191953662,
            414.0193232205473
        ],
        [
            440.1567902463848,
            712.7706503497461,
            76.90253571892151,
            693.7578828380979,
            790.5947128586176,
            756.8335351978004,
            837.4347735794114,
            878.6153879827053,
            427.5195901944143,
            783.4334687770239,
            413.27230732290786,
            704.1945753838211,
            392.7250946909301,
            488.9836398081228,
            791.7228050271129,
            358.1396375717158,
            423.6708628168806,
            359.339672176619,
            550.9736835820746,
            813.2656392593996,
            303.349633261687,
            149.4590244849738,
            192.60321908005585,
            174.9771413642365,
            314.58544149403986,
            122.49489785293099,
            0,
