{
    "depot": {
        "x": 976,
        "y": 370,
        "node_type": "depot",
        "id": 0
    },
    "final_destination": {
        "x": 457,
        "y": 567,
        "node_type": "final",
        "id": 31
    },
    "pickup_nodes": [
        {
            "x": 605,
            "y": 642,
            "node_type": "pickup",
            "id": 1
        },
        {
            "x": 553,
            "y": 844,
            "node_type": "pickup",
            "id": 2
        },
        {
            "x": 262,
            "y": 2,
            "node_type": "pickup",
            "id": 3
        },
        {
            "x": 202,
            "y": 755,
            "node_type": "pickup",
            "id": 4
        },
        {
            "x": 740,
            "y": 983,
            "node_type": "pickup",
            "id": 5
        },
        {
            "x": 22,
            "y": 377,
            "node_type": "pickup",
            "id": 6
        },
        {
            "x": 931,
            "y": 677,
            "node_type": "pickup",
            "id": 7
        },
        {
            "x": 812,
            "y": 508,
            "node_type": "pickup",
            "id": 8
        },
        {
            "x": 342,
            "y": 959,
            "node_type": "pickup",
            "id": 9
        },
        {
            "x": 385,
            "y": 562,
            "node_type": "pickup",
            "id": 10
        },
        {
            "x": 817,
            "y": 871,
            "node_type": "pickup",
            "id": 11
        },
        {
            "x": 602,
            "y": 316,
            "node_type": "pickup",
            "id": 12
        },
        {
            "x": 114,
            "y": 439,
            "node_type": "pickup",
            "id": 13
        },
        {
            "x": 280,
            "y": 954,
            "node_type": "pickup",
            "id": 14
        },
        {
            "x": 114,
            "y": 132,
            "node_type": "pickup",
            "id": 15
        },
        {
            "x": 471,
            "y": 869,
            "node_type": "pickup",
            "id": 16
        },
        {
            "x": 191,
            "y": 527,
            "node_type": "pickup",
            "id": 17
        },
        {
            "x": 450,
            "y": 72,
            "node_type": "pickup",
            "id": 18
        },
        {
            "x": 604,
            "y": 217,
            "node_type": "pickup",
            "id": 19
        },
        {
            "x": 741,
            "y": 648,
            "node_type": "pickup",
            "id": 20
        },
        {
            "x": 974,
            "y": 736,
            "node_type": "pickup",
            "id": 21
        },
        {
            "x": 24,
            "y": 128,
            "node_type": "pickup",
            "id": 22
        },
        {
            "x": 336,
            "y": 780,
            "node_type": "pickup",
            "id": 23
        },
        {
            "x": 906,
            "y": 966,
            "node_type": "pickup",
            "id": 24
        },
        {
            "x": 567,
            "y": 531,
            "node_type": "pickup",
            "id": 25
        },
        {
            "x": 531,
            "y": 500,
            "node_type": "pickup",
            "id": 26
        },
        {
            "x": 374,
            "y": 460,
            "node_type": "pickup",
            "id": 27
        },
        {
            "x": 833,
            "y": 813,
            "node_type": "pickup",
            "id": 28
        },
        {
            "x": 294,
            "y": 221,
            "node_type": "pickup",
            "id": 29
        },
        {
            "x": 758,
            "y": 524,
            "node_type": "pickup",
            "id": 30
        }
    ],
    "delivery_nodes": [
        {
            "x": 361,
            "y": 833,
            "node_type": "delivery",
            "id": 1
        },
        {
            "x": 997,
            "y": 731,
            "node_type": "delivery",
            "id": 2
        },
        {
            "x": 31,
            "y": 695,
            "node_type": "delivery",
            "id": 3
        },
        {
            "x": 631,
            "y": 698,
            "node_type": "delivery",
            "id": 4
        },
        {
            "x": 601,
            "y": 209,
            "node_type": "delivery",
            "id": 5
        },
        {
            "x": 157,
            "y": 848,
            "node_type": "delivery",
            "id": 6
        },
        {
            "x": 635,
            "y": 278,
            "node_type": "delivery",
            "id": 7
        },
        {
            "x": 936,
            "y": 699,
            "node_type": "delivery",
            "id": 8
        },
        {
            "x": 154,
            "y": 702,
            "node_type": "delivery",
            "id": 9
        },
        {
            "x": 605,
            "y": 982,
            "node_type": "delivery",
            "id": 10
        },
        {
            "x": 934,
            "y": 459,
            "node_type": "delivery",
            "id": 11
        },
        {
            "x": 302,
            "y": 387,
            "node_type": "delivery",
            "id": 12
        },
        {
            "x": 880,
            "y": 732,
            "node_type": "delivery",
            "id": 13
        },
        {
            "x": 419,
            "y": 595,
            "node_type": "delivery",
            "id": 14
        },
        {
            "x": 461,
            "y": 892,
            "node_type": "delivery",
            "id": 15
        },
        {
            "x": 349,
            "y": 469,
            "node_type": "delivery",
            "id": 16
        },
        {
            "x": 72,
            "y": 903,
            "node_type": "delivery",
            "id": 17
        },
        {
            "x": 650,
            "y": 943,
            "node_type": "delivery",
            "id": 18
        },
        {
            "x": 146,
            "y": 400,
            "node_type": "delivery",
            "id": 19
        },
        {
            "x": 784,
            "y": 959,
            "node_type": "delivery",
            "id": 20
        },
        {
            "x": 200,
            "y": 484,
            "node_type": "delivery",
            "id": 21
        },
        {
            "x": 292,
            "y": 403,
            "node_type": "delivery",
            "id": 22
        },
        {
            "x": 157,
            "y": 29,
            "node_type": "delivery",
            "id": 23
        },
        {
            "x": 642,
            "y": 560,
            "node_type": "delivery",
            "id": 24
        },
        {
            "x": 651,
            "y": 42,
            "node_type": "delivery",
            "id": 25
        },
        {
            "x": 557,
            "y": 370,
            "node_type": "delivery",
            "id": 26
        },
        {
            "x": 914,
            "y": 239,
            "node_type": "delivery",
            "id": 27
        },
        {
            "x": 721,
            "y": 723,
            "node_type": "delivery",
            "id": 28
        },
        {
            "x": 49,
            "y": 640,
            "node_type": "delivery",
            "id": 29
        },
        {
            "x": 905,
            "y": 116,
            "node_type": "delivery",
            "id": 30
        }
    ],
    "travel_costs": [
        [
            0,
            460.0271731104588,
            635.2991421369936,
            803.2558745505694,
            864.4657309575666,
            656.8599546326448,
            954.0256809960621,
            310.28051824115545,
            214.3361845326169,
            865.3767965458746,
            621.40566460244,
            525.6253418548234,
            377.878287283088,
            864.7571913548912,
            908.5548965252458,
            894.2527606890571,
            709.9478854113166,
            800.5460636340673,
            604.5494189890517,
            402.23500593558487,
            364.01785670486004,
            366.00546444008177,
            982.2769466906979,
            760.0657866263946,
            600.096658880884,
            439.5474945896063,
            463.6000431406365,
            608.690397492847,
            465.50832430795475,
            698.0866708367951,
            266.9082239272518,
            769.8012730568845,
            361.6102874642811,
            999.3247720335967,
            476.0346626034705,
            408.10047782378297,
            948.2852946239333,
            353.1925820285585,
            331.42269083452936,
            886.5145232876898,
            715.6710138045273,
            98.41239759298621,
            674.2143576044639,
            374.5130171302461,
            600.7278918112593,
            733.286437894497,
            634.7676740351544,
            1049.4307980996173,
            659.2457811772481,
            830.5419917138447,
            619.5038337250222,
            784.3290125961171,
            684.7955899390707,
            887.1538761680523,
            384.26032842332296,
            461.7456009535986,
            419.0,
            144.9310180741169,
            435.4698611844452,
            965.5200671140916,
            263.7366110345699,
            555.1306152609492
        ],
        [
            460.0271731104588,
            0,
            208.58571379651102,
            726.1191362304122,
            418.5427098875335,
            366.750596454866,
            640.4014366005123,
            327.8734511972569,
            246.5866987491418,
            411.895617845104,
            234.0939982143925,
            312.0656982111299,
            326.01380338875225,
            531.3097025276312,
            450.5208097302499,
            707.9413817541675,
            263.60007587252323,
            429.6754589221963,
            590.6987387831465,
            425.00117646895995,
            136.13228860193308,
            380.7847160798343,
            775.7299787941679,
            302.33259830855155,
            442.24088458666955,
            117.3243367763057,
            160.12495120998474,
            294.0833215264001,
            285.0,
            523.4137942393188,
            193.21749403198461,
            309.86610011422675,
            401.97636746455635,
            576.4416709433835,
            61.741396161732524,
            433.0184753564217,
            493.09228345209374,
            365.2341714571625,
            335.8719994283536,
            454.9736256092215,
            340.0,
            376.4704503676218,
            396.0227266205817,
            289.35272592460575,
            191.84629264074928,
            288.5064990602465,
            308.97410894765926,
            593.472830043634,
            304.3451987464235,
            518.8882345939248,
            364.04670030093666,
            434.7286509996782,
            393.8146772277539,
            759.2581906044873,
            89.96110270555825,
            601.7607498001178,
            276.2028240261131,
            507.8287112796991,
            141.4814475470194,
            556.0035971106662,
            605.5377775168118,
            165.9186547679314
        ],
        [
            635.2991421369936,
            208.58571379651102,
            0,
            890.8675546903703,
            362.1077187799233,
            233.00214591286493,
            707.1421356417676,
            413.2468995648969,
            424.2369620860493,
            240.30397416605493,
            328.2499047981583,
            265.377090194312,
            530.2687997610269,
            597.2821778690538,
            294.3280482726714,
            836.4598017836839,
            85.72630868059116,
            481.1787609610383,
            778.8408052997737,
            629.0707432395819,
            271.58792314828725,
            434.6320282721926,
            890.2230057687793,
            226.24102192131295,
            373.48761692993247,
            313.3129425989294,
            344.70277051396033,
            423.6708628168806,
            281.710844661685,
            674.6925225612034,
            380.0328933131973,
            192.31484602078956,
            458.1539042723526,
            542.8489661038326,
            165.5294535724685,
            636.8115890905253,
            396.0202015049232,
            571.9090836837618,
            409.52899775229594,
            423.5150528611705,
            147.4720312466062,
            541.6511792657707,
            521.3923666491484,
            345.6486655550691,
            282.766688278517,
            103.76897416858279,
            426.8969430670592,
            484.60499378359697,
            138.6001443000692,
            602.3163620556891,
            258.04263213662966,
            504.19143189863905,
            512.4470704375233,
            906.1131275950039,
            297.61888380947875,
            807.9653457915135,
            474.01687733666193,
            704.5182751355709,
            207.03864373589778,
            543.7205164420412,
            808.6334150899282,
            293.1637767528587
        ],
        [
            803.2558745505694,
            726.1191362304122,
            890.8675546903703,
            0,
            755.3866559583906,
            1091.2584478481713,
            445.2246623896749,
            950.3609840476407,
            747.3526610643733,
            960.3379613448591,
            573.3489338962792,
            1031.1091115880995,
            462.8131372379138,
            461.3816207869576,
            952.1701528613464,
            196.98730923589977,
            891.835186567563,
            529.7791992896664,
            200.6090725764914,
            403.966582776348,
            804.2120367166859,
            1022.5947388873071,
            269.2953768633988,
            781.5113562834516,
            1159.3239409241924,
            610.6275460540575,
            566.0079504741962,
            471.4954930855649,
            991.8477705777233,
            221.3255520720552,
            720.0694410957877,
            836.8763349503917,
            1035.213021556433,
            730.4861394988957,
            787.7670975612018,
            397.20271902392614,
            852.4910556715536,
            464.0096981745101,
            969.5798058953167,
            708.2824295434696,
            1038.2913849204374,
            812.6702898469957,
            387.07234465923807,
            956.4643223874062,
            613.4313327504555,
            911.9764251338956,
            475.0347355720421,
            920.8153995237046,
            1017.853132824181,
            414.56000771902734,
            1090.106875494325,
            485.9711925618637,
            402.1206286675679,
            108.4158659975559,
            675.1029551112927,
            391.05114754978024,
            471.64499361278075,
            693.7384233268328,
            854.7057973361361,
            672.6165326543795,
            653.0275645024489,
            597.7039400907443
        ],
        [
            864.4657309575666,
            418.5427098875335,
            362.1077187799233,
            755.3866559583906,
            0,
            584.3184063505103,
            418.66932058606824,
            733.1609645909962,
            658.1101731473235,
            247.41867350707383,
            265.9661632614194,
            625.8442298208078,
            593.9031907642861,
            328.02438933713444,
            213.74049686477292,
            629.1843926862776,
            292.15920317525513,
            228.2651966463569,
            726.6312682509609,
            671.6010720658506,
            549.5179705887697,
            772.2337728952289,
            651.7768022874088,
            136.31214179228496,
            734.9401336163374,
            428.25342964184193,
            416.25232732082117,
            341.4805997417716,
            633.6600034718934,
            541.8671423882425,
            602.0772375700645,
            177.10166571774528,
            795.3621816505987,
            181.22085972646747,
            432.77014684471936,
            676.2521719003939,
            103.31505214633539,
            644.2189068942326,
            736.1331401315933,
            71.50524456289902,
            462.5343230507331,
            789.5821679850678,
            381.3449881668829,
            678.3900058226094,
            269.60897611170145,
            293.00170647967224,
            321.56647835245514,
            196.98730923589977,
            485.84771276604766,
            359.38976056643577,
            616.7171150535713,
            271.0073799733136,
            363.3235472688221,
            727.3932911431064,
            481.2743500333256,
            842.5971754047126,
            523.6888389110466,
            879.3179174792244,
            519.9855767230472,
            191.4001044931794,
            950.0157893424719,
            316.8106690122667
        ],
        [
            656.8599546326448,
            366.750596454866,
            233.00214591286493,
            1091.2584478481713,
            584.3184063505103,
            0,
            939.5530852485132,
            360.7173408640067,
            480.4258527598197,
            398.7229614657275,
            550.6959233551671,
            135.9154148726332,
            681.1262731681988,
            829.344319327021,
            460.91322393700096,
            1056.4454552886298,
            292.15920317525513,
            713.6784990456136,
            956.044455033342,
            777.9794341754799,
            335.00149253398854,
            340.24256053586237,
            1115.2044655577738,
            452.133829745132,
            166.86821147240718,
            483.9762390861766,
            526.2793934784071,
            638.3455177253146,
            193.77564346429097,
            882.9269505457402,
            459.35280558629444,
            407.6039744654117,
            359.93471630283176,
            765.2613932506985,
            305.1327579923205,
            786.3822225864468,
            598.4262694768671,
            712.7762622310033,
            345.06810921903525,
            649.8899906907322,
            135.00370365289984,
            558.75933996668,
            739.6350451405071,
            287.40389698123437,
            503.57223910775696,
            293.4655005277452,
            645.8149889867841,
            672.7733645143809,
            98.48857801796105,
            832.3010272731856,
            50.11985634456667,
            735.2557378218819,
            732.8737954109151,
            1118.0362248156364,
            434.2038691674684,
            945.1994498517232,
            639.7327567039225,
            764.075912458965,
            260.6933063966162,
            771.446692908849,
            882.561046047241,
            503.13517070465264
        ],
        [
            954.0256809960621,
            640.4014366005123,
            707.1421356417676,
            445.2246623896749,
            418.66932058606824,
            939.5530852485132,
            0,
            957.2256787194962,
            800.7877371688455,
            664.1716645566868,
            407.42361247232594,
            935.9813032320677,
            583.1989368988939,
            110.9414259868693,
            632.05458625027,
            261.7040313025384,
            666.0818268050856,
            225.9668117224297,
            525.5558961709021,
            603.592577820503,
            768.3762099388555,
            1017.4404159458186,
            249.0080319989699,
            510.88648445618526,
            1062.2509119788979,
            566.3400038845923,
            523.6506469011568,
            361.65314874890834,
            920.7697866459347,
            313.5602015562562,
            750.5364747965284,
            568.2050686151964,
            1037.2757588992426,
            318.1273329973393,
            688.4199299845989,
            602.8805851907988,
            489.9653048941323,
            620.9428315070559,
            969.061401563389,
            350.7834089577214,
            840.1868839728456,
            915.6789830502827,
            280.178514522438,
            928.541329182498,
            452.91610702203997,
            676.7170752980894,
            339.6954518388493,
            528.3710817219277,
            845.4229710624145,
            126.11502686040231,
            958.8367952889585,
            207.68485741623053,
            271.2489631316588,
            373.2680002357555,
            646.4433463189176,
            712.6471777815442,
            535.0457924327599,
            902.6117659326184,
            779.9467930570648,
            264.3822989536176,
            920.7659854707927,
            474.68410548490044
        ],
        [
            310.28051824115545,
            327.8734511972569,
            413.2468995648969,
            950.3609840476407,
            733.1609645909962,
            360.7173408640067,
            957.2256787194962,
            0,
            206.69300907384363,
            653.0275645024489,
            557.9793903003945,
            225.01555501786981,
            488.42809092025,
            850.9600460656188,
            707.4814485200301,
            982.0967365794472,
            498.46163342829107,
            755.0496672405068,
            772.9074976994336,
            564.3837347053864,
            192.2004162326398,
            73.00684899377592,
            1060.212242902335,
            603.8493189529984,
            290.0792995027394,
            392.18873007775227,
            437.41170537606786,
            597.777550598883,
            167.63054614240212,
            783.3932601190796,
            230.9502110845539,
            590.9619277076993,
            85.27602242131138,
            900.179982003599,
            300.7341018241862,
            572.6464878090147,
            792.6644939695482,
            496.80680349608735,
            22.561028345356952,
            777.402083866515,
            446.43140570528857,
            218.02064122463267,
            692.6333806567511,
            75.0066663703967,
            518.5248306494107,
            516.8413683133347,
            618.0517777662321,
            888.2325146041435,
            386.9328107049078,
            832.4385863233396,
            318.01415062855307,
            756.0489402148514,
            695.2675743913273,
            1009.4453922823166,
            311.78518245740935,
            693.9920748827035,
            483.86465049639656,
            438.32978452302325,
            214.97906874856446,
            882.7757359601588,
            561.6021723604708,
            486.5963419509028
        ],
        [
            214.3361845326169,
            246.5866987491418,
            424.2369620860493,
            747.3526610643733,
            658.1101731473235,
            480.4258527598197,
            800.7877371688455,
            206.69300907384363,
            0,
            651.3839113763864,
            430.40097583532497,
            363.0344336285471,
            284.541736833105,
            701.4021670910348,
            694.2189856234127,
            792.8303727784399,
            496.59037445363356,
            621.2905922352277,
            566.692156289462,
            357.6940033045005,
            156.97452022541748,
            279.69268849936,
            874.8394138354765,
            548.2335268843013,
            467.5467891024384,
            246.0772236514383,
            281.1138559374119,
            440.6222872256917,
            305.7220960284029,
            592.1933805776623,
            56.32051136131489,
            555.901070335361,
            289.74816651706357,
            803.075338931535,
            262.4137953690697,
            365.95354896489255,
            737.9871272590058,
            290.2223285689783,
            227.72132091659753,
            686.0029154456998,
            517.228189487,
            131.47243057006284,
            524.1574191023151,
            234.09399821439249,
            402.5145960086416,
            520.2470566951821,
            464.639645316669,
            838.8235809751653,
            464.1863849791375,
            674.6999333036872,
            451.86834365775167,
            612.4704074483926,
            530.4950518148119,
            811.459179503196,
            177.77513886930308,
            493.0283967480981,
            289.9465467978537,
            287.68906826641853,
            233.46520083301496,
            774.3339073035612,
            402.88087569404433,
            359.86942076258714
        ],
        [
            865.3767965458746,
            411.895617845104,
            240.30397416605493,
            960.3379613448591,
            247.41867350707383,
            398.7229614657275,
            664.1716645566868,
            653.0275645024489,
            651.3839113763864,
            0,
            399.3219252683228,
            483.0828086363662,
            693.5769604016557,
            567.7886930892513,
            62.20128616033594,
            857.853717133638,
            157.29272074701993,
            457.6297630180974,
            893.5507819928312,
            786.897706185499,
            505.8873392367119,
            670.1887793748863,
            889.7668233868916,
            179.10053042914194,
            564.0434380435606,
            483.5380026430187,
            496.3889603929564,
            500.0249993750312,
            512.2470107282228,
            739.5593282489242,
            601.8978318618534,
            127.42448744256342,
            693.5481237808953,
            407.9423978946047,
            389.4123778207364,
            793.4614042283342,
            215.7452201092761,
            741.3568641349455,
            648.4103638900292,
            318.42267507198665,
            264.003787851614,
            774.896122070565,
            573.3968957013981,
            583.9289340322159,
            372.0551034457127,
            136.5650028374766,
            490.04999744923987,
            275.74626017409554,
            308.41530441921975,
            592.3655965702263,
            442.0,
            495.7711165447217,
            558.2436743931811,
            948.2220204150503,
            499.20036057679283,
            967.6621311180882,
            627.0135564722665,
            919.5564148000926,
            446.4717236287198,
            433.1397003277349,
            1013.7149500722577,
            408.5205013215371
        ],
        [
            621.40566460244,
            234.0939982143925,
            328.2499047981583,
            573.3489338962792,
            265.9661632614194,
            550.6959233551671,
            407.42361247232594,
            557.9793903003945,
            430.40097583532497,
            399.3219252683228,
            0,
            531.1355759125912,
            328.03201063310877,
            297.60712357065654,
            405.8189251378008,
            508.27256467371916,
            318.81812997381434,
            197.13193551527868,
            494.2924235713107,
            408.6392051675904,
            366.24035823486196,
            614.1636589704735,
            564.5148359432194,
            223.43902971504332,
            659.2852190061598,
            184.62123388169627,
            158.6190404711868,
            102.59142264341595,
            513.522151420949,
            352.93342148342936,
            374.93066025599984,
            272.0606550017845,
            634.905504780042,
            378.16001903955953,
            281.0907326825273,
            413.84175719711993,
            365.75948381415895,
            378.35961729550365,
            567.7763644252902,
            270.11293934204633,
            474.1307836451879,
            558.578553114958,
            193.68531178176627,
            523.3784481615573,
            47.38143096192854,
            338.63845026812885,
            99.72462083156796,
            462.87147244132467,
            464.09697262533393,
            288.7299776607895,
            562.8587744718918,
            200.7710138441304,
            184.20097719610501,
            579.718034910076,
            257.0077819833478,
            584.0856101634416,
            257.77509577148834,
            619.8144883753525,
            372.5815347007954,
            344.9347764433154,
            685.066420137493,
            72.17340230306452
        ],
        [
            525.6253418548234,
            312.0656982111299,
            265.377090194312,
            1031.1091115880995,
            625.8442298208078,
            135.9154148726332,
            935.9813032320677,
            225.01555501786981,
            363.0344336285471,
            483.0828086363662,
            531.1355759125912,
            0,
            595.1890455981192,
            825.1260509764554,
            543.3764809043541,
            1019.965685697318,
            346.0057802985378,
            714.291257121351,
            879.2553667734988,
            687.8117475007242,
            235.5949914577982,
            207.0603776679643,
            1086.69130851406,
            489.532429977831,
            130.17680284904836,
            422.0189569201838,
            468.4410315077021,
            604.2929753025431,
            60.166435825965294,
            834.2835249482036,
            351.9801130745883,
            457.5805939941072,
            228.0350850198276,
            805.4638415223865,
            254.01771591761076,
            696.3476143421474,
            660.4006359778888,
            620.3007335156069,
            209.15305400591214,
            684.20026308092,
            239.30106560565085,
            428.2907890674279,
            706.7396974841586,
            152.61061562027723,
            484.3345950889736,
            356.6188441459593,
            616.950565280558,
            745.6869316274758,
            181.8598361376145,
            819.806074629848,
            93.98404119849283,
            728.3254766929412,
            703.3128748999268,
            1069.8429791329193,
            356.8557131390781,
            845.4566813267254,
            564.4475174894474,
            639.4005004689941,
            176.4086165695996,
            801.988154525988,
            760.1111760788681,
            471.1857383240711
        ],
        [
            377.878287283088,
            326.01380338875225,
            530.2687997610269,
            462.8131372379138,
            593.9031907642861,
            681.1262731681988,
            583.1989368988939,
            488.42809092025,
            284.541736833105,
            693.5769604016557,
            328.03201063310877,
            595.1890455981192,
            0,
            503.2623570266308,
            714.6523630409403,
            521.5361924162119,
            568.3044958470767,
            461.99783549276503,
            287.47173774129516,
            99.02019995940222,
            359.92360300485996,
            561.056146922926,
            607.8058900668864,
            534.8382933186441,
            717.5764767604913,
            217.83020910791964,
            197.22322378462434,
            269.6664606509308,
            548.0602156697747,
            322.31816579274584,
            260.0,
            570.4121317082938,
            572.9310604252487,
            685.3334954604218,
            383.09920386239384,
            107.00467279516347,
            693.5769604016558,
            50.32891812864648,
            508.17811837976654,
            591.3543776789007,
            666.0067567224825,
            361.4872058593499,
            308.28720375649715,
            500.3398844785412,
            333.66150512158276,
            593.0067453241994,
            295.66535136873915,
            790.8659810612668,
            628.8346364506333,
            463.6722980726797,
            668.2611764871576,
            435.69255215117,
            321.9767072320605,
            529.5224263428321,
            247.2569513684095,
            278.3469058567025,
            70.2922470831599,
            321.36116753584275,
            424.040092444099,
            640.9251126301731,
            363.05509223807894,
            289.87238571481765
        ],
        [
            864.7571913548912,
            531.3097025276312,
            597.2821778690538,
            461.3816207869576,
            328.02438933713444,
            829.344319327021,
            110.9414259868693,
            850.9600460656188,
            701.4021670910348,
            567.7886930892513,
            297.60712357065654,
            825.1260509764554,
            503.2623570266308,
            0,
            541.0924135487394,
            307.0,
            558.881919550096,
            116.93160394008115,
            497.57913943412063,
            537.94423502813,
            660.9160309751913,
            909.840095841022,
            323.76071410842917,
            406.8967928111501,
            951.3112003965896,
            462.24776905897556,
            421.43801442204995,
            260.8466982731428,
            810.4548105847729,
            282.70833026283464,
            649.5852522956475,
            465.02150487907545,
            930.0284941871404,
            269.1189328159578,
            578.247351917845,
            538.5805417948183,
            411.2541793100709,
            545.309086665535,
            862.1391998975572,
            266.02443496791795,
            732.0724007910693,
            820.2438661763952,
            195.05896544378575,
            820.124990474013,
            342.5799176834509,
            570.6294769813421,
            236.9071548096427,
            465.8969843216417,
            735.7390841867789,
            50.44799302251775,
            848.1155581640984,
            97.06183596038146,
            181.60396471443016,
            412.2487113381921,
            541.6871790987857,
            667.8158428788583,
            448.34138778390735,
            824.6211251235321,
            670.152967612619,
            211.24866863485792,
            854.4062265690718,
            366.1051761447795
        ],
        [
            908.5548965252458,
            450.5208097302499,
            294.3280482726714,
            952.1701528613464,
            213.74049686477292,
            460.91322393700096,
            632.05458625027,
            707.4814485200301,
            694.2189856234127,
            62.20128616033594,
            405.8189251378008,
            543.3764809043541,
            714.6523630409403,
            541.0924135487394,
            0,
            838.5940615100968,
            209.05980005730422,
            436.17656975128773,
            898.2338225651492,
            805.0745307112876,
            553.3145579143929,
            727.4338457894298,
            864.7612387243082,
            182.7894964159593,
            626.115005410348,
            511.1731604847813,
            518.7648793046808,
            502.86379865725075,
            570.6925617177782,
            733.1336849442944,
            642.9494536897905,
            145.60906565183365,
            750.8781525653814,
            359.27983522596975,
            434.43871834816935,
            811.2126724848422,
            162.3730273167314,
            763.545021593357,
            703.8188687439404,
            281.7445651649735,
            326.20392394942155,
            820.2079004740201,
            567.4266472417381,
            639.7530773665727,
            384.9701287113066,
            191.3243319601561,
            489.88365965808663,
            214.16115427406532,
            370.1634773988379,
            569.9754380672908,
            504.0248009770948,
            476.75989764240865,
            551.1306560154316,
            933.1420041987178,
            535.0513994000951,
            984.5735117298252,
            646.362901163116,
            955.6050439381323,
            497.8373228274473,
            389.81662355523014,
            1045.4037497541321,
            425.55610675914403
        ],
        [
            894.2527606890571,
            707.9413817541675,
            836.4598017836839,
            196.98730923589977,
            629.1843926862776,
            1056.4454552886298,
            261.7040313025384,
            982.0967365794472,
            792.8303727784399,
            857.853717133638,
            508.27256467371916,
            1019.965685697318,
            521.5361924162119,
            307.0,
            838.5940615100968,
            0,
            818.9126937592309,
            402.43508793344546,
            341.3151036798695,
            497.31780583445834,
            812.0252459129581,
            1050.9119848969274,
            90.08884503644165,
            684.9729921683045,
            1150.1391220195928,
            603.6638137241622,
            556.1591498842755,
            418.5498775534404,
            990.3140915891281,
            200.80089641234173,
            753.9230729988305,
            743.2428943488125,
            1067.0004686034586,
            569.0852308749543,
            766.5800675728531,
            493.0496932358847,
            717.2900389661074,
            541.0702357365446,
            998.5854995943012,
            571.4017850864661,
            981.6216175288724,
            882.796125954345,
            316.8106690122667,
            973.0138745156721,
            554.4312401010607,
            835.4693291797132,
            410.8454697328425,
            772.1431214483491,
            972.1198485783531,
            269.9036865253974,
            1064.3443991490724,
            362.3534186398688,
            324.2298567374695,
            111.61541112229978,
            679.6822787155776,
            544.4896693234869,
            502.8846786292062,
            807.1239062250603,
            847.189471133819,
            512.1415819868565,
            791.1618039314081,
            553.9620925659084
        ],
        [
            709.9478854113166,
            263.60007587252323,
            85.72630868059116,
            891.835186567563,
            292.15920317525513,
            292.15920317525513,
            666.0818268050856,
            498.46163342829107,
            496.59037445363356,
            157.29272074701993,
            318.81812997381434,
            346.0057802985378,
            568.3044958470767,
            558.881919550096,
            209.05980005730422,
            818.9126937592309,
            0,
            441.99999999999994,
            797.2766144820755,
            665.4269306242421,
            348.9140295258991,
            520.2864595585781,
            865.3843076922531,
            161.69724796668618,
            445.68374437486494,
            351.3687521678614,
            373.84622507121827,
            420.3450963196787,
            366.3058831086392,
            671.7387885182751,
            448.76942854878155,
            115.7410903698423,
            543.8014343489726,
            473.15536560415336,
            234.1815535006974,
            672.6812023536855,
            314.701445818096,
            613.3326992750345,
            495.10099979701107,
            358.2987580218497,
            175.28548142958104,
            618.4407813202489,
            510.76902803517754,
            431.335136523794,
            278.8906595782655,
            25.079872407968903,
            418.1913437650282,
            400.4460013534909,
            193.6930561481232,
