{
    "depot": [
        362,
        461
    ],
    "final_destination": [
        919,
        520
    ],
    "requests": [
        [
            [
                767,
                876
            ],
            [
                10,
                644
            ]
        ],
        [
            [
                434,
                244
            ],
            [
                505,
                812
            ]
        ],
        [
            [
                734,
                333
            ],
            [
                944,
                771
            ]
        ],
        [
            [
                743,
                977
            ],
            [
                759,
                893
            ]
        ],
        [
            [
                10,
                811
            ],
            [
                713,
                695
            ]
        ],
        [
            [
                495,
                311
            ],
            [
                87,
                232
            ]
        ],
        [
            [
                182,
                371
            ],
            [
                736,
                195
            ]
        ],
        [
            [
                302,
                315
            ],
            [
                227,
                610
            ]
        ],
        [
            [
                820,
                731
            ],
            [
                958,
                363
            ]
        ],
        [
            [
                36,
                933
            ],
            [
                386,
                369
            ]
        ],
        [
            [
                435,
                806
            ],
            [
                22,
                669
            ]
        ],
        [
            [
                45,
                853
            ],
            [
                818,
                28
            ]
        ],
        [
            [
                805,
                372
            ],
            [
                643,
                758
            ]
        ],
        [
            [
                356,
                659
            ],
            [
                151,
                499
            ]
        ],
        [
            [
                166,
                890
            ],
            [
                339,
                755
            ]
        ],
        [
            [
                424,
                198
            ],
            [
                477,
                792
            ]
        ],
        [
            [
                53,
                526
            ],
            [
                803,
                857
            ]
        ],
        [
            [
                335,
                708
            ],
            [
                749,
                528
            ]
        ],
        [
            [
                73,
                24
            ],
            [
                487,
                145
            ]
        ],
        [
            [
                165,
                513
            ],
            [
                652,
                348
            ]
        ],
        [
            [
                793,
                507
            ],
            [
                458,
                6
            ]
        ],
        [
            [
                866,
                885
            ],
            [
                595,
                223
            ]
        ],
        [
            [
                16,
                539
            ],
            [
                39,
                887
            ]
        ],
        [
            [
                947,
                65
            ],
            [
                674,
                936
            ]
        ],
        [
            [
                965,
                879
            ],
            [
                242,
                316
            ]
        ],
        [
            [
                267,
                488
            ],
            [
                488,
                561
            ]
        ],
        [
            [
                307,
                877
            ],
            [
                824,
                794
            ]
        ],
        [
            [
                394,
                233
            ],
            [
                258,
                451
            ]
        ],
        [
            [
                399,
                297
            ],
            [
                996,
                707
            ]
        ],
        [
            [
                646,
                426
            ],
            [
                429,
                251
            ]
        ]
    ],
    "travel_costs": [
        [
            0,
            579.8706752371602,
            228.63289352147035,
            393.40564307086396,
            641.4179604594807,
            496.39097493810254,
            200.47194317410106,
            201.24611797498108,
            157.84802817900515,
            531.6615464748226,
            573.6375162068813,
            352.6386252241805,
            504.13589437769656,
            451.8517455980446,
            198.09088823063013,
            471.65347449160174,
            270.2091782304961,
            315.7625690293262,
            248.4713263135205,
            523.9179325047006,
            203.74739262135355,
            433.44780539299074,
            658.6288788080886,
            354.68295701936404,
            706.4283403148545,
            733.7117962797108,
            98.76234100101111,
            419.6200662504118,
            230.23466289853056,
            168.12197952677099,
            286.14856281309545,
            396.72786642735343,
            379.0118731649445,
            659.4118591593573,
            586.7137291729247,
            421.8494992292868,
            357.8631023170732,
            458.94661998973254,
            201.06217943710845,
            604.0033112492017,
            95.07891459203769,
            398.5774705123209,
            628.8282754456895,
            408.8642806604656,
            214.39449619801346,
            294.89828755013144,
            350.4083332342426,
            592.7031297369705,
            392.75692228145385,
            339.8249549400397,
            311.23785116852355,
            465.01720398282043,
            333.06605951372467,
            534.6073325348241,
            568.3036160363578,
            188.2153022471871,
            160.86018774078315,
            569.5024143934774,
            104.4796630928718,
            680.0529391157721,
            220.42912693199142,
            560.116059401978
        ],
        [
            579.8706752371602,
            0,
            714.3619530742102,
            544.0018382321883,
            103.8123306741545,
            759.7854960447718,
            627.0637926080567,
            772.8195132112025,
            728.6604147337771,
            154.38264151127873,
            733.2189304702927,
            339.29927792437167,
            722.3662505959148,
            505.4305095658552,
            464.76875970744845,
            601.163039449366,
            759.82432180077,
            795.170421985124,
            463.5169899798712,
            1098.881249271276,
            702.9743949817803,
            369.91485506802775,
            99.40824915468535,
            823.1464025311657,
            830.735216540144,
            198.022725968511,
            632.8854556710875,
            460.0010869552375,
            743.3559039921591,
            686.0502897018556,
            465.98390530145997,
            791.7531180866924,
            269.7035409482049,
            205.80087463370992,
            18.788294228055936,
            188.8835620163915,
            936.5553907804918,
            681.7052148839703,
            601.9601315701897,
            547.4029594366475,
            634.2002838220745,
            773.2231243308751,
            849.5322242269565,
            171.17242768623692,
            722.2084186715078,
            444.7752241301217,
            301.9205193424256,
            40.70626487409524,
            348.46520629755855,
            782.7905211485381,
            540.3785710036991,
            923.244821268985,
            675.2725375727936,
            728.08309965278,
            110.6752004741803,
            767.6099269811458,
            420.7921101921945,
            99.86490875177326,
            663.1033102013592,
            284.6085030353099,
            710.5413429210154,
            387.0917203971173
        ],
        [
            228.63289352147035,
            714.3619530742102,
            0,
            312.92331328937445,
            795.4684154634929,
            708.0007062143371,
            90.60905032059435,
            282.1931962326519,
            149.88328792764054,
            621.4217569412903,
            795.6915231419774,
            562.000889679011,
            722.635454430517,
            392.4601890638081,
            422.2665035259131,
            699.3854445153974,
            47.07440918375928,
            474.0094935758143,
            474.4438849853584,
            422.75406562208246,
            380.42344827836257,
            445.0280890011326,
            772.984475911386,
            511.61411239331545,
            543.3323108374836,
            827.7596269449241,
            295.6771888394504,
            645.614436021996,
            41.484937025383076,
            63.51377803280166,
            279.4065138825507,
            582.9030794222998,
            572.420300129197,
            733.3682567441817,
            725.8278032701695,
            530.3225433639418,
            347.2074307960588,
            305.94934221207274,
            420.4818664342138,
            537.34253507423,
            133.8992158304148,
            591.9197580753662,
            440.58143401645964,
            554.8666506468019,
            380.93831521651896,
            519.7557118493264,
            549.6844549375578,
            715.4928371409458,
            424.1238026803023,
            112.29425630903836,
            241.53674668671016,
            239.20702330826327,
            162.36378906640482,
            754.6350111146447,
            732.437028009917,
            205.05608988762071,
            321.56647835245514,
            674.240313241503,
            271.7075633838705,
            728.1572632337056,
            8.602325267042627,
            558.0331531369798
        ],
        [
            393.40564307086396,
            544.0018382321883,
            312.92331328937445,
            0,
            644.0628851284632,
            867.5597962100364,
            240.01041644062033,
            553.3064250485439,
            432.3748373807153,
            407.18546143004664,
            920.4368528041455,
            559.580199792666,
            863.2039156537695,
            81.00617260431454,
            499.1592932120968,
            795.5331545573698,
            338.1198012539342,
            707.8205987395394,
            547.5636949250745,
            729.6588243830126,
            596.7922586629287,
            183.73078130786905,
            567.5632123385025,
            746.9672014218563,
            342.3346316106508,
            592.8549569667105,
            492.05081038445616,
            691.5670611010909,
            354.40090293338704,
            336.92877585626314,
            128.03515142334936,
            787.9701771006312,
            530.9256068414859,
            485.7406715522183,
            560.5577579518457,
            362.60860442079974,
            654.8358572955515,
            138.01449199268893,
            577.7352334763738,
            226.0,
            349.857113690718,
            787.2991807438897,
            316.3558123379433,
            434.63317866909335,
            606.1724177162798,
            578.0216258930111,
            526.0513282941124,
            528.5234148077075,
            195.57607215607948,
            310.40779629384315,
            83.36066218546972,
            427.907700328003,
            177.25969649077027,
            888.78625101877,
            605.9777223627945,
            492.2936115774813,
            335.4101966249685,
            469.7030977117353,
            490.4079934095691,
            456.6399018920708,
            315.83065082414026,
            263.04752422328556
        ],
        [
            641.4179604594807,
            103.8123306741545,
            795.4684154634929,
            644.0628851284632,
            0,
            751.5617073800394,
            710.6757347764169,
            825.8068781500915,
            795.4401297395046,
            257.76927667974707,
            708.3678422966418,
            352.28539566663846,
            708.9287693414622,
            608.1685621601957,
            500.8922039720722,
            583.5220647070682,
            841.7850081820178,
            824.3185064039264,
            488.69724779253676,
            1164.950213528458,
            741.201726927292,
            472.6520919238589,
            153.60013020827816,
            848.747901322884,
            934.5373186770018,
            242.66849816158668,
            682.4199586764737,
            447.3209138862166,
            821.7889023344134,
            762.060365063031,
            559.4729662816605,
            805.095025447307,
            289.6014502726117,
            287.81417616232875,
            85.51023330572781,
            283.5912551543154,
            992.6535145759572,
            782.0313292957002,
            633.2021794024402,
            650.5543789722732,
            705.0624085852259,
            784.031249377217,
            951.9590327319764,
            240.75090861718468,
            760.8863252812472,
            460.9772228646443,
            324.00771595750615,
            134.1640786499874,
            449.040087297337,
            870.4941125590684,
            635.548581935323,
            1011.9614617167988,
            768.3879228618837,
            709.7295259463283,
            80.26207074328445,
            829.4106341252202,
            487.93544655005337,
            200.124960961895,
            715.4725711024847,
            370.01216196227927,
            790.9943109782777,
            489.71930735881756
        ],
        [
            496.39097493810254,
            759.7854960447718,
            708.0007062143371,
            867.5597962100364,
            751.5617073800394,
            0,
            696.5809357138623,
            472.42353878696605,
            575.5692834055689,
            813.9410298049853,
            124.7397290361014,
            425.02941074706814,
            54.671747731346585,
            908.1552730673318,
            377.91533443352097,
            174.86280336309378,
            739.7060226873916,
            288.22560607968194,
            340.93107807883985,
            789.5175742185858,
            335.9002828221495,
            839.9434504774713,
            859.1926442888115,
            272.06616842231597,
            1197.6998789346185,
            957.4178815961188,
            412.7687003637752,
            304.2449670906653,
            693.9308322880603,
            644.6060812620372,
            743.4520831903022,
            167.0,
            495.00101009997945,
            934.8561386651959,
            753.4752816118124,
            712.5061403244187,
            584.0975945850145,
            952.1197403688257,
            295.78708558691335,
            1048.5265852614323,
            580.2930294256514,
            142.50614021858846,
            1125.1457683340411,
            635.2149242579239,
            342.3813663153999,
            333.73192834968603,
            467.38634982207174,
            794.3330535738771,
            791.3343162027032,
            819.1977783173,
            791.5383755700035,
            921.264891331478,
            829.4389670132457,
            81.34494452638098,
            675.6633777259206,
            546.6708333174544,
            539.4293280866364,
            814.1774990749867,
            437.154434954056,
            991.4696162767673,
            699.4004575348804,
            954.4432932343335
        ],
        [
            200.47194317410106,
            627.0637926080567,
            90.60905032059435,
            240.01041644062033,
            710.6757347764169,
            696.5809357138623,
            0,
            318.6989174754129,
            193.04144632694815,
            531.0602602341847,
            773.023285548372,
            498.6231041578398,
            704.46007693836,
            315.9446153995982,
            374.73323845103465,
            665.9444421271191,
            133.4541119636259,
            491.51703937910435,
            428.02920461108727,
            510.34596108914195,
            386.9160115580641,
            356.6791275081849,
            683.4595818334834,
            530.495051814812,
            514.6066458956783,
            737.2408019093898,
            288.63991407980984,
            596.4059020499378,
            127.61269529321916,
            97.01546268507923,
            189.805163259591,
            588.3145417206683,
            501.09979046094196,
            642.8071250382965,
            639.0774600938449,
            441.56539719502484,
            415.5779108663019,
            267.46401627134816,
            401.52833025827704,
            465.9109356947956,
            123.4706442843804,
            593.2056978822776,
            429.4391691497179,
            470.86409928980567,
            392.0204076320517,
            470.6081172270619,
            481.33668050544406,
            626.8811689626671,
            334.07334524023315,
            166.19265928433782,
            161.30096093948106,
            307.23606559126483,
            133.20660644277368,
            734.6509375206704,
            650.1276797675977,
            253.04940229133123,
            250.09798079952583,
            584.4056810127705,
            275.26169366622736,
            638.6055120338376,
            89.19641248391102,
            472.7123861292404
        ],
        [
            201.24611797498108,
            772.8195132112025,
            282.1931962326519,
            553.3064250485439,
            825.8068781500915,
            472.42353878696605,
            318.6989174754129,
            0,
            132.4235628579748,
            732.5598951621635,
            580.6548027873359,
            503.22360834921096,
            501.0918079553886,
            623.0008025677014,
            336.48179742743883,
            519.2465695601657,
            297.47773025892207,
            201.6581265409356,
            370.1053903957628,
            363.7169228947149,
            143.01398533010678,
            625.9528736254831,
            855.6003740064634,
            236.1778990506944,
            823.9302154915792,
            933.3557735397579,
            144.61673485458036,
            521.2110896748073,
            252.9584946191766,
            229.2705825002414,
            467.248327979887,
            322.66546143025596,
            546.6351616937937,
            860.6067626971101,
            778.082900467553,
            622.0426030425891,
            168.36270370839262,
            581.284783905445,
            243.1995065784468,
            776.0412360177777,
            204.00980368599937,
            338.23660357802794,
            722.59601438148,
            601.9053081673229,
            131.70041761513136,
            414.8553964937663,
            514.068088875394,
            788.5664207915527,
            588.3349386191508,
            379.6063750781854,
            470.56242943949536,
            457.60354019609593,
            438.7174489349609,
            535.4484102133463,
            749.1922316735539,
            81.39410298049853,
            360.1888393606887,
            768.8257279774136,
            110.34491379306976,
            880.6202359700804,
            274.6069918993324,
            751.9108989767338
        ],
        [
            157.84802817900515,
            728.6604147337771,
            149.88328792764054,
            432.3748373807153,
            795.4401297395046,
            575.5692834055689,
            193.04144632694815,
            132.4235628579748,
            0,
            664.3643578639661,
            672.8149819972798,
            508.6944072820145,
            596.2323372645935,
            506.21932005801597,
            348.212578750395,
            590.8646207042692,
            169.0354992301913,
            326.377082528783,
            394.383062516635,
            370.2998784768907,
            240.77582935170213,
            527.2048937557389,
            801.870313704155,
            363.27950671624734,
            691.755014437915,
            870.4395441384771,
            176.50495743746123,
            562.02224155277,
            123.23960402403117,
            98.65596788841515,
            361.46507438478756,
            439.8920322079044,
            536.8593856867923,
            787.4642849044012,
            736.8398740567723,
            559.7508374267966,
            230.4647478466067,
            450.2843546027332,
            304.3846251044885,
            657.7537533150229,
            99.85990186255944,
            451.3490888436577,
            590.444747626736,
            559.0438265467208,
            238.0273093575609,
            441.5529413331996,
            508.0885749551942,
            738.081973767142,
            495.1545213365218,
            251.24689052802225,
            351.55227207344285,
            346.14592298624575,
            307.1042168385188,
            629.5657233363328,
            723.8957107208192,
            60.00833275471,
            308.40233462151355,
            708.4666541200087,
            142.9405470816451,
            797.0570870395671,
            142.2146265332789,
            650.1645945451044
        ],
        [
            531.6615464748226,
            154.38264151127873,
            621.4217569412903,
            407.18546143004664,
            257.76927667974707,
            813.9410298049853,
            531.0602602341847,
            732.5598951621635,
            664.3643578639661,
            0,
            809.6048418827546,
            392.2371731491038,
            784.5438164946557,
            359.31323382252424,
            469.55297890653407,
            673.0505181633843,
            664.0067770738488,
            793.9231700863755,
            485.54505455209824,
            1028.522240887381,
            690.3252856443837,
            225.6213642366343,
            160.72336482291553,
            826.6075247661372,
            678.0007374627259,
            207.19314660480447,
            604.0347672112923,
            533.3713528115285,
            655.3472362038311,
            604.6461775286435,
            351.1424212481312,
            814.6588242939495,
            325.2475979926677,
            130.29197979921867,
            173.1040149736568,
            112.8937553631732,
            886.7299476165222,
            542.5421642600693,
            605.2189686386242,
            393.0241722846064,
            565.1548460377917,
            800.4048975362406,
            703.0028449444569,
            179.04747973652127,
            708.0854468212152,
            481.5983803959478,
            348.38197427536346,
            127.14165328483031,
            215.05813167606567,
            674.0066765247954,
            418.22601545097604,
            810.3511584492244,
            555.5978761658471,
            796.427648942451,
            251.67637950352037,
            711.5539333037237,
            372.99329752691267,
            63.12685640834653,
            627.8885251380216,
            177.62882648939615,
            619.0969229450264,
            233.07080469247967
        ],
        [
            573.6375162068813,
            733.2189304702927,
            795.6915231419774,
            920.4368528041455,
            708.3678422966418,
            124.7397290361014,
            773.023285548372,
            580.6548027873359,
            672.8149819972798,
            809.6048418827546,
            0,
            418.72425293980757,
            80.50465825031493,
            951.8833962203563,
            421.27900493615863,
            136.92698784388708,
            831.1251409986344,
            407.3548821359577,
            374.20048102588004,
            909.752713653551,
            439.3643135258029,
            868.6339850592999,
            831.3867932557025,
            394.50728763864424,
            1258.3103750665016,
            930.5681060513518,
            501.38408431062106,
            276.72549575346324,
            786.2340618416375,
            732.3011675533502,
            793.1891325528861,
            290.1671931835162,
            484.3573061284407,
            922.3383327174469,
            724.1056552741458,
            717.6161926824116,
            702.8527584067662,
            1017.1745179663124,
            375.2465855940597,
            1083.9667891591512,
            663.7740579444182,
            264.3709515056448,
            1196.0556007142811,
            631.7230405802848,
            448.9777277326794,
            351.4157082431006,
            462.99244054303955,
            770.7561222591747,
            819.9963414552531,
            907.9344690009297,
            849.5180986888978,
            1018.5347318574856,
            903.6487149329655,
            46.09772228646444,
            638.0070532525483,
            650.4805915628843,
            585.3955927404988,
            800.1656078587732,
            530.6675041869438,
            986.2433776710494,
            787.1295954288596,
            974.811776703585
        ],
        [
            352.6386252241805,
            339.29927792437167,
            562.000889679011,
            559.580199792666,
            352.28539566663846,
            425.02941074706814,
            498.6231041578398,
            503.22360834921096,
            508.6944072820145,
            392.2371731491038,
            418.72425293980757,
            0,
            392.8218425698857,
            570.312195205398,
            166.88319268278636,
            281.81021982887705,
            608.0994984375501,
            473.6285464369731,
            140.0142849854971,
            861.7238536793559,
            398.4331813491442,
            466.43863476345956,
            438.18032817551267,
            496.84001449158666,
            900.6802984411283,
            535.0037383046963,
            359.64982969549703,
            146.37281168304446,
            574.464968470663,
            510.2714963624757,
            434.65043425723155,
            454.82853912216194,
            70.25667228100119,
            510.20192081175077,
            335.4772719574308,
            299.34094273921164,
            671.2525605165317,
            681.1181982593037,
            285.79713084634005,
            685.4035307758488,
            439.7385586914115,
            435.1298656723071,
            867.1637676932771,
            213.46662502602135,
            418.21645113505514,
            108.70602559196062,
            44.271887242357316,
            371.5171597651984,
            419.3804954930546,
            663.0422309325402,
            506.8066692536711,
            800.3305567076643,
            604.5568625034373,
            404.19920831194116,
            272.0680062043312,
            526.6393452828985,
            250.66710992868607,
            389.1850459614295,
            396.67871130172836,
            569.6683245538583,
            555.0324314848639,
            562.185022923948
        ],
        [
            504.13589437769656,
            722.3662505959148,
            722.635454430517,
            863.2039156537695,
            708.9287693414622,
            54.671747731346585,
            704.46007693836,
            501.0918079553886,
            596.2323372645935,
            784.5438164946557,
            80.50465825031493,
            392.8218425698857,
            0,
            899.4225925559131,
            366.5474048469038,
            126.53062870309307,
            756.7469854581517,
            327.09784468871084,
            324.2298567374695,
            829.472724084403,
            360.555127546399,
            824.1480449530898,
            821.6233930457432,
            315.3363283860583,
            1197.7261790576342,
            920.3673179769042,
            427.2107208392598,
            263.0969403090807,
            711.4780390145572,
            659.1297292642777,
            737.2448711249201,
            211.91035840656778,
            461.8235593817189,
            902.7319646495298,
            715.1195704216184,
            686.4313512653687,
            622.4186693858082,
            954.1724162854426,
            303.60006587614566,
            1036.1800036673164,
            592.0616521951072,
            185.43192821086663,
            1130.5547310944305,
            605.4989677943307,
            369.52943049234926,
            309.9032106965012,
            436.2854570118055,
            758.0105540162353,
            775.3973175089014,
            834.642438413001,
            789.6036980663148,
            942.3258459789797,
            836.3013810822029,
            34.52535300326414,
            634.452519894121,
            571.9947552207101,
            530.5779867276817,
            781.231079770896,
            454.9428535541579,
            962.1418814291374,
            714.044816520644,
            935.2887254746526
        ],
        [
            451.8517455980446,
            505.4305095658552,
            392.4601890638081,
            81.00617260431454,
            608.1685621601957,
            908.1552730673318,
            315.9446153995982,
            623.0008025677014,
            506.21932005801597,
            359.31323382252424,
            951.8833962203563,
            570.312195205398,
            899.4225925559131,
            0,
            532.8883560371722,
            822.5843421801803,
            418.85200250207714,
            767.606670111718,
            577.7508113365138,
            810.5109499568777,
            655.3479991576995,
            135.5322839769182,
            516.6139758078559,
            806.4800059517904,
            338.2499076126999,
            531.6474395687428,
            550.3635162326805,
            709.2453736190317,
            433.8686437160446,
            412.8692286911196,
            167.91962362987834,
            840.24341711197,
            532.5410782277739,
            422.5186386421314,
            523.0267679574345,
            335.8466912149054,
            731.5217016603129,
            189.97368238785077,
            625.0823945689081,
            153.26447729333762,
            419.0107397191628,
            837.4353706406245,
            344.2455518957362,
            418.61676985042055,
            666.2169316371358,
            603.1956564830353,
            532.9014918350294,
            485.0041236938094,
            165.7467948408053,
            390.70833111158504,
            154.8709139896837,
            504.3461113164252,
            257.489805623446,
            923.0281685842529,
            579.0138167608784,
            565.7782251023805,
            369.0663896916109,
            422.4275085739564,
            552.675311552814,
            385.62416936701464,
            394.98987328791105,
            186.81541692269406
        ],
        [
            198.09088823063013,
            464.76875970744845,
            422.2665035259131,
            499.1592932120968,
            500.8922039720722,
            377.91533443352097,
            374.73323845103465,
            336.48179742743883,
            348.212578750395,
            469.55297890653407,
            421.27900493615863,
            166.88319268278636,
            366.5474048469038,
            532.8883560371722,
            0,
            299.1003176193566,
            465.9881972754246,
            330.9048201522607,
            53.31041174104736,
            695.2078825790168,
            240.41006634498484,
            462.680235151665,
            557.8315157823193,
            360.555127546399,
            837.924220917381,
            647.5191116870606,
            192.77447963877376,
            223.43902971504332,
            427.69147758635546,
            364.54492178605364,
            372.0067203694041,
            346.3249918790153,
            213.56497840235886,
            598.5716331400946,
            466.009656552308,
            358.8105349623949,
            504.6682078356036,
            599.7466131625922,
            137.99275343292487,
            670.8353002041559,
            291.547594742265,
            334.14966706552326,
            782.0517885664606,
            303.59512512555267,
            260.0480724789169,
            97.49358953285082,
            179.80545041794477,
            488.88955808035007,
            414.2583734820577,
            530.4309568643218,
            429.3448497420227,
            660.9183005485625,
            497.20921149954575,
            390.47791230746975,
            421.7262145041496,
            361.4484748895754,
            164.40194646049665,
            487.0821285984531,
            229.93042425916585,
            641.7974758442106,
            414.4791912750265,
            579.9051646605676
        ],
        [
            471.65347449160174,
            601.163039449366,
            699.3854445153974,
            795.5331545573698,
            583.5220647070682,
            174.86280336309378,
            665.9444421271191,
            519.2465695601657,
            590.8646207042692,
            673.0505181633843,
            136.92698784388708,
            281.81021982887705,
            126.53062870309307,
            822.5843421801803,
            299.1003176193566,
            0,
            738.5309742996565,
            381.1364585027258,
            248.3646512690564,
            870.979333853565,
            377.00132625761415,
            734.7230770841488,
            700.0178569150931,
            381.70800358389135,
            1136.0396119854272,
            799.0757160620012,
            414.49366702037804,
            141.59802258506295,
            695.4372725127695,
            637.132639251828,
            667.604673440802,
            291.29366625452053,
            347.85772953895963,
            787.048283144052,
            593.0075884843296,
            580.7185204554785,
            662.7254333432511,
            898.8464829991827,
            286.56761854752534,
            951.3112003965896,
            565.5448700147496,
            263.7745249261194,
            1080.8089562915363,
            494.92726738380463,
            391.28761799985443,
            219.4401968646583,
            326.0751447136074,
            637.8542153188298,
            686.2455828637442,
            811.2126724848422,
            727.9835162969007,
            930.9779804055519,
            793.0510702344459,
            127.03542812932147,
            510.07842534261334,
            579.0094990585214,
            460.3531253288067,
            664.9661645527538,
            448.53650910488886,
            849.934703374324,
            691.0065122703259,
            838.9928485988423
        ],
        [
            270.2091782304961,
            759.82432180077,
            47.07440918375928,
            338.1198012539342,
            841.7850081820178,
            739.7060226873916,
            133.4541119636259,
            297.47773025892207,
            169.0354992301913,
            664.0067770738488,
            831.1251409986344,
            608.0994984375501,
            756.7469854581517,
            418.85200250207714,
            465.9881972754246,
            738.5309742996565,
            0,
            495.20197899443014,
            517.7074463439752,
            391.7614069813411,
            407.80632658162625,
            481.29201115331216,
            816.9045231849313,
            531.7377173005503,
            539.6461803811827,
            869.7367417787982,
            329.7711327572503,
            689.0065311736893,
            46.09772228646443,
            102.1077861869505,
            318.2263345482268,
            608.5326614077505,
            619.3197881547142,
            773.7758073240595,
            771.5244649393821,
            574.9173853694111,
            338.71079108879894,
            312.01442274356486,
            456.6760339671878,
            558.9105474045019,
            175.1713446885649,
            619.22935976906,
            429.1107083259517,
            601.2994262428662,
            406.36190766359977,
            563.4483117376428,
            596.3597907303946,
            760.2118125890967,
            463.1684358848301,
            82.32860985101108,
            272.9175699730598,
            194.98717906570164,
            172.81782315490494,
            789.2692823111767,
            779.1944558324321,
            216.9055093813894,
            368.59869777306596,
            717.7854832747735,
            302.59709185648165,
            765.6794368402485,
            53.23532661682465,
            590.5158761625296
        ],
        [
            315.7625690293262,
            795.170421985124,
            474.0094935758143,
            707.8205987395394,
            824.3185064039264,
            288.22560607968194,
            491.51703937910435,
            201.6581265409356,
            326.377082528783,
            793.9231700863755,
            407.3548821359577,
            473.6285464369731,
            327.09784468871084,
            767.606670111718,
            330.9048201522607,
            381.1364585027258,
            495.20197899443014,
            0,
            335.6307494852043,
            502.39824840458994,
            112.75194011634568,
            740.2438787318678,
            888.7350561331538,
            39.21734310225516,
            1005.8613224495712,
            977.9330242915413,
            217.3476477903545,
            433.26319945271143,
            449.5887009256349,
            414.9180642006323,
            601.3725966487,
            125.59060474414477,
            534.8831648126533,
            924.0703436427339,
            795.6915231419774,
            681.2936224565735,
            295.9594566828369,
            758.9795781178832,
            193.2149062572554,
            919.5618521883125,
            368.1548587211637,
            146.32156368765337,
            912.8137816663375,
            633.9747629046444,
            101.65136496870072,
            366.3836786757838,
            500.5317172767376,
            819.7932666227504,
            696.0028735572864,
            577.5093072843069,
            624.8879899630012,
            659.1092473937838,
            620.9452471836788,
            361.27136615015587,
            744.1377560640234,
            282.52610498854796,
            436.4057744805859,
            816.250574272386,
            218.28879952943072,
            960.2135179219256,
            465.833661299825,
            866.0207849699682
        ],
        [
            248.4713263135205,
            463.5169899798712,
            474.4438849853584,
            547.5636949250745,
            488.69724779253676,
            340.93107807883985,
            428.02920461108727,
