{
    "depot": [
        844,
        388
    ],
    "final_destination": [
        731,
        461
    ],
    "requests": [
        [
            [
                770,
                349
            ],
            [
                987,
                785
            ]
        ],
        [
            [
                391,
                524
            ],
            [
                78,
                669
            ]
        ],
        [
            [
                215,
                648
            ],
            [
                760,
                347
            ]
        ],
        [
            [
                764,
                674
            ],
            [
                985,
                403
            ]
        ],
        [
            [
                145,
                414
            ],
            [
                653,
                38
            ]
        ],
        [
            [
                271,
                147
            ],
            [
                79,
                639
            ]
        ],
        [
            [
                853,
                964
            ],
            [
                89,
                550
            ]
        ],
        [
            [
                574,
                853
            ],
            [
                45,
                614
            ]
        ],
        [
            [
                509,
                70
            ],
            [
                62,
                857
            ]
        ],
        [
            [
                106,
                350
            ],
            [
                409,
                42
            ]
        ],
        [
            [
                72,
                183
            ],
            [
                947,
                376
            ]
        ],
        [
            [
                406,
                378
            ],
            [
                502,
                675
            ]
        ],
        [
            [
                461,
                894
            ],
            [
                708,
                760
            ]
        ],
        [
            [
                247,
                934
            ],
            [
                670,
                122
            ]
        ],
        [
            [
                321,
                959
            ],
            [
                663,
                110
            ]
        ],
        [
            [
                308,
                366
            ],
            [
                470,
                254
            ]
        ],
        [
            [
                557,
                624
            ],
            [
                781,
                575
            ]
        ],
        [
            [
                783,
                330
            ],
            [
                189,
                903
            ]
        ],
        [
            [
                672,
                216
            ],
            [
                703,
                645
            ]
        ],
        [
            [
                677,
                109
            ],
            [
                579,
                358
            ]
        ],
        [
            [
                592,
                871
            ],
            [
                486,
                662
            ]
        ],
        [
            [
                35,
                135
            ],
            [
                579,
                974
            ]
        ],
        [
            [
                247,
                790
            ],
            [
                657,
                528
            ]
        ],
        [
            [
                353,
                223
            ],
            [
                600,
                102
            ]
        ],
        [
            [
                543,
                170
            ],
            [
                606,
                816
            ]
        ],
        [
            [
                734,
                992
            ],
            [
                240,
                248
            ]
        ],
        [
            [
                40,
                691
            ],
            [
                595,
                511
            ]
        ],
        [
            [
                900,
                266
            ],
            [
                544,
                466
            ]
        ],
        [
            [
                753,
                402
            ],
            [
                662,
                284
            ]
        ],
        [
            [
                431,
                455
            ],
            [
                962,
                136
            ]
        ]
    ],
    "travel_costs": [
        [
            0,
            83.64807230295268,
            472.974629340729,
            680.6181014342772,
            296.978113671698,
            699.4833807889935,
            621.6188542829119,
            576.0703082089893,
            537.7034498680476,
            461.8971747045006,
            738.9776721931455,
            798.7546556984817,
            438.1141403789656,
            634.606177089382,
            809.0271936097081,
            774.3190556869953,
            536.4513025429243,
            371.5709891797259,
            84.17244204607586,
            243.24473272817235,
            325.161498335827,
            544.7871143850596,
            847.6378943865122,
            719.7311998239343,
            517.9826251912316,
            371.6517186829626,
            613.93484996374,
            859.2002094971812,
            134.23859355639868,
            92.07062506576133,
            418.3993307834036,
            421.96919318831794,
            815.9148239859354,
            93.47192091746057,
            141.7956275771577,
            398.7242154672826,
            805.1248350411257,
            772.1845634302721,
            830.3475176093441,
            911.8579933301019,
            555.8246126252417,
            103.69667304209909,
            446.46724403924645,
            396.0807998376089,
            317.855312996338,
            331.7303121513016,
            397.28075714788906,
            197.32713954243596,
            833.2166584988564,
            293.1381926668717,
            266.6927070618917,
            450.8214724256155,
            643.1337341486606,
            233.6000856164227,
            375.9414848084739,
            489.7223703283321,
            620.0129030915405,
            277.7228834647948,
            309.97419247414774,
            209.61870145576228,
            278.25887227544064,
            134.52880732393342
        ],
        [
            83.64807230295268,
            0,
            417.45179362412614,
            630.4173220970375,
            325.05537989702617,
            628.3709095749101,
            538.3353973128648,
            620.5755393181397,
            540.769821643183,
            382.0497349822402,
            664.0007530116213,
            717.4677693109288,
            365.1533924257038,
            626.5029928100903,
            784.6999426532412,
            757.4305248668026,
            462.3126647627123,
            347.8419181179865,
            23.021728866442675,
            165.20593209688323,
            257.38881094561975,
            551.514279053589,
            765.5200846483389,
            684.112563837268,
            435.6202474633152,
            289.08476265621476,
            644.0069875397317,
            806.1414267980526,
            154.2368308803056,
            55.65968020030298,
            355.1858668359427,
            487.016426827679,
            762.40671560526,
            10.19803902718557,
            221.67769396130052,
            332.28000240760804,
            749.3870828884096,
            710.043660629401,
            771.9132075563937,
            871.3942850397862,
            473.8881724626602,
            179.04747973652127,
            422.0189569201839,
            415.6500932274646,
            248.05039810490123,
            261.8587405453559,
            314.6823795511913,
            226.2675407565124,
            802.7932486014066,
            303.48805577814755,
            191.21192431435858,
            422.6405091800832,
            653.5334727464233,
            211.68372634664195,
            299.84829497597616,
            494.9595943104851,
            539.537765128633,
            238.4722206044134,
            254.48968544913564,
            126.05157674539417,
            286.76296832052776,
            118.59595271340416
        ],
        [
            472.974629340729,
            417.45179362412614,
            0,
            215.29514625276622,
            402.0310933248821,
            269.4735608552349,
            395.63746030930895,
            638.0,
            376.4704503676218,
            469.08421418760184,
            333.91765451979325,
            466.9496760894047,
            146.76852523616907,
            376.5634076752546,
            434.55264353125267,
            440.59618700120416,
            178.47408775505758,
            193.79370474811614,
            437.3785545725807,
            416.92325432865937,
            504.0049602930511,
            401.011221788119,
            527.3111036191065,
            302.4764453639324,
            303.38918899657585,
            385.25316351718647,
            580.235297099375,
            388.7029714319149,
            570.6531345747608,
            382.00523556621573,
            79.75587752636166,
            650.6435275940275,
            344.95506953804863,
            409.255421466839,
            606.1988122720136,
            552.1231746630457,
            332.5191723795787,
            303.1171390733292,
            357.5136361035758,
            468.11323416455554,
            482.33598248523816,
            575.3607563954984,
            187.40864441108366,
            395.20247974930527,
            489.33117619869677,
            495.35845606994536,
            281.3201023745015,
            393.32048001597883,
            429.4706043491219,
            334.6415993268022,
            250.79872407968904,
            167.53805537847214,
            487.6925260858526,
            266.03007348794233,
            470.91931368335275,
            362.61411996776957,
            314.60610292872576,
            204.41379601191304,
            163.62457028209423,
            361.99585632987566,
            690.3513598161446,
            345.7875070039402
        ],
        [
            680.6181014342772,
            630.4173220970375,
            215.29514625276622,
            0,
            549.6153200193751,
            244.24577785501225,
            504.12002539077935,
            711.9691004531026,
            413.4077889929023,
            648.4751344500419,
            317.3089976663126,
            486.4915209949707,
            330.72798490602514,
            347.8965363437814,
            287.7846417027844,
            328.5681055732586,
            296.93938775447083,
            342.8410710518797,
            650.959292122019,
            628.8664405102247,
            709.9049232115523,
            438.01598144359986,
            543.6625791794024,
            145.5609837834301,
            446.8433730066946,
            579.7137224527293,
            622.6531940012835,
            180.20543831971332,
            784.3143502448493,
            591.5741711738267,
            289.66359798911566,
            784.0618598044417,
            138.6001443000692,
            622.5961773091768,
            808.0377466430637,
            750.9620496403263,
            136.2974687952788,
            159.62455951387932,
            173.3666634621547,
            259.01737393464555,
            636.2955288228891,
            780.9020425123756,
            288.2672371255534,
            505.56206345017614,
            695.4861608975408,
            700.1057063044123,
            469.31972044652036,
            570.6881810586233,
            256.3220630378899,
            488.00922122435355,
            465.3987537585377,
            271.3613826615718,
            488.64301898216047,
            458.00000000000006,
            668.0875691105172,
            425.56433121209767,
            400.78048854703496,
            403.9418274949996,
            375.98537205588195,
            576.4590184913408,
            905.6229899908681,
            548.839685154053
        ],
        [
            296.978113671698,
            325.05537989702617,
            402.0310933248821,
            549.6153200193751,
            0,
            671.3873695565028,
            721.6494994108981,
            303.34963326168696,
            261.03831136444325,
            655.6226048573981,
            733.4439310540376,
            848.495727744106,
            464.5212589322474,
            374.4449225186529,
            578.6959477998787,
            526.7580089566745,
            550.2726596879041,
            212.9530464679949,
            344.52430973735363,
            467.1487985642262,
            571.6589892584565,
            261.5205536855564,
            906.6211998403744,
            529.8537534074851,
            610.1819400801699,
            550.3244497566867,
            319.41195970094793,
            724.1995581329775,
            430.0697617828996,
            272.2223356008834,
            398.5599076675927,
            249.098374141623,
            686.0182213323492,
            327.02446391669235,
            349.68843275121355,
            645.6136615654907,
            685.8935777509512,
            686.2951260208686,
            721.4991337486138,
            725.4605433791695,
            724.8786105273075,
            349.7041606844276,
            262.0019083899963,
            102.62553288533998,
            559.9464260087746,
            572.9720761084261,
            512.6753358608155,
            100.44899203078148,
            618.9232585708829,
            67.54257916307313,
            366.17072520888394,
            278.2588722754407,
            352.4556709715422,
            181.01104938649465,
            595.0462166924516,
            212.4335190124195,
            675.3162222248181,
            234.79778533878894,
            302.76063152266016,
            403.1178487737798,
            573.2782919315888,
            215.54117936023266
        ],
        [
            699.4833807889935,
            628.3709095749101,
            269.4735608552349,
            244.24577785501225,
            671.3873695565028,
            0,
            295.2371927789586,
            896.5288617774668,
            613.809416675893,
            500.8313089254704,
            74.94664769020693,
            242.260190704127,
            263.47106102948004,
            574.6790408567202,
            529.9094262230103,
            572.7137155682584,
            169.9205696788944,
            462.43269780585376,
            643.5060217278468,
            562.9680275113321,
            613.2283424630666,
            639.2636388846154,
            299.90165054564136,
            389.5895275799903,
            282.39157211220027,
            466.840443834936,
            825.2302708941305,
            296.23301639081353,
            769.3692221553965,
            608.1184095223562,
            288.9238654040195,
            920.1114062981723,
            263.65507770570247,
            618.6388283966663,
            840.072020722033,
            632.0126581010858,
            234.48027635602958,
            147.0782104868019,
            223.60679774997897,
            450.7083314073526,
            456.15786740995713,
            802.8997446755104,
            442.2329702769797,
            660.8214584893562,
            600.7403765354882,
            600.6163500938015,
            362.24991373359916,
            656.0617349000016,
            490.97555947317784,
            603.9246641759219,
            437.5979890264579,
            421.64558577079873,
            708.4885320172797,
            524.5378918629235,
            551.6964745219966,
            611.657583947097,
            191.26160095534075,
            460.3357470368774,
            402.37420394453716,
            533.0938003766316,
            863.0023174939914,
            587.8817908389407
        ],
        [
            621.6188542829119,
            538.3353973128648,
            395.63746030930895,
            504.12002539077935,
            721.6494994108981,
            295.2371927789586,
            0,
            1003.1016897603155,
            768.2740396499155,
            250.14595739287893,
            261.59892966141894,
            202.23006700290637,
            267.5556016980396,
            770.7846651302814,
            787.3658615916745,
            813.5379524029595,
            222.10357943986403,
            556.1699380585038,
            543.721436031356,
            406.89310635595683,
            407.77444745839585,
            791.9703277269925,
            236.30488780387086,
            643.4477445760457,
            111.80339887498948,
            272.9706943977686,
            963.5320440960955,
            591.0135362240022,
            640.1577930479328,
            545.2971666898701,
            347.079241672561,
            959.0099061010787,
            556.5366115539929,
            528.3190324037172,
            758.5064271316361,
            397.24677468797654,
            528.1363460319692,
            442.19113514406865,
            518.8111409752107,
            740.1222871931368,
            173.4041521994211,
            713.7345444911574,
            576.3202234869083,
            752.8200316144623,
            399.78244083501215,
            393.7423015120422,
            225.94247055390005,
            665.7957644803698,
            760.4340865584603,
            659.263225123319,
            373.3430058270812,
            558.0770556114988,
            882.4924928859169,
            542.3624249521716,
            332.0632469876785,
            748.1884789276028,
            105.65036677645752,
            487.3109889998377,
            419.869027197768,
            414.306649717332,
            691.0875487230254,
            556.9524216663394
        ],
        [
            576.0703082089893,
            620.5755393181397,
            638.0,
            711.9691004531026,
            303.34963326168696,
            896.5288617774668,
            1003.1016897603155,
            0,
            300.2698786092271,
            957.899785990163,
            966.9565657256793,
            1104.5007922133873,
            737.0244229331889,
            398.20095429318104,
            606.7421198499408,
            532.0234957217584,
            809.0914657812181,
            450.7948535642349,
            637.8526475605476,
            769.5875518743791,
            872.9266864977837,
            277.0739973364516,
            1164.630842799554,
            630.4855271931308,
            893.9133067585468,
            852.3708113256812,
            122.24974437601085,
            857.6118002919503,
            699.58058863865,
            570.8274695562574,
            661.1845430740195,
            223.60008944542037,
            829.2466460589395,
            623.9695505391269,
            576.3202234869083,
            947.3520992746045,
            839.464710395857,
            868.9602982875571,
            880.5475569212603,
            798.204234516455,
            1023.3376764294375,
            595.4662039108517,
            454.6669110458776,
            250.28184113115356,
            861.6571243830113,
            874.8805632770681,
            806.7149434589644,
            395.6071283483148,
            666.796070774266,
            352.5067375242635,
            665.0654103169101,
            475.28202154089524,
            274.18242102658587,
            478.0292878056741,
            898.3612858978286,
            287.94617552591313,
            942.5629952422278,
            521.3185206761793,
            586.075933646827,
            706.3150854965509,
            835.1437002097305,
            517.5838096385936
        ],
        [
            537.7034498680476,
            540.769821643183,
            376.4704503676218,
            413.4077889929023,
            261.03831136444325,
            613.809416675893,
            768.2740396499155,
            300.2698786092271,
            0,
            785.6933243957212,
            687.0465777514651,
            837.2000955566119,
            503.83429815763833,
            120.2081528017131,
            336.8827689271151,
            274.3082208028042,
            554.9099025968089,
            229.6301373948986,
            563.2139913034831,
            644.4943754603293,
            751.0958660517312,
            25.455844122715714,
            897.8000891067009,
            333.0135132393279,
            667.6383751702714,
            683.7031519599716,
            211.94574777522666,
            558.0322571321482,
            671.4499236726444,
            485.2236597693892,
            422.91015594331617,
            418.5606288221576,
            529.029299755694,
            539.102958626643,
            609.443188492578,
            818.819882513853,
            539.2782213292134,
            571.8688660873225,
            580.4842805795864,
            512.0156247615887,
            827.6146446263502,
            605.5229145127374,
            192.01041638411183,
            163.11039206623227,
            737.2767458695547,
            748.3114324931832,
            607.9613474555764,
            346.602077316337,
            388.2331773560832,
            244.7549795203358,
            495.025251881154,
            210.2974084481309,
            121.10326172320877,
            335.43106594351093,
            751.4499317985197,
            48.91829923454004,
            691.0723551119665,
            342.6441302576187,
            388.16104905051975,
            575.7647088872329,
            815.2502683225563,
            422.27123984472354
        ],
        [
            461.8971747045006,
            382.0497349822402,
            469.08421418760184,
            648.4751344500419,
            655.6226048573981,
            500.8313089254704,
            250.14595739287893,
            957.899785990163,
            785.6933243957212,
            0,
            490.7229360851192,
            451.37345956535813,
            324.76606965629895,
            825.3968742368728,
            902.8510397623741,
            908.6611029421255,
            357.7946338334324,
            556.0755344375438,
            377.72476752259706,
            218.82641522448793,
            172.4673882216577,
            805.2887680826053,
            478.43599362924186,
            766.1879664938624,
            218.50629281556172,
            105.62196741208713,
            949.056900296289,
            778.2043433443429,
            437.3751250357067,
            412.0194170181789,
            392.8218425698856,
            860.0633697582987,
            737.9444423532168,
            373.80476187443094,
            580.9173779462963,
            147.51271131668622,
            713.2047391878436,
            637.808748764079,
            715.0048950881385,
            905.0845264393818,
            103.84603988597736,
            534.3032846614365,
            605.0404945125573,
            718.1232484748004,
            169.1892431568863,
            159.11002482559041,
            188.08774548066654,
            573.5930613248386,
            892.3502675519294,
            606.8451202736989,
            296.3848849047468,
            592.4466220681826,
            906.7061265922933,
            481.3190210245176,
            96.46242791885346,
            752.2798681341937,
            322.56007192459515,
            449.3072445443096,
            397.5437082887868,
            263.0684321616716,
            457.78269954204256,
            449.6276237065512
        ],
        [
            738.9776721931455,
            664.0007530116213,
            333.91765451979325,
            317.3089976663126,
            733.4439310540376,
            74.94664769020693,
            261.59892966141894,
            966.9565657256793,
            687.0465777514651,
            490.7229360851192,
            0,
            170.42593699317013,
            301.30383336426377,
            649.5852522956475,
            600.7803259095624,
            645.8374408471531,
            202.632672587616,
            527.7092002230016,
            677.2953565469056,
            581.6459404139257,
            619.7757659024753,
            712.4864911000068,
            226.4199637841151,
            462.0400415548418,
            277.7372859376285,
            472.61929710920606,
            898.080174594674,
            347.3283748846328,
            798.4309613235198,
            649.0862808594864,
            341.5406271587613,
            982.5405844035146,
            320.2264823527249,
            654.0068806977492,
            880.5963888183962,
            629.7245429550924,
            290.2585054739999,
            200.7211996775627,
            270.95571593897034,
            508.9056887086251,
            432.0567092408125,
            841.4018065110151,
            512.2899569579712,
            728.3570552963705,
            608.3420090705556,
            606.5055646900529,
            376.446543349783,
            711.5124735378854,
            559.1940629155499,
            665.9084021094793,
            473.06764843941716,
            491.67468920008474,
            783.0102170470063,
            579.0379952990995,
            552.756727684069,
            683.4881125520766,
            168.40427548016706,
            514.8222994393308,
            453.10043036836765,
            559.9035631249367,
            882.3446038821794,
            634.7802769462832
        ],
        [
            798.7546556984817,
            717.4677693109288,
            466.9496760894047,
            486.4915209949707,
            848.495727744106,
            242.260190704127,
            202.23006700290637,
            1104.5007922133873,
            837.2000955566119,
            451.37345956535813,
            170.42593699317013,
            0,
            386.7570296710843,
            810.4578952666203,
            771.1199647266305,
            814.9705516152103,
            298.63857754817946,
            655.5196412007806,
            726.0371891301436,
            600.9068147391907,
            609.5088186400587,
            862.4059368997873,
            60.60528029800704,
            631.7230405802848,
            283.832697200305,
            471.17937136508846,
            1045.334874573694,
            509.00687618145196,
            832.1496259687917,
            715.3474680181653,
            450.40537296972826,
            1095.2757643625644,
            486.0370356258872,
            707.2764664542431,
            939.1320460936257,
            598.8205073308695,
            456.053724905301,
            367.39352198970516,
            431.8448795574633,
            674.0741798941715,
            365.30808915215664,
            896.0323654868724,
            653.424823526012,
            858.7345340674265,
            601.1031525453847,
            595.4913937245441,
            404.2833164997042,
            810.1512204520833,
            729.4443090462768,
            782.0517885664606,
            536.352496032227,
            633.1168928404927,
            939.5371200756254,
            679.1538853603062,
            534.1769369787505,
            828.1575936982043,
            180.13605968822566,
            617.3435024360424,
            550.3389864438099,
            598.5824922264266,
            891.2401472106156,
            715.2377227188174
        ],
        [
            438.1141403789656,
            365.1533924257038,
            146.76852523616907,
            330.72798490602514,
            464.5212589322474,
            263.47106102948004,
            267.5556016980396,
            737.0244229331889,
            503.83429815763833,
            324.76606965629895,
            301.30383336426377,
            386.7570296710843,
            0,
            518.922922985678,
            578.2879905375867,
            587.1848090678096,
            98.73196037757988,
            288.6468430452687,
            380.0434185721416,
            311.4482300479487,
            381.8402807457589,
            526.9202975782961,
            443.49746335238484,
            441.6163493350308,
            163.8108665504215,
            249.06424873915566,
            696.1178061219236,
            481.58592172114,
            506.53726417707907,
            347.82898096622137,
            80.95677859203637,
            709.37296255214,
            438.4803302315852,
            355.3547523250533,
            579.5394723398916,
            420.24873586960376,
            418.3897704294406,
            360.65634612467306,
            431.29688150970907,
            589.7262076591137,
            336.0133925902359,
            541.00369684504,
            312.12978070027214,
            486.95790372474704,
            367.7390379059585,
            371.3125368203988,
            139.54210834009925,
            423.59650612345706,
            568.0792198276574,
            399.37200703103866,
            174.15223225672418,
            295.05253769456044,
            620.6005156298212,
            292.40554030318924,
            337.3603414748094,
            481.50181723436935,
            210.8459153030952,
            231.1060362690685,
            163.6704005005181,
            272.71230261944544,
            606.3827174318213,
            335.43106594351093
        ],
        [
            634.606177089382,
            626.5029928100903,
            376.5634076752546,
            347.8965363437814,
            374.4449225186529,
            574.6790408567202,
            770.7846651302814,
            398.20095429318104,
            120.2081528017131,
            825.3968742368728,
            649.5852522956475,
            810.4578952666203,
            518.922922985678,
            0,
            217.70622407271688,
            154.3534904043313,
            549.7208382442856,
            286.55889447022923,
            649.4459176867617,
            710.0739398119044,
            814.1750426044758,
            133.0037593453659,
            870.377504304885,
            237.93276361190783,
            679.635931951806,
            728.6288492778748,
            290.05689097140925,
            467.38634982207174,
            766.2277729239524,
            572.1258602790124,
            440.0238629892702,
            537.1750180341598,
            444.2004052226878,
            623.3859157857194,
            718.092612411519,
            877.2684879784523,
            459.2918462154537,
            506.6754385205582,
            501.4538862148742,
            400.7118665575054,
            853.5853794436734,
            710.2957130660441,
            222.8048473440378,
            281.0071173475861,
            799.7905975941453,
            809.6048418827546,
            640.0632781217807,
            451.84178646955615,
            272.1488563268272,
            347.224711102191,
            548.8351300709531,
            233.34309503390068,
            142.56226709757388,
            415.1770706578098,
            804.1050926340412,
            164.64810961562844,
            682.7569113527888,
            405.7647101461634,
            435.9736230553403,
            642.2624074317288,
            908.6060752603408,
            510.28325467332354
        ],
        [
            809.0271936097081,
            784.6999426532412,
            434.55264353125267,
            287.7846417027844,
            578.6959477998787,
            529.9094262230103,
            787.3658615916745,
            606.7421198499408,
            336.8827689271151,
            902.8510397623741,
            600.7803259095624,
            771.1199647266305,
            578.2879905375867,
            217.70622407271688,
            0,
            78.10889834071405,
            571.2661376276385,
            438.4062043356595,
            807.5345193860136,
            834.3554398456332,
            930.3359608227556,
            350.7050042414565,
            826.6468411601172,
            144.0,
            718.8581223023081,
            819.3363167832853,
            490.44163771033953,
            319.2146613174276,
            934.1482751683482,
            734.2070552643852,
            513.1247411692405,
            754.8516410527303,
            314.30240215435833,
            779.5755255265523,
            909.1782003545839,
            983.6930415531057,
            339.48343111262443,
            415.2348732946211,
            378.4230436958088,
            200.38463014912097,
            906.5914184460385,
            895.1893654417484,
            363.463890916278,
            492.7443556246991,
            915.5724984947942,
            923.0557946299888,
            715.6318886131332,
            643.4570692750216,
            65.76473218982952,
            539.8675763555356,
            664.8308055437865,
            362.0842443410097,
            334.4009569364298,
            577.0060658260015,
            903.7881388909682,
            377.89548819746443,
            686.0357133560906,
            547.752681417444,
            554.2860272458615,
            771.1841544015281,
            1071.461151885592,
            676.7458902719692
        ],
        [
            774.3190556869953,
            757.4305248668026,
            440.59618700120416,
            328.5681055732586,
            526.7580089566745,
            572.7137155682584,
            813.5379524029595,
            532.0234957217584,
            274.3082208028042,
            908.6611029421255,
            645.8374408471531,
            814.9705516152103,
            587.1848090678096,
            154.3534904043313,
            78.10889834071405,
            0,
            593.1424786676469,
            409.78164917428893,
            780.4389790367983,
            821.7359673277056,
            921.5400154089891,
            284.92981591964013,
            872.2224486906996,
            184.49119220168748,
            736.6953237261656,
            819.6371148258233,
            414.3163042893678,
            388.3104428160541,
            903.0448493845696,
            704.8921903383524,
            515.8643232478865,
            688.354559801851,
            378.3503667237551,
            753.1699675372085,
            866.043878795988,
            979.0122573287834,
            401.20319041602846,
            470.2180345329175,
            441.8155723828666,
            278.36127604248406,
            921.2127875795037,
            855.4326390780282,
            336.7744052032458,
            435.1666347504137,
            906.8461832085968,
            915.2950344014765,
            720.5733828001141,
            599.2128169523746,
            143.38758663147937,
            494.489635887346,
            654.0374607008378,
            339.755794652571,
            258.43567865138124,
            546.4951966852042,
            901.2713242969621,
            318.86360720533787,
            715.5990497478319,
            525.1475982997542,
            541.0896413719265,
            756.2446694027007,
            1043.1730441302632,
            645.0612374030857
        ],
        [
            536.4513025429243,
            462.3126647627123,
            178.47408775505758,
            296.93938775447083,
            550.2726596879041,
            169.9205696788944,
            222.10357943986403,
            809.0914657812181,
            554.9099025968089,
            357.7946338334324,
            202.632672587616,
            298.63857754817946,
            98.73196037757988,
            549.7208382442856,
            571.2661376276385,
            593.1424786676469,
            0,
            358.5596184736926,
            476.3622571111192,
            393.6953136627359,
            449.67766233158613,
            579.3798408643505,
            357.6171136844544,
            428.36549814381647,
            149.91330828182,
            306.0081698255783,
            757.2001056523961,
            421.2469584459928,
            600.3865421543024,
            446.4538050011446,
            151.82226450688975,
            797.8734235453641,
            380.40636167130543,
            452.3991600345871,
            678.0103244051672,
            476.0346626034705,
            356.32850012313077,
            286.0367109306076,
            361.4872058593499,
            549.1784773641443,
            339.37737107827326,
            639.0782424711391,
            364.8520247990958,
            561.4588141618226,
            436.55469302253533,
            437.6768214105015,
            196.9466932954194,
            517.1170080358991,
            550.027272051123,
            483.5969396098366,
            271.1180554666177,
            345.3983207834109,
            665.6613252998856,
            384.76616275343133,
            393.6495903719449,
            539.7258563381969,
            136.19104228986575,
            321.5493741247213,
            256.31230949761266,
            363.37308651026973,
            693.2647401967015,
            433.5366189839101
        ],
        [
            371.5709891797259,
            347.8419181179865,
            193.79370474811614,
            342.8410710518797,
            212.9530464679949,
            462.43269780585376,
            556.1699380585038,
            450.7948535642349,
            229.6301373948986,
            556.0755344375438,
            527.7092002230016,
            655.5196412007806,
            288.6468430452687,
            286.55889447022923,
            438.4062043356595,
            409.78164917428893,
            358.5596184736926,
            0,
            370.82610479846204,
            423.89739324511066,
            528.7958017987662,
            249.4674327442362,
            715.2656849031695,
            351.647550823264,
            449.9077683259092,
            454.21580773900854,
            408.3540130817867,
            521.3233161867978,
            495.79532067174654,
            296.1418578992169,
            210.80085388821365,
            459.1524801196221,
            481.10913522817253,
            343.4210244000795,
            481.68973416505355,
            593.8114178760796,
            478.2352977353303,
            473.8143096192854,
            512.0976469385502,
            547.0959696433524,
            600.5231053007037,
            462.17312773461845,
            75.0066663703967,
            203.21663317750344,
            514.5609779219562,
            524.8161582878331,
            380.0907786305792,
            229.29675095822878,
            461.80623642389247,
            147.50254235097103,
            266.9082239272518,
            80.52949770115296,
            350.6907469552055,
            138.62178760930766,
            523.7680784469402,
            198.15398053029364,
            491.7977226462116,
            119.21828718783038,
            158.5339080449353,
            355.84406697316166,
            634.1679588247896,
            238.42189496772315
        ],
        [
            84.17244204607586,
            23.021728866442675,
            437.3785545725807,
            650.959292122019,
            344.52430973735363,
            643.5060217278468,
            543.721436031356,
