{
    "depot": {
        "x": 747,
        "y": 4,
        "node_type": "depot",
        "id": 0
    },
    "final_destination": {
        "x": 547,
        "y": 587,
        "node_type": "final",
        "id": 31
    },
    "pickup_nodes": [
        {
            "x": 71,
            "y": 104,
            "node_type": "pickup",
            "id": 1
        },
        {
            "x": 994,
            "y": 308,
            "node_type": "pickup",
            "id": 2
        },
        {
            "x": 826,
            "y": 44,
            "node_type": "pickup",
            "id": 3
        },
        {
            "x": 978,
            "y": 108,
            "node_type": "pickup",
            "id": 4
        },
        {
            "x": 552,
            "y": 984,
            "node_type": "pickup",
            "id": 5
        },
        {
            "x": 839,
            "y": 169,
            "node_type": "pickup",
            "id": 6
        },
        {
            "x": 434,
            "y": 985,
            "node_type": "pickup",
            "id": 7
        },
        {
            "x": 954,
            "y": 306,
            "node_type": "pickup",
            "id": 8
        },
        {
            "x": 120,
            "y": 380,
            "node_type": "pickup",
            "id": 9
        },
        {
            "x": 998,
            "y": 816,
            "node_type": "pickup",
            "id": 10
        },
        {
            "x": 804,
            "y": 109,
            "node_type": "pickup",
            "id": 11
        },
        {
            "x": 161,
            "y": 46,
            "node_type": "pickup",
            "id": 12
        },
        {
            "x": 405,
            "y": 508,
            "node_type": "pickup",
            "id": 13
        },
        {
            "x": 317,
            "y": 414,
            "node_type": "pickup",
            "id": 14
        },
        {
            "x": 71,
            "y": 420,
            "node_type": "pickup",
            "id": 15
        },
        {
            "x": 625,
            "y": 845,
            "node_type": "pickup",
            "id": 16
        },
        {
            "x": 74,
            "y": 598,
            "node_type": "pickup",
            "id": 17
        },
        {
            "x": 738,
            "y": 268,
            "node_type": "pickup",
            "id": 18
        },
        {
            "x": 50,
            "y": 485,
            "node_type": "pickup",
            "id": 19
        },
        {
            "x": 134,
            "y": 310,
            "node_type": "pickup",
            "id": 20
        },
        {
            "x": 492,
            "y": 776,
            "node_type": "pickup",
            "id": 21
        },
        {
            "x": 405,
            "y": 659,
            "node_type": "pickup",
            "id": 22
        },
        {
            "x": 685,
            "y": 780,
            "node_type": "pickup",
            "id": 23
        },
        {
            "x": 467,
            "y": 812,
            "node_type": "pickup",
            "id": 24
        },
        {
            "x": 317,
            "y": 427,
            "node_type": "pickup",
            "id": 25
        },
        {
            "x": 354,
            "y": 574,
            "node_type": "pickup",
            "id": 26
        },
        {
            "x": 144,
            "y": 441,
            "node_type": "pickup",
            "id": 27
        },
        {
            "x": 355,
            "y": 665,
            "node_type": "pickup",
            "id": 28
        },
        {
            "x": 522,
            "y": 904,
            "node_type": "pickup",
            "id": 29
        },
        {
            "x": 405,
            "y": 421,
            "node_type": "pickup",
            "id": 30
        }
    ],
    "delivery_nodes": [
        {
            "x": 705,
            "y": 750,
            "node_type": "delivery",
            "id": 1
        },
        {
            "x": 582,
            "y": 822,
            "node_type": "delivery",
            "id": 2
        },
        {
            "x": 258,
            "y": 462,
            "node_type": "delivery",
            "id": 3
        },
        {
            "x": 521,
            "y": 484,
            "node_type": "delivery",
            "id": 4
        },
        {
            "x": 906,
            "y": 613,
            "node_type": "delivery",
            "id": 5
        },
        {
            "x": 781,
            "y": 765,
            "node_type": "delivery",
            "id": 6
        },
        {
            "x": 87,
            "y": 332,
            "node_type": "delivery",
            "id": 7
        },
        {
            "x": 690,
            "y": 353,
            "node_type": "delivery",
            "id": 8
        },
        {
            "x": 148,
            "y": 634,
            "node_type": "delivery",
            "id": 9
        },
        {
            "x": 478,
            "y": 881,
            "node_type": "delivery",
            "id": 10
        },
        {
            "x": 849,
            "y": 203,
            "node_type": "delivery",
            "id": 11
        },
        {
            "x": 933,
            "y": 199,
            "node_type": "delivery",
            "id": 12
        },
        {
            "x": 104,
            "y": 627,
            "node_type": "delivery",
            "id": 13
        },
        {
            "x": 594,
            "y": 662,
            "node_type": "delivery",
            "id": 14
        },
        {
            "x": 892,
            "y": 23,
            "node_type": "delivery",
            "id": 15
        },
        {
            "x": 1,
            "y": 673,
            "node_type": "delivery",
            "id": 16
        },
        {
            "x": 286,
            "y": 925,
            "node_type": "delivery",
            "id": 17
        },
        {
            "x": 699,
            "y": 458,
            "node_type": "delivery",
            "id": 18
        },
        {
            "x": 981,
            "y": 343,
            "node_type": "delivery",
            "id": 19
        },
        {
            "x": 484,
            "y": 11,
            "node_type": "delivery",
            "id": 20
        },
        {
            "x": 752,
            "y": 684,
            "node_type": "delivery",
            "id": 21
        },
        {
            "x": 419,
            "y": 462,
            "node_type": "delivery",
            "id": 22
        },
        {
            "x": 209,
            "y": 423,
            "node_type": "delivery",
            "id": 23
        },
        {
            "x": 236,
            "y": 560,
            "node_type": "delivery",
            "id": 24
        },
        {
            "x": 333,
            "y": 826,
            "node_type": "delivery",
            "id": 25
        },
        {
            "x": 391,
            "y": 325,
            "node_type": "delivery",
            "id": 26
        },
        {
            "x": 866,
            "y": 288,
            "node_type": "delivery",
            "id": 27
        },
        {
            "x": 13,
            "y": 137,
            "node_type": "delivery",
            "id": 28
        },
        {
            "x": 202,
            "y": 807,
            "node_type": "delivery",
            "id": 29
        },
        {
            "x": 308,
            "y": 591,
            "node_type": "delivery",
            "id": 30
        }
    ],
    "travel_costs": [
        [
            0,
            683.3564223741517,
            391.6950344336778,
            88.54942122905152,
            253.33179824096305,
            999.2121896774478,
            188.91532494744837,
            1029.7232637946954,
            366.1324896809897,
            731.0984885772915,
            849.9088186387996,
            119.47384651043926,
            587.5031914806932,
            609.0812753647907,
            594.138031100518,
            793.745551168635,
            849.8029183287146,
            897.6441388434506,
            264.1533645441602,
            846.8589020610221,
            685.1313742633598,
            813.0245998738291,
            738.91068472448,
            778.4728640100436,
            855.1397546600205,
            603.1823936422549,
            692.3503448399516,
            744.69993957298,
            768.4952830043916,
            927.6987657639736,
            539.3078897995097,
            747.1813702174325,
            834.4752842355488,
            669.9888058766354,
            530.5431179461289,
            629.4140131900465,
            761.7591482876986,
            737.0101763205173,
            353.6240942017385,
            869.3106464319875,
            917.3276404862114,
            223.61797781037197,
            269.48283804353855,
            895.308885245757,
            675.5538468545642,
            146.23952953972463,
            1002.0364264835885,
            1029.9330075301016,
            456.5303932927138,
            411.91868129522845,
            263.09313940123945,
            680.018382104484,
            563.3364891430343,
            681.9127510173131,
            755.1536267541857,
            920.3694910197753,
            479.350602377842,
            307.92369184588574,
            745.952411350751,
            970.4813238800633,
            733.0006821279227,
            616.3513608324396
        ],
        [
            683.3564223741517,
            0,
            945.2750922350593,
            757.3803535872845,
            907.0088202437726,
            1002.8763632671777,
            770.7457427712461,
            952.8536089032774,
            905.8106866227622,
            280.31589323475754,
            1168.8768113022004,
            733.0170530076364,
            107.07007051459338,
            524.1869895371308,
            395.7473941796711,
            316.0,
            925.2010592298303,
            494.0091092277551,
            686.8660713705401,
            381.57830126987045,
            215.41819793137256,
            792.9848674470402,
            647.7507236584147,
            913.220674317002,
            811.2213014954673,
            406.0110835925542,
            548.624643996239,
            344.81589290518497,
            628.7901080646865,
            918.3686623573345,
            460.483441613268,
            905.1364538013039,
            881.2746450454592,
            403.89726416503487,
            588.9821729050889,
            977.9089937207858,
            970.0623691289132,
            228.56071403458645,
            667.2046162909846,
            535.5641884965798,
            877.1419497435976,
            784.2735492160883,
            867.219118792938,
            524.0400748034448,
            764.782975751945,
            824.986060488297,
            573.2896301172733,
            848.6848649528281,
            720.9022125087424,
            940.8618389540518,
            423.3414697380827,
            894.5171882082535,
            499.26746339011515,
            347.57013680694723,
            484.9340161300298,
            768.067705348949,
            388.8971586422303,
            816.0153184836668,
            66.7308024828115,
            715.1013914124346,
            541.6068684941135,
            678.1334676890679
        ],
        [
            391.6950344336778,
            945.2750922350593,
            0,
            312.9217154497271,
            200.63897926375125,
            807.6756774844715,
            208.19702207284328,
            878.5949009640336,
            40.049968789001575,
            876.9606604631704,
            508.01574778740866,
            275.138147118861,
            873.2313553692401,
            622.0297420541882,
            685.2481302418854,
            929.7704017659413,
            651.5596672600292,
            964.6242791885346,
            259.10615585122633,
            960.4504151698827,
            860.0023255782509,
            686.3147965766146,
            685.6544319115861,
            564.149802800639,
            729.2084749918914,
            687.3790802752147,
            693.0771962775864,
            860.3423737094437,
            731.9631138247337,
            760.2631123499285,
            599.7416110292831,
            528.0956352783084,
            658.7412238504586,
            751.938827299136,
            504.6830688659963,
            317.44133316252316,
            504.20035700106365,
            907.3174747573199,
            307.312544488506,
            906.637744636743,
            771.0933795591816,
            179.02513789968157,
            124.90796611905904,
            945.4422245700686,
            534.1497917251302,
            302.7028245656125,
            1057.9574660637356,
            939.1235275510885,
            330.94561486745823,
            37.33630940518894,
            590.1770920664407,
            447.14650842872516,
            595.2654869887889,
            793.3788502348673,
            798.7915873367721,
            839.7886638911006,
            603.2395875603655,
            129.55307792561317,
            995.7921469865084,
            936.090273424524,
            742.081531908725,
            526.925042107509
        ],
        [
            88.54942122905152,
            757.3803535872845,
            312.9217154497271,
            0,
            164.9242250247064,
            979.1200130729635,
            125.67418191498203,
            1019.3846182869348,
            291.5956103922005,
            781.8772282142511,
            790.9285682032228,
            68.62215385719105,
            665.0030075119961,
            626.52773282593,
            629.2702122300086,
            843.445908164833,
            825.8341237803147,
            934.0342606136029,
            240.66574330386115,
            892.5564407924016,
            741.3636084945092,
            804.5992791445938,
            745.2959143856888,
            749.3844140359473,
            847.7647079231358,
            637.0007849288727,
            709.7069817889634,
            789.1343358389622,
            779.4113163150764,
            912.1491106173374,
            565.1283040159996,
            716.2939340801372,
            815.3649489645726,
            705.229040808729,
            535.3737012592233,
            574.5963800790952,
            722.4029346562761,
            793.1361799842446,
            337.6047985440966,
            898.7680457159121,
            906.4618028356188,
            160.65490966665166,
            188.3454273402994,
            927.9940732569363,
            660.1121116901279,
            69.26037828369117,
            1037.4324074367448,
            1033.325215021873,
            433.0415684434925,
            336.78776699874356,
            343.5884165684286,
            644.2639210758274,
            583.4149466717492,
            724.1063457807837,
            783.8086501181267,
            924.4311764539316,
            517.866778235484,
            247.2569513684095,
            818.3019002788641,
            985.6698230137716,
            753.3478612168485,
            610.4834150081392
        ],
        [
            253.33179824096305,
            907.0088202437726,
            200.63897926375125,
            164.9242250247064,
            0,
            974.0903448859351,
            151.79591562357666,
            1032.0198641499107,
            199.44924166313592,
            900.0822184667353,
            708.2824295434696,
            174.0028735394907,
            819.3491319333901,
            698.8054092521036,
            728.393437642048,
            959.1626556533569,
            817.176847444909,
            1028.2587223067937,
            288.44410203711914,
            1001.6551302718915,
            867.8363901104861,
            826.0871624713702,
            794.9402493269541,
            733.0982198859849,
            869.9063167950903,
            733.9495895495821,
            778.8016435524518,
            898.0228282176349,
            835.6901339611471,
            917.3614336781333,
            652.9150021250852,
            697.6338581232995,
            816.4631038816145,
            802.3191384978924,
            591.7981074657133,
            510.10685155171166,
            685.8994095346634,
            918.7257479792323,
            378.11241714601226,
            982.6372677646619,
            920.6133824793119,
            160.20611723651504,
            101.51847122568385,
            1016.4826609441009,
            674.0712128551403,
            120.91732712891069,
            1128.6071061268399,
            1070.678756677277,
            447.5946827208742,
            235.01914815605983,
            503.4332130481659,
            618.7503535352525,
            661.6623005733362,
            831.0150419817923,
            868.8313990642833,
            965.1678610480147,
            625.8258543716455,
            212.0,
            965.4356529567362,
            1044.4027001114082,
            825.9473348828,
            644.3616996687497
        ],
        [
            999.2121896774478,
            1002.8763632671777,
            807.6756774844715,
            979.1200130729635,
            974.0903448859351,
            0,
            864.0567111017655,
            118.00423721205946,
            788.2182438893431,
            742.590061878019,
            476.59206875482096,
            910.5652090871911,
            1016.2307808760764,
            498.18169376242633,
            616.5427803486147,
            741.2536677818194,
            157.0031846810758,
            614.3940103874712,
            739.7648274958738,
            707.8170667623098,
            793.0952023559341,
            216.48094604375692,
            356.6987524508601,
            243.52617929085162,
            191.8567173700207,
            604.5444565952118,
            455.3064901799666,
            679.2002650176162,
            374.9266594948938,
            85.44003745317531,
            581.8745569278657,
            279.5800422061632,
            164.75436261295178,
            599.0993239855975,
            500.9600782497543,
            512.7933306898599,
            316.8627463113958,
            800.8301942359567,
            645.9140809736231,
            534.5240873898949,
            126.8266533501535,
            835.5656766526494,
            872.5743521328139,
            572.8464017518135,
            324.72757813280964,
            1019.3728464109685,
            632.7100441750549,
            272.4646766096479,
            546.1547399776001,
            771.3118694795251,
            975.3732618849053,
            360.5551275463989,
            538.6770832326172,
            657.5484773003433,
            528.8024205693464,
            270.04629232781554,
            678.3818983434037,
            763.5522248019449,
            1003.9571704012079,
            392.21040271772495,
            462.585127300911,
            397.03148489760855
        ],
        [
            188.91532494744837,
            770.7457427712461,
            208.19702207284328,
            125.67418191498203,
            151.79591562357666,
            864.0567111017655,
            0,
            910.9780458386471,
            178.86866690396056,
            749.3210259962015,
            666.2507035643564,
            69.46221994724903,
            689.0667601909122,
            550.7059106274419,
            576.6359336704572,
            807.9758659762059,
            709.0641719900957,
            877.0781037057077,
            141.4284271283535,
            849.9276439791801,
            718.9617514165827,
            699.1838098812071,
            654.5655047434137,
            630.1087207776131,
            742.854629116626,
            582.2782839845567,
            631.8623267769649,
            746.3303558076678,
            693.0165943179138,
            800.446125607464,
            501.8565532101778,
            596.2524633072805,
            701.7535179819192,
            650.6996234822946,
            447.6036192883163,
            449.02672526253934,
            598.8154974614469,
            769.4627996206184,
            236.76359517459605,
            832.8901488191585,
            798.2887948606069,
            35.440090293338706,
            98.67117106835208,
            866.0190529081909,
            550.5215708762009,
            155.32224567009067,
            977.8854738669554,
            936.6669632265248,
            321.1245864146811,
            224.5885126180767,
            388.57303045888295,
            522.296850459583,
            512.1025287967244,
            679.2760852554726,
            718.6723871139061,
            829.2677492824618,
            474.38381085361664,
            122.0245876862528,
            826.6196223173025,
            901.5614233095824,
            678.26617194137,
            509.89018425539433
        ],
        [
            1029.7232637946954,
            952.8536089032774,
            878.5949009640336,
            1019.3846182869348,
            1032.0198641499107,
            118.00423721205946,
            910.9780458386471,
            0,
            855.2432402539058,
            681.6311319181365,
            588.7758486894652,
            950.9342774345658,
            977.8803607803972,
            477.880738260081,
            582.8636204121852,
            671.5608684251935,
            236.81427321848656,
            528.5536869609368,
            778.7843090355635,
            630.441115410472,
            738.6643351347078,
            216.8985938174796,
            327.28733553255614,
            324.0771513081414,
            176.11927776367924,
            570.1341947296268,
            418.7135058724521,
            616.4705994611584,
            329.607342151233,
            119.60351165413162,
            564.7450752330648,
            358.7004321157141,
            220.16584657934575,
            551.8197169366097,
            508.49778760580654,
            600.9725451299752,
            410.86372436612123,
            739.471432849167,
            681.8797547955211,
            452.765943948968,
            112.92475370794484,
            885.2959956986139,
            931.0193338486587,
            486.8921851909312,
            360.45665481441733,
            1065.461402398041,
            533.6974798516478,
            159.69971822141704,
            589.8762582101436,
            843.4293094267,
            975.2825231695685,
            437.86413417862855,
            523.2150609453058,
            605.3668309380685,
            468.8592539344829,
            188.36666371733614,
            661.3992742663088,
            820.0201217043395,
            946.7549841432048,
            292.4175097356518,
            413.65686262891853,
            413.7305886685199
        ],
        [
            366.1324896809897,
            905.8106866227622,
            40.049968789001575,
            291.5956103922005,
            199.44924166313592,
            788.2182438893431,
            178.86866690396056,
            855.2432402539058,
            0,
            837.2765373519075,
            511.89452038481517,
            247.60654272454107,
            834.5351999766098,
            584.9829057331506,
            646.0905509292022,
            890.3285910269309,
            631.476048635259,
            927.1806727925253,
            219.31712199461313,
            921.5514093093234,
            820.0097560395242,
            659.0477979630916,
            652.6944154809355,
            545.0110090631198,
            702.2855544577291,
            648.3903145482666,
            657.1331676304278,
            821.1729415902596,
            698.3423229333877,
            737.7181033430045,
            560.9153233777804,
            509.05500685092966,
            636.1131974735314,
            713.2685328822519,
            468.1591609698565,
            310.72978614867293,
            490.5201321046874,
            867.3897624482317,
            268.1510768205117,
            870.1838886120564,
            746.4589740903381,
            147.08500943332055,
            109.04127658827184,
            908.5928681208102,
            506.2963559023509,
            289.71192588500736,
            1021.2237756730891,
            910.7057702683122,
            296.86528931486754,
            45.803929962395145,
            554.909902596809,
            428.5883806171138,
            557.2800014355441,
            754.1312883046294,
            761.6035714201976,
            809.9635794281123,
            563.3205126746229,
            89.82204629154248,
            956.0554377231479,
            903.6066622153689,
            706.0743586903578,
            494.5806304335017
        ],
        [
            731.0984885772915,
            280.31589323475754,
            876.9606604631704,
            781.8772282142511,
            900.0822184667353,
            742.590061878019,
            749.3210259962015,
            681.6311319181365,
            837.2765373519075,
            0,
            980.2958737034446,
            735.7288902850016,
            336.5070578754627,
            312.4243908532111,
            199.9124808509964,
            63.25345840347387,
            686.4765108872991,
            222.800359066138,
            628.0668754201259,
            126.19429464123962,
            71.386273190299,
            543.323108288245,
            398.8307911884437,
            692.2607890094599,
            554.1055856062092,
            202.5290102676651,
            303.9605237526742,
            65.55150646628955,
            369.39139134527755,
            660.4392477737828,
            287.9340202199108,
            692.1885581256021,
            639.3809506076952,
            160.5241414865689,
            414.2668222293453,
            819.8079043288129,
            764.9483642704258,
            58.249463516842795,
            570.6391153785377,
            255.53864678361276,
            615.7637533989802,
            750.1799784051825,
            832.9045563568494,
            247.51767613647314,
            551.5432893255071,
            850.5486464629757,
            316.24357700987383,
            569.7201067190801,
            584.2302628245134,
            861.7946391107339,
            518.3213289070786,
            701.3130542061797,
            310.0403199585499,
            98.84331034521253,
            214.14014102918676,
            494.25196003657885,
            276.5248632582611,
            751.6515149988057,
            265.51459470243816,
            434.8022539040017,
            282.60396317107796,
            474.52924040568877
        ],
        [
            849.9088186387996,
            1168.8768113022004,
            508.01574778740866,
            790.9285682032228,
            708.2824295434696,
            476.59206875482096,
            666.2507035643564,
            588.7758486894652,
            511.89452038481517,
            980.2958737034446,
            0,
            733.1336849442944,
            1137.3077859576977,
            668.2162823517547,
            790.8002276175697,
            1008.0401777707076,
            374.1256473432422,
            949.3682109698005,
            606.5509047062745,
            1004.1239963271469,
            1001.265199634942,
            507.57856534727705,
            613.4313327504555,
            315.06348566598444,
            531.0150656996466,
            784.2716366157839,
            687.9680225126746,
            932.7062774528752,
            660.4922406811454,
            484.0661111873047,
            712.5124560314717,
            300.34147232774893,
            416.0432669807313,
            820.3145738069024,
            581.1652088692165,
            222.8744040934266,
            222.9125389025929,
            1031.5895501603338,
            556.0872233741754,
            869.2663573381867,
            524.0467536394057,
            630.8486347769963,
            620.4143776541611,
            913.759815268761,
            432.35633452049706,
            800.053123236201,
            1007.2030579778838,
            720.2950784227254,
            466.43863476345956,
            473.30539823669875,
            955.1026122883342,
            279.17736297916423,
            678.6434999320336,
            881.4590177654318,
            803.8532204326858,
            665.0751837198558,
            780.7240229428066,
            544.2499425815312,
            1196.3552983959237,
            796.0508777710128,
            725.7582242041767,
            505.8082640685105
        ],
        [
            119.47384651043926,
            733.0170530076364,
            275.138147118861,
            68.62215385719105,
            174.0028735394907,
            910.5652090871911,
            69.46221994724903,
            950.9342774345658,
            247.60654272454107,
            735.7288902850016,
            733.1336849442944,
            0,
            646.0789425449493,
            564.2712113868649,
            574.6250951707557,
            796.2474489755052,
            757.454289049841,
            878.6472557289416,
            172.15400082484285,
            842.5508886708267,
            699.500536097007,
            736.3647194155897,
            679.4858350252786,
            681.47046891263,
            779.601180091462,
            581.6296072243915,
            647.0896383036898,
            738.7990254460275,
            714.6586597810174,
            843.5336389261545,
            506.50271470151074,
            648.6000308356454,
            746.7616755029678,
            650.1730538864249,
            469.8020859894089,
            514.2178526655798,
            656.4030773846204,
            750.8781525653814,
            269.3176563094221,
            840.2148534749906,
            838.0095464850027,
            104.21612159354233,
            157.29272074701993,
            870.8180062447033,
            591.531064273044,
            123.04470732217621,
            981.2772289215725,
            966.5298753789248,
            364.45301480437774,
            293.40245397746764,
            334.6699867033194,
            577.3465164006794,
            522.3351414561345,
            672.7711349337158,
            725.2758096062491,
            857.8636255256426,
            466.074028454708,
            189.43336559328716,
            791.495420075189,
            921.7418293643834,
            691.6212836516818,
            542.7089459369544
        ],
        [
            587.5031914806932,
            107.07007051459338,
            873.2313553692401,
            665.0030075119961,
            819.3491319333901,
            1016.2307808760764,
            689.0667601909122,
            977.8803607803972,
            834.5351999766098,
            336.5070578754627,
            1137.3077859576977,
            646.0789425449493,
            0,
            522.474879778923,
            399.69988741554585,
            384.67648745406836,
            923.9572500933147,
            558.8139225180417,
            618.2337745545774,
            452.81563577244106,
            265.377090194312,
            801.5366491932854,
            659.7764773012145,
            901.849211343005,
            824.8587757913472,
            411.7001335924,
            562.1681243186953,
            395.36565354112383,
            648.6886772558929,
            930.8517604860616,
            447.3935627610214,
            889.692081565302,
            882.8459661798313,
            427.1592209001229,
            566.9603160715924,
            936.2232639707261,
            949.4003370549223,
            295.41834743292435,
            611.6289724988508,
            588.1436899261948,
            893.1483639351303,
            705.6861908809043,
            787.0152476286594,
            583.7893455691017,
            752.9575021208037,
            731.3617435988842,
            647.0927290582085,
            887.8434546697971,
            677.6341195660088,
            872.129004218986,
            324.89075086865734,
            869.6694774453108,
            489.5099590406716,
            380.0434185721416,
            519.4429708832338,
            798.7390061841227,
            361.58124951385406,
            745.3784273776644,
            173.73830895919298,
            762.1036674888792,
            564.4767488568506,
            664.5878421999608
        ],
        [
            609.0812753647907,
            524.1869895371308,
            622.0297420541882,
            626.52773282593,
            698.8054092521036,
            498.18169376242633,
            550.7059106274419,
            477.880738260081,
            584.9829057331506,
            312.4243908532111,
            668.2162823517547,
            564.2712113868649,
            522.474879778923,
            0,
            128.76334882255898,
            345.39832078341084,
            402.4537240478711,
            343.0174922653362,
            410.47411611452435,
            355.74429018608294,
            335.6262802582658,
            281.7676347631147,
            151.0,
            390.36393276018725,
            310.25795719046437,
            119.60351165413162,
            83.40863264674707,
            269.46242780766295,
            164.76953601925325,
            412.92251089036057,
            87.0,
            385.4400083022,
            360.4511062543712,
            154.02921800749363,
            118.45674315968677,
            511.884752654345,
            455.439348322035,
            363.4556369077249,
            324.4225639501667,
            286.2254356272342,
            380.0763081277232,
            538.6659447189882,
            611.7720163590355,
            323.66958460751295,
            243.79704674175198,
            687.3092462640088,
            436.3954628545076,
            433.6473221409306,
            298.2213942694253,
            599.1669216503863,
            503.23950560344525,
            389.0822535146007,
            48.08326112068523,
            213.63754351705134,
            176.81911661356077,
            326.0490760606446,
            183.53473785635242,
            510.8042677973629,
            539.7267827336345,
            361.4000553403389,
            127.66362050325849,
            162.49615380063614
        ],
        [
            594.138031100518,
            395.7473941796711,
            685.2481302418854,
            629.2702122300086,
            728.393437642048,
            616.5427803486147,
            576.6359336704572,
            582.8636204121852,
            646.0905509292022,
            199.9124808509964,
            790.8002276175697,
            574.6250951707557,
            399.69988741554585,
            128.76334882255898,
            0,
            246.07315985291854,
            529.7405025104273,
            304.80321520613916,
            445.5973518772301,
            276.27884464793897,
            210.4875293218104,
            402.0808376433774,
            260.3247971285102,
            519.0183041088243,
            425.32810864084684,
            13.0,
            164.22241016377757,
            175.09426032854418,
            253.86019774671254,
            531.1544031635245,
            88.2779700718135,
            513.264064590538,
            486.506937257836,
            76.05918747922568,
            215.67568244936652,
            621.7089351135304,
            581.8049501336337,
            244.18026128252055,
            377.95502377928517,
            277.4184564876677,
            493.973683509557,
            572.3154724450493,
            652.442334616631,
            301.2274887854693,
            371.79698761555346,
            695.3459570602248,
            408.57924567946424,
            511.93944954457254,
            384.52568184712965,
            667.7851450878493,
            436.23158986941786,
            511.9814449762804,
            112.7297653683356,
            108.37435120913065,
            166.96406799069075,
            412.31056256176606,
            115.74541027617468,
            563.2734682194787,
            411.2724158024703,
            409.4801582494566,
            177.22866585290313,
            287.8002779706788
        ],
        [
            793.745551168635,
            316.0,
            929.7704017659413,
            843.445908164833,
            959.1626556533569,
            741.2536677818194,
            807.9758659762059,
            671.5608684251935,
            890.3285910269309,
            63.25345840347387,
            1008.0401777707076,
            796.2474489755052,
            384.67648745406836,
            345.39832078341084,
            246.07315985291854,
            0,
            698.2413622809809,
            178.0252791038396,
            684.1001388685722,
            68.30812543175226,
            126.76355943251198,
            551.3410922468958,
            410.7030557470933,
            711.7555760231177,
            557.2073222778035,
            246.09957334379916,
            322.1878334139885,
            75.96051605933178,
            375.07465923466486,
            661.5564979652153,
            334.00149700263324,
            714.7419114617527,
            650.1730538864249,
            191.65855055279948,
            454.52832695003735,
            857.0145856401745,
            789.3826701923472,
            89.44271909999158,
            622.6154511413928,
            227.4313083108832,
            614.955282927141,
            807.6961062181741,
            889.8792052857511,
            209.6139308347611,
            576.2751079128786,
            911.9484634561319,
            262.505238042977,
            548.8624600025038,
            629.1486310880762,
            913.2518820128432,
            581.2486559124244,
            730.3814072113282,
            350.52532005548477,
            138.0326048439281,
            216.390850083824,
            483.1976821136459,
            333.8038346094903,
            805.8839866879105,
            288.88232898535,
            408.57067931999234,
            292.2498930709813,
            504.4452398427405
        ],
        [
            849.8029183287146,
            925.2010592298303,
            651.5596672600292,
            825.8341237803147,
            817.176847444909,
            157.0031846810758,
            709.0641719900957,
            236.81427321848656,
            631.476048635259,
            686.4765108872991,
            374.1256473432422,
            757.454289049841,
            923.9572500933147,
            402.4537240478711,
            529.7405025104273,
            698.2413622809809,
            0,
            603.8294461186866,
            587.9608830526058,
            678.3988502348747,
            726.1583849271452,
            149.83324063771695,
            288.0902636327719,
            88.45903006477066,
            161.4094173212951,
            519.2186437330616,
            383.2518754031088,
            628.1536436255067,
            324.49961479175903,
            118.70130580579136,
            477.6777156200611,
            124.19742348374221,
            48.76474136094643,
            530.4507517197048,
            375.6820464169136,
            364.3967617858315,
            175.316856006489,
            743.3794455054565,
            496.27512530853284,
            521.5841255253077,
            151.34397906755328,
            679.9558809216963,
            715.6675205708304,
            564.7698646351449,
            185.60711193270586,
            864.275997584105,
            647.2711950952244,
            348.31164206784706,
            394.0114211542604,
