{
    "depot": {
        "x": 939,
        "y": 418,
        "node_type": "depot",
        "id": 0
    },
    "final_destination": {
        "x": 872,
        "y": 805,
        "node_type": "final",
        "id": 16
    },
    "pickup_nodes": [
        {
            "x": 554,
            "y": 410,
            "node_type": "pickup",
            "id": 1
        },
        {
            "x": 795,
            "y": 962,
            "node_type": "pickup",
            "id": 2
        },
        {
            "x": 780,
            "y": 125,
            "node_type": "pickup",
            "id": 3
        },
        {
            "x": 785,
            "y": 983,
            "node_type": "pickup",
            "id": 4
        },
        {
            "x": 460,
            "y": 678,
            "node_type": "pickup",
            "id": 5
        },
        {
            "x": 471,
            "y": 10,
            "node_type": "pickup",
            "id": 6
        },
        {
            "x": 437,
            "y": 244,
            "node_type": "pickup",
            "id": 7
        },
        {
            "x": 526,
            "y": 452,
            "node_type": "pickup",
            "id": 8
        },
        {
            "x": 457,
            "y": 415,
            "node_type": "pickup",
            "id": 9
        },
        {
            "x": 771,
            "y": 873,
            "node_type": "pickup",
            "id": 10
        },
        {
            "x": 136,
            "y": 871,
            "node_type": "pickup",
            "id": 11
        },
        {
            "x": 290,
            "y": 225,
            "node_type": "pickup",
            "id": 12
        },
        {
            "x": 100,
            "y": 207,
            "node_type": "pickup",
            "id": 13
        },
        {
            "x": 946,
            "y": 571,
            "node_type": "pickup",
            "id": 14
        },
        {
            "x": 843,
            "y": 50,
            "node_type": "pickup",
            "id": 15
        }
    ],
    "delivery_nodes": [
        {
            "x": 332,
            "y": 904,
            "node_type": "delivery",
            "id": 1
        },
        {
            "x": 97,
            "y": 758,
            "node_type": "delivery",
            "id": 2
        },
        {
            "x": 806,
            "y": 708,
            "node_type": "delivery",
            "id": 3
        },
        {
            "x": 327,
            "y": 923,
            "node_type": "delivery",
            "id": 4
        },
        {
            "x": 324,
            "y": 915,
            "node_type": "delivery",
            "id": 5
        },
        {
            "x": 538,
            "y": 894,
            "node_type": "delivery",
            "id": 6
        },
        {
            "x": 165,
            "y": 295,
            "node_type": "delivery",
            "id": 7
        },
        {
            "x": 80,
            "y": 642,
            "node_type": "delivery",
            "id": 8
        },
        {
            "x": 445,
            "y": 108,
            "node_type": "delivery",
            "id": 9
        },
        {
            "x": 725,
            "y": 304,
            "node_type": "delivery",
            "id": 10
        },
        {
            "x": 803,
            "y": 317,
            "node_type": "delivery",
            "id": 11
        },
        {
            "x": 815,
            "y": 254,
            "node_type": "delivery",
            "id": 12
        },
        {
            "x": 345,
            "y": 181,
            "node_type": "delivery",
            "id": 13
        },
        {
            "x": 679,
            "y": 903,
            "node_type": "delivery",
            "id": 14
        },
        {
            "x": 364,
            "y": 757,
            "node_type": "delivery",
            "id": 15
        }
    ],
    "travel_costs": [
        [
            0,
            385.0831079130841,
            562.7361726422072,
            333.36166546260233,
            585.6116460590584,
            545.0146787014089,
            620.8767993732733,
            531.3002917371682,
            414.3971524998694,
            482.0093360091691,
            485.02474163696024,
            921.9642075482107,
            677.0893589475468,
            865.1254244327813,
            153.1600470096559,
            380.31565836815076,
            777.5892231763504,
            908.0550644096425,
            319.04388412881383,
            793.4538423878229,
            790.7173957868891,
            622.3961760807982,
            783.7123196683845,
            887.7257459373362,
            583.2117968628551,
            242.4706167765488,
            169.4018890095385,
            205.60155641434235,
            639.5349873150022,
            550.2953752304303,
            667.4923220532203,
            392.75692228145385
        ],
        [
            385.0831079130841,
            0,
            602.3163620556892,
            363.73204423036475,
            617.8106506042122,
            284.00704216621114,
            408.5205013215371,
            203.08865059377393,
            50.47771785649585,
            97.12878049270465,
            511.32963927392285,
            622.2901252631283,
            322.3678023624568,
            497.3178058344583,
            423.77470429462875,
            461.65030055226873,
            541.5902510200862,
            574.415354947968,
            390.2665755608594,
            560.9795005167301,
            554.9099025968089,
            484.26439059670696,
            405.64269992198797,
            527.7309920783505,
            321.0685285106593,
            201.1889659002203,
            265.8006772000403,
            304.06742673295344,
            310.0354818403855,
            508.60003932363196,
            395.6121838366457,
            507.0986097397626
        ],
        [
            562.7361726422072,
            602.3163620556892,
            0,
            837.1343978119643,
            23.259406699226012,
            439.18219453889526,
            1005.624184275617,
            802.3016888926509,
            576.5943114530354,
            643.0031104123836,
            92.17917335276987,
            665.2533352039657,
            893.4170358796614,
            1026.1822450227835,
            419.1443665373543,
            913.2622843411415,
            466.61868800981387,
            727.2001100109927,
            254.23807739990482,
            469.62218857289946,
            473.33920184155465,
            265.8439391823707,
            917.4905994068822,
            783.3421985313953,
            922.9387845355725,
            661.7129286934025,
            645.0496104951928,
            708.2824295434696,
            901.3661852987385,
            130.14222988715076,
            477.26931600512506,
            174.8656627242753
        ],
        [
            333.36166546260233,
            363.73204423036475,
            837.1343978119643,
            0,
            858.0145686408828,
            638.9123570568972,
            329.7059295796786,
            363.05646943691835,
            414.05917451494776,
            434.08409323540064,
            748.0541424255332,
            985.5211819134076,
            500.0999900019996,
            684.9262734046637,
            475.8907437637341,
            97.94896630388705,
            898.6350761015286,
            931.2239258094694,
            583.579471880223,
            917.6126633825407,
            912.1600736712827,
            806.1792604625848,
            638.0634764660958,
            870.2235345013371,
            335.431065943511,
            187.25917868024518,
            193.37269714207326,
            133.66375724181927,
            438.5897855627739,
            784.5285208327356,
            756.6240810336399,
            686.1953074744828
        ],
        [
            585.6116460590584,
            617.8106506042122,
            23.259406699226012,
            858.0145686408828,
            0,
            445.70169396133105,
            1022.41136535154,
            816.8384173139752,
            590.7977657371429,
            655.9024317686283,
            110.8873302050329,
            658.5931976569451,
            905.3115485842429,
            1035.0850206625541,
            442.3403666861075,
            934.8010483520009,
            459.8369276167367,
            723.8570300825985,
            275.80065264607333,
            461.9134117992245,
            465.9881972754246,
            262.5452341978426,
            926.1446971181124,
            783.1385573447395,
            938.7358520904589,
            681.645802451684,
            666.243198839583,
            729.6170228277297,
            914.7699164270762,
            132.80060240827223,
            477.82528187612684,
            198.12369873389707
        ],
        [
            545.0146787014089,
            284.00704216621114,
            439.18219453889526,
            638.9123570568972,
            445.70169396133105,
            0,
            668.0905627233482,
            434.60901969471365,
            235.44001359157284,
            263.0171097096157,
            367.07764846146654,
            377.12729946266154,
            483.8481166647236,
            592.824594631498,
            497.63942769840895,
            735.5766445449448,
            259.7306296916095,
            371.7109091753967,
            347.2981428110436,
            278.77230852435827,
            273.2489707208428,
            229.65191050805566,
            483.43975839808627,
            381.70145401871343,
            570.1973342624464,
            458.36775628309636,
            497.96586228375133,
            552.9927666796375,
            510.1313556330369,
            313.98407602934265,
            124.32618388738551,
            431.12991081575404
        ],
        [
            620.8767993732733,
            408.5205013215371,
            1005.624184275617,
            329.7059295796786,
            1022.41136535154,
            668.0905627233482,
            0,
            236.4571842850202,
            445.40880099073024,
            405.24190306531733,
            913.6569378054326,
            923.8755327423712,
            281.04448046528154,
            420.05951959216446,
            735.0823083165585,
            374.1443571671234,
            904.7413995170111,
            836.2894235849213,
            774.2280025935513,
            924.2862110839911,
            916.8609491084239,
            886.5353912845218,
            418.16384348721493,
            743.1722545951242,
            101.39033484509261,
            388.5254174439557,
            452.18690825807863,
            421.74874036563523,
            212.407626981707,
            916.9040298744465,
            754.624409888787,
            890.407771754043
        ],
        [
            531.3002917371682,
            203.08865059377393,
            802.3016888926509,
            363.05646943691835,
            816.8384173139752,
            434.60901969471365,
            236.4571842850202,
            0,
            226.24102192131295,
            172.16561793807728,
            712.1776463776436,
            695.5070093104741,
            148.22280526288793,
            339.02507281910584,
            604.9876031787759,
            449.9688878133687,
            668.3000822983639,
            616.2759122341226,
            592.8380891946806,
            687.8524551093789,
            680.4483815837907,
            657.8001216175018,
            276.739950133695,
            534.6522234125657,
            136.23509092741122,
            294.1836161311503,
            373.2090566961097,
            378.1322519965733,
            111.50336317797773,
            702.0292016718392,
            518.1679264485597,
            709.8915410117238
        ],
        [
            414.3971524998694,
            50.47771785649585,
            576.5943114530354,
            414.05917451494776,
            590.7977657371429,
            235.44001359157284,
            445.40880099073024,
            226.24102192131295,
            0,
            78.29431652425353,
            487.09957914167813,
            572.4168061823482,
            327.45228660065885,
            491.42751245733075,
            436.5329311747282,
            511.9501928898943,
            491.87396759739175,
            526.9506618270823,
            379.38898244413997,
            511.31399354995165,
            505.1465133998254,
            442.1628659215968,
            393.6622918187619,
            484.78448820068496,
            353.40769657719676,
            248.00201612083723,
            308.14606925936926,
            350.3212811120672,
            325.88648330361906,
            476.24573488903815,
            345.3534421429733,
            494.2924235713107
        ],
        [
            482.0093360091691,
            97.12878049270465,
            643.0031104123836,
            434.08409323540064,
            655.9024317686283,
            263.0171097096157,
            405.24190306531733,
            172.16561793807728,
            78.29431652425353,
            0,
            555.3017197884408,
            557.6531179864414,
            252.96047122030745,
            413.1742973612952,
            513.2806249996195,
            531.2447646800861,
            504.7236867831745,
            497.24139007126104,
            455.68629560257784,
            524.3700983084372,
            517.3867025736166,
            485.8003705227076,
            315.6960563580103,
            440.0659041552754,
            307.23443817384793,
            290.077575831018,
            359.6109008358896,
            392.53662249527747,
            259.4224354214569,
            536.1231201878911,
            354.41924326988794,
            569.4953906749378
        ],
        [
            485.02474163696024,
            511.32963927392285,
            92.17917335276987,
            748.0541424255332,
            110.8873302050329,
            367.07764846146654,
            913.6569378054326,
            712.1776463776436,
            487.09957914167813,
            555.3017197884408,
            0,
            635.0031495984882,
            807.009913198097,
            945.4083773692721,
            349.04011230802683,
            826.1434500133739,
            440.09317195339446,
            683.7404478309002,
            168.67127793433002,
            446.8064457905682,
            448.96881851638653,
            233.94443784796425,
            837.4485058796153,
            728.589047406012,
            831.5653912952366,
            570.8563742308569,
            556.9201019895044,
            620.5618422043045,
            812.6130690556238,
            96.76776322722355,
            423.2079866921228,
            121.75795661885921
        ],
        [
            921.9642075482107,
            622.2901252631283,
            665.2533352039657,
            985.5211819134076,
            658.5931976569451,
            377.12729946266154,
            923.8755327423712,
            695.5070093104741,
            572.4168061823482,
            557.6531179864414,
            635.0031495984882,
            0,
            664.1024017423819,
            664.9751875070227,
            863.770802933278,
            1083.4620436360472,
            198.75864761061342,
            119.54078801814885,
            689.5426020196287,
            197.9520143873257,
            193.08029417835473,
            402.6574226311989,
            576.7295726768309,
            235.74774654278244,
            823.1949951256993,
            817.5634531949187,
            867.066894766488,
            917.4584459254817,
            720.9583899227471,
            543.9420925061785,
            254.91174943497603,
            738.9533138162383
        ],
        [
            677.0893589475468,
            322.3678023624568,
            893.4170358796614,
            500.0999900019996,
            905.3115485842429,
            483.8481166647236,
            281.04448046528154,
            148.22280526288793,
            327.45228660065885,
            252.96047122030745,
            807.009913198097,
            664.1024017423819,
            0,
            190.85072700935672,
            741.6549062738007,
            580.0293096042647,
            680.2977289393226,
            566.8668273942302,
            706.7849743733947,
            698.9799711007462,
            690.837173290494,
            713.4879116004699,
            143.26548781894405,
            466.892921342785,
            194.20092687729377,
            442.1153695586707,
            521.1842284643693,
            525.8003423353773,
            70.43436661176133,
            781.6680881294823,
            537.1219600798314,
            821.6592967891254
        ],
        [
            865.1254244327813,
            497.3178058344583,
            1026.1822450227835,
            684.9262734046637,
            1035.0850206625541,
            592.824594631498,
            420.05951959216446,
            339.02507281910584,
            491.42751245733075,
            413.1742973612952,
            945.4083773692721,
            664.9751875070227,
            190.85072700935672,
            0,
            920.9842561086482,
            759.4063470896198,
            734.5971685216326,
            551.0081669086221,
            865.700294559266,
            751.1224933391358,
            742.5900618780189,
            814.7472000565575,
            109.40292500660118,
            435.4595273960601,
            358.92339015450074,
            632.4824108226252,
            711.5539333037237,
            716.5430901208944,
            246.37572932413616,
            905.3491039372601,
            610.07868344993,
            976.5183049999627
        ],
        [
            153.1600470096559,
            423.77470429462875,
            419.1443665373543,
            475.8907437637341,
            442.3403666861075,
            497.63942769840895,
            735.0823083165585,
            604.9876031787759,
            436.5329311747282,
            513.2806249996195,
            349.04011230802683,
            863.770802933278,
            741.6549062738007,
            920.9842561086482,
            0,
            531.0837975310488,
            698.4876520025247,
            869.3503321446424,
            195.88006534611935,
            712.0849668403343,
            710.7882947826307,
            520.3777474104749,
            828.3338698858088,
            868.9056335414106,
            682.1803280658274,
            346.59774955991855,
            291.4875640571995,
            343.0014577228499,
            716.4502774093957,
            426.0434250167464,
            610.9991816688464,
            245.42208539575245
        ],
        [
            380.31565836815076,
            461.65030055226873,
            913.2622843411415,
            97.94896630388705,
            934.8010483520009,
            735.5766445449448,
            374.1443571671234,
            449.9688878133687,
            511.9501928898943,
            531.2447646800861,
            826.1434500133739,
            1083.4620436360472,
            580.0293096042647,
            759.4063470896198,
            531.0837975310488,
            0,
            995.2070136408806,
            1028.484321708406,
            659.039452536796,
            1014.093190983945,
            1008.7546778082369,
            897.419077131749,
            720.9084546598133,
            965.7292581256922,
            402.20392837464925,
            280.07141946296485,
            269.97962886114203,
            205.91260281974002,
            514.9417442779329,
            868.6224726542597,
            853.9847773818922,
            755.5567483650715
        ],
        [
            777.5892231763504,
            541.5902510200862,
            466.61868800981387,
            898.6350761015286,
            459.8369276167367,
            259.7306296916095,
            904.7413995170111,
            668.3000822983639,
            491.87396759739175,
            504.7236867831745,
            440.09317195339446,
            198.75864761061342,
            680.2977289393226,
            734.5971685216326,
            698.4876520025247,
            995.2070136408806,
            0,
            276.6604416970377,
            512.9249457766701,
            19.6468827043885,
            13.601470508735444,
            206.2425756239482,
            631.4823829688363,
            363.5216637285872,
            803.9807211618944,
            717.251002090621,
            752.6021525347904,
            809.8080019362613,
            723.1168646906252,
            347.0014409191985,
            150.44268011438774,
            549.0
        ],
        [
            908.0550644096425,
            574.415354947968,
            727.2001100109927,
            931.2239258094694,
            723.8570300825985,
            371.7109091753967,
            836.2894235849213,
            616.2759122341226,
            526.9506618270823,
            497.24139007126104,
            683.7404478309002,
            119.54078801814885,
            566.8668273942302,
            551.0081669086221,
            869.3503321446424,
            1028.484321708406,
            276.6604416970377,
            0,
            710.7608599240675,
            283.0635970943632,
            276.0036231646244,
            461.49431199094965,
            467.96687916988316,
            117.23907198540937,
            737.2950562698763,
            774.919350642375,
            832.4163621649925,
            877.2342902554597,
            628.0390115271504,
            599.7907968617058,
            267.00187265260894,
            776.4238533172459
        ],
        [
            319.04388412881383,
            390.2665755608594,
            254.23807739990482,
            583.579471880223,
            275.80065264607333,
            347.2981428110436,
            774.2280025935513,
            592.8380891946806,
            379.38898244413997,
            455.68629560257784,
            168.67127793433002,
            689.5426020196287,
            706.7849743733947,
            865.700294559266,
            195.88006534611935,
            659.039452536796,
            512.9249457766701,
            710.7608599240675,
            0,
            525.0390461670446,
            524.5693471791884,
            326.22078413246453,
            762.5286879849177,
            728.9938271343593,
            700.2292481751958,
            412.0400465974151,
            391.01150878203066,
            454.0891982859755,
            700.1785486574121,
            232.71012010653942,
            444.7077692147957,
            117.3243367763057
        ],
        [
            793.4538423878229,
            560.9795005167301,
            469.62218857289946,
            917.6126633825407,
            461.9134117992245,
            278.77230852435827,
            924.2862110839911,
            687.8524551093789,
            511.31399354995165,
            524.3700983084372,
            446.8064457905682,
            197.9520143873257,
            698.9799711007462,
            751.1224933391358,
            712.0849668403343,
            1014.093190983945,
            19.6468827043885,
            283.0635970943632,
            525.0390461670446,
            0,
            8.54400374531753,
            212.98356744124655,
            648.5584013795519,
            374.1256473432422,
            823.4980267128756,
            735.911000053675,
            770.5919802333788,
            828.0730644091741,
            742.218296729473,
            352.5677239907249,
            170.07351351694948,
            557.628012208856
        ],
        [
            790.7173957868891,
            554.9099025968089,
            473.33920184155465,
            912.1600736712827,
            465.9881972754246,
            273.2489707208428,
            916.8609491084239,
            680.4483815837907,
            505.1465133998254,
            517.3867025736166,
            448.96881851638653,
            193.08029417835473,
            690.837173290494,
            742.5900618780189,
            710.7882947826307,
            1008.7546778082369,
            13.601470508735444,
            276.0036231646244,
            524.5693471791884,
            8.54400374531753,
            0,
            215.02790516581794,
            640.0632781217807,
            366.14887682471453,
            816.0208330673917,
            730.8365070246559,
            766.1886190749639,
            823.4087684740795,
            734.3003472694262,
            355.20275899829386,
            162.98466185503472,
            558.9311227691655
        ],
        [
            622.3961760807982,
            484.26439059670696,
            265.8439391823707,
            806.1792604625848,
            262.5452341978426,
            229.65191050805566,
            886.5353912845218,
            657.8001216175018,
            442.1628659215968,
            485.8003705227076,
            233.94443784796425,
            402.6574226311989,
            713.4879116004699,
            814.7472000565575,
            520.3777474104749,
            897.419077131749,
            206.2425756239482,
            461.49431199094965,
            326.22078413246453,
            212.98356744124655,
            215.02790516581794,
            0,
            705.6415520645025,
            522.7504184598995,
            791.4827856624552,
            618.9256821299307,
            634.9440920270067,
            697.3729274928874,
            738.6595968374065,
            141.2869420717994,
            221.46105752479372,
            345.65445172889065
        ],
        [
            783.7123196683845,
            405.64269992198797,
            917.4905994068822,
            638.0634764660958,
            926.1446971181124,
            483.43975839808627,
            418.16384348721493,
            276.739950133695,
            393.6622918187619,
            315.6960563580103,
            837.4485058796153,
            576.7295726768309,
            143.26548781894405,
            109.40292500660118,
            828.3338698858088,
            720.9084546598133,
            631.4823829688363,
            467.96687916988316,
            762.5286879849177,
            648.5584013795519,
            640.0632781217807,
            705.6415520645025,
            0,
            357.2590096834508,
            336.7031333385539,
            560.0723167591842,
            638.379197656064,
            651.2917932846997,
            213.06337085477645,
            796.1532515791166,
            503.0357840154118,
            871.7505377113341
        ],
        [
            887.7257459373362,
            527.7309920783505,
            783.3421985313953,
            870.2235345013371,
            783.1385573447395,
            381.70145401871343,
            743.1722545951242,
            534.6522234125657,
            484.78448820068496,
            440.0659041552754,
            728.589047406012,
            235.74774654278244,
            466.892921342785,
            435.4595273960601,
            868.9056335414106,
            965.7292581256922,
            363.5216637285872,
            117.23907198540937,
            728.9938271343593,
            374.1256473432422,
            366.14887682471453,
            522.7504184598995,
            357.2590096834508,
            0,
            646.8237781652743,
            728.1957154501803,
            792.6878326302227,
            831.1251409986344,
            531.7386576129292,
            653.3926843790034,
            306.4000652741445,
            808.5994063811821
        ],
        [
            583.2117968628551,
            321.0685285106593,
            922.9387845355725,
            335.431065943511,
            938.7358520904589,
            570.1973342624464,
            101.39033484509261,
            136.23509092741122,
            353.40769657719676,
            307.23443817384793,
            831.5653912952366,
            823.1949951256993,
            194.20092687729377,
            358.92339015450074,
            682.1803280658274,
            402.20392837464925,
            803.9807211618944,
            737.2950562698763,
            700.2292481751958,
            823.4980267128756,
            816.0208330673917,
            791.4827856624552,
            336.7031333385539,
            646.8237781652743,
            0,
            341.7835572405437,
            414.54191585411485,
            397.763748976701,
            123.81033882515628,
            828.722510856318,
            654.0351672502022,
            817.3970883236617
        ],
        [
            242.4706167765488,
            201.1889659002203,
            661.7129286934025,
            187.25917868024518,
            681.645802451684,
            458.36775628309636,
            388.5254174439557,
            294.1836161311503,
            248.00201612083723,
            290.077575831018,
            570.8563742308569,
            817.5634531949187,
            442.1153695586707,
            632.4824108226252,
            346.59774955991855,
            280.07141946296485,
            717.251002090621,
            774.919350642375,
            412.0400465974151,
            735.911000053675,
            730.8365070246559,
            618.9256821299307,
            560.0723167591842,
            728.1957154501803,
            341.7835572405437,
            0,
            79.07591289387685,
            102.95630140987001,
            399.41081607788243,
            600.7636806598748,
            579.2495144581478,
            522.1206757062969
        ],
        [
            169.4018890095385,
            265.8006772000403,
            645.0496104951928,
            193.37269714207326,
            666.243198839583,
            497.96586228375133,
            452.18690825807863,
            373.2090566961097,
            308.14606925936926,
            359.6109008358896,
            556.9201019895044,
            867.066894766488,
            521.1842284643693,
            711.5539333037237,
            291.4875640571995,
            269.97962886114203,
            752.6021525347904,
            832.4163621649925,
            391.01150878203066,
            770.5919802333788,
            766.1886190749639,
            634.9440920270067,
            638.379197656064,
            792.6878326302227,
            414.54191585411485,
            79.07591289387685,
            0,
            64.13267497929586,
            477.76563292057745,
            598.9757924991627,
            621.5472628851325,
            492.8539337369644
        ],
        [
            205.60155641434235,
            304.06742673295344,
            708.2824295434696,
            133.66375724181927,
            729.6170228277297,
            552.9927666796375,
            421.74874036563523,
            378.1322519965733,
            350.3212811120672,
            392.53662249527747,
            620.5618422043045,
            917.4584459254817,
            525.8003423353773,
            716.5430901208944,
            343.0014577228499,
            205.91260281974002,
            809.8080019362613,
            877.2342902554597,
            454.0891982859755,
            828.0730644091741,
            823.4087684740795,
            697.3729274928874,
            651.2917932846997,
            831.1251409986344,
            397.763748976701,
            102.95630140987001,
            64.13267497929586,
            0,
            475.635364538845,
            663.0965238937691,
            675.5812312372213,
            553.9404300103034
        ],
        [
            639.5349873150022,
            310.0354818403855,
            901.3661852987385,
            438.5897855627739,
            914.7699164270762,
            510.1313556330369,
            212.407626981707,
            111.50336317797773,
            325.88648330361906,
            259.4224354214569,
            812.6130690556238,
            720.9583899227471,
            70.43436661176133,
            246.37572932413616,
            716.4502774093957,
            514.9417442779329,
            723.1168646906252,
            628.0390115271504,
            700.1785486574121,
            742.218296729473,
            734.3003472694262,
            738.6595968374065,
            213.06337085477645,
            531.7386576129292,
            123.81033882515628,
            399.41081607788243,
            477.76563292057745,
            475.635364538845,
            0,
            795.5124134795132,
            576.3132828592449,
            816.7649600711333
        ],
        [
            550.2953752304303,
            508.60003932363196,
            130.14222988715076,
            784.5285208327356,
            132.80060240827223,
            313.98407602934265,
            916.9040298744465,
            702.0292016718392,
            476.24573488903815,
            536.1231201878911,
            96.76776322722355,
            543.9420925061785,
            781.6680881294823,
            905.3491039372601,
            426.0434250167464,
            868.6224726542597,
            347.0014409191985,
            599.7907968617058,
            232.71012010653942,
            352.5677239907249,
            355.20275899829386,
            141.2869420717994,
            796.1532515791166,
            653.3926843790034,
            828.722510856318,
            600.7636806598748,
            598.9757924991627,
            663.0965238937691,
            795.5124134795132,
            0,
            347.1901496298534,
            216.45553815968768
        ],
        [
            667.4923220532203,
            395.6121838366457,
            477.26931600512506,
            756.6240810336399,
            477.82528187612684,
            124.32618388738551,
            754.624409888787,
            518.1679264485597,
            345.3534421429733,
            354.41924326988794,
            423.2079866921228,
            254.91174943497603,
            537.1219600798314,
            610.07868344993,
            610.9991816688464,
            853.9847773818922,
            150.44268011438774,
            267.00187265260894,
            444.7077692147957,
            170.07351351694948,
            162.98466185503472,
            221.46105752479372,
            503.0357840154118,
            306.4000652741445,
            654.0351672502022,
            579.2495144581478,
            621.5472628851325,
            675.5812312372213,
            576.3132828592449,
            347.1901496298534,
            0,
            510.2626774515259
        ],
        [
            392.75692228145385,
            507.0986097397626,
            174.8656627242753,
            686.1953074744828,
            198.12369873389707,
            431.12991081575404,
            890.407771754043,
            709.8915410117238,
            494.2924235713107,
            569.4953906749378,
            121.75795661885921,
            738.9533138162383,
            821.6592967891254,
            976.5183049999627,
            245.42208539575245,
            755.5567483650715,
            549.0,
            776.4238533172459,
            117.3243367763057,
            557.628012208856,
            558.9311227691655,
            345.65445172889065,
            871.7505377113341,
            808.5994063811821,
            817.3970883236617,
            522.1206757062969,
            492.8539337369644,
            553.9404300103034,
            816.7649600711333,
            216.45553815968768,
            510.2626774515259,
            0
        ]
    ],
    "incompatibilities": [
        [
            0,
            0,
            0,
            0,
            0,
            0,
            0,
            0,
            0,
            0,
            0,
            0,
            0,
            0,
            0
        ],
        [
            0,
            0,
            0,
            0,
            0,
            0,
            0,
            0,
            0,
            0,
            0,
            0,
            0,
            0,
            0
        ],
        [
            0,
            0,
            0,
            0,
            0,
            0,
            0,
            0,
            0,
            0,
            0,
            0,
            0,
            0,
            0
        ],
        [
            0,
            0,
            0,
            0,
            0,
            0,
            0,
            0,
            0,
            0,
            0,
            0,
            0,
            0,
            0
        ],
        [
            0,
            0,
            0,
            0,
            0,
            0,
            0,
            0,
            0,
            0,
            0,
            0,
            0,
            0,
            0
        ],
        [
            0,
            0,
            0,
            0,
            0,
            0,
            0,
            0,
            0,
            0,
            0,
            0,
            0,
            0,
            0
        ],
        [
            0,
            0,
            0,
            0,
            0,
            0,
            0,
            0,
            0,
            0,
            0,
            0,
            0,
            0,
            0
        ],
        [
            0,
            0,
            0,
            0,
            0,
            0,
            0,
            0,
            0,
            0,
            0,
            0,
            0,
            0,
            0
        ],
        [
            0,
            0,
            0,
            0,
            0,
            0,
            0,
            0,
            0,
            0,
            0,
            0,
            0,
            0,
            0
        ],
        [
            0,
            0,
            0,
            0,
            0,
            0,
            0,
            0,
            0,
            0,
            0,
            0,
            0,
            0,
            0
        ],
        [
            0,
            0,
            0,
            0,
            0,
            0,
            0,
            0,
            0,
            0,
            0,
            0,
            0,
            0,
            0
        ],
        [
            0,
            0,
            0,
            0,
            0,
            0,
            0,
            0,
            0,
            0,
            0,
            0,
            0,
            0,
            0
        ],
        [
            0,
            0,
            0,
            0,
            0,
            0,
            0,
            0,
            0,
            0,
            0,
            0,
            0,
            0,
            0
        ],
        [
            0,
            0,
            0,
            0,
            0,
            0,
            0,
            0,
            0,
            0,
            0,
            0,
            0,
            0,
            0
        ],
        [
            0,
            0,
            0,
            0,
            0,
            0,
            0,
            0,
            0,
            0,
            0,
            0,
            0,
            0,
            0
        ]
    ]
}