{
    "depot": [
        632,
        608
    ],
    "final_destination": [
        795,
        975
    ],
    "requests": [
        [
            [
                49,
                300
            ],
            [
                482,
                998
            ]
        ],
        [
            [
                302,
                17
            ],
            [
                396,
                250
            ]
        ],
        [
            [
                271,
                192
            ],
            [
                979,
                463
            ]
        ],
        [
            [
                218,
                956
            ],
            [
                951,
                216
            ]
        ],
        [
            [
                271,
                31
            ],
            [
                696,
                655
            ]
        ],
        [
            [
                256,
                24
            ],
            [
                209,
                736
            ]
        ],
        [
            [
                792,
                496
            ],
            [
                187,
                844
            ]
        ],
        [
            [
                629,
                526
            ],
            [
                468,
                640
            ]
        ],
        [
            [
                411,
                663
            ],
            [
                615,
                912
            ]
        ],
        [
            [
                947,
                765
            ],
            [
                889,
                450
            ]
        ],
        [
            [
                744,
                165
            ],
            [
                411,
                337
            ]
        ],
        [
            [
                276,
                811
            ],
            [
                568,
                687
            ]
        ],
        [
            [
                452,
                364
            ],
            [
                618,
                809
            ]
        ],
        [
            [
                162,
                389
            ],
            [
                331,
                735
            ]
        ],
        [
            [
                113,
                214
            ],
            [
                213,
                897
            ]
        ]
    ],
    "travel_costs": [
        [
            0,
            659.3580211084112,
            676.8906854138266,
            550.7966957054118,
            540.8326913195983,
            680.6247130394254,
            694.5732502767436,
            195.30488985173923,
            82.05485969764375,
            227.7410810547803,
            351.95738378388944,
            456.93872674572026,
            409.81093201621644,
            303.2094985319556,
            518.5180806876459,
            651.6110803232247,
            417.8516483155236,
            428.78899239602686,
            376.07711975072345,
            505.39588443120505,
            79.40403012442127,
            441.9423039266551,
            503.7072562510888,
            167.09278859364335,
            304.4749579193665,
            301.6836091006603,
            349.68843275121355,
            101.67103815738285,
            201.48697228356974,
            326.6955769519997,
            509.00098231732323,
            401.5694211465808
        ],
        [
            659.3580211084112,
            0,
            379.6024235960566,
            246.87648733729182,
            677.4193678955452,
            348.7764326900543,
            345.0,
            768.4172043883453,
            622.4757023370471,
            512.6529040198641,
            1011.2512051908764,
            707.9901129253149,
            559.1511423577707,
            408.0502420045845,
            143.8401890988746,
            107.20074626605917,
            821.3969807589993,
            350.5837988270422,
            944.1763606445568,
            905.9028645500575,
            737.9932249011505,
            464.4308344630016,
            561.2307903171386,
            539.593365415106,
            833.6066218546972,
            853.2877591996736,
            363.8859711503042,
            647.4025023121243,
            763.4408948962586,
            518.4100693466514,
            619.1163057132318,
            1006.0521855251844
        ],
        [
            676.8906854138266,
            379.6024235960566,
            0,
            177.72450590731714,
            942.749701670597,
            34.014702703389894,
            46.52956049652737,
            685.2306181133473,
            604.9876031787759,
            655.1312845529512,
            987.6887161449199,
            466.120156182931,
            794.4255786415742,
            378.033067336708,
            397.4720115932693,
            273.00183149568795,
            997.3770600931225,
            251.24689052802225,
            810.7064820266334,
            678.8239830766146,
            749.8533189897876,
            724.989655098609,
            834.957483947536,
            644.7363802361396,
            948.152941249459,
            729.4230596848444,
            338.0547292968995,
            720.8716945476497,
            852.713316420003,
            718.5854159388431,
            884.4891180789056,
            1077.4103210940575
        ],
        [
            550.7966957054118,
            246.87648733729182,
            177.72450590731714,
            0,
            765.8361443546524,
            161.0,
            168.66831356244717,
            603.2056034222494,
            489.61209135396155,
            491.3664620219821,
            886.1743620755454,
            473.76998638579886,
            619.0201935316811,
            249.68980756130193,
            225.14439810930227,
            159.52429282087414,
            833.1608488161214,
            137.800580550301,
            758.093002210151,
            680.4233975988775,
            628.4854811369948,
            547.5216890681135,
            657.3887738621645,
            489.40065386143493,
            797.957392346233,
            669.6924667337987,
            201.55644370746376,
            577.2642375896847,
            707.8827586542845,
            546.3048599454337,
            707.3817922451778,
            942.1597529081786
        ],
        [
            540.8326913195983,
            677.4193678955452,
            942.749701670597,
            765.8361443546524,
            0,
            926.5171342182508,
            932.7743564228167,
            735.5786837585765,
            594.8285467258612,
            350.8532456740282,
            753.6059978529894,
            949.9247338605308,
            156.16977940690063,
            636.5689279253269,
            569.7587208634897,
            749.3924205648199,
            267.3200329193456,
            728.0934006018733,
            906.7359042190841,
            1041.5800497321366,
            564.8760926079276,
            220.184013951967,
            116.21101496846158,
            402.9342378105886,
            399.43084507834396,
            840.4028795762184,
            648.3903145482665,
            441.4306287515628,
            426.1560746956448,
            248.21361767638774,
            59.21148537234985,
            577.3127402023968
        ],
        [
            680.6247130394254,
            348.7764326900543,
            34.014702703389894,
            161.0,
            926.5171342182508,
            0,
            16.55294535724685,
            698.3308671396389,
            610.891970809897,
            647.3206315266028,
            997.8637181499286,
            491.6146865178053,
            780.0160254764,
            379.0118731649445,
            374.22586762542215,
            241.77055238386663,
            989.7524943136035,
            252.1626459252044,
            829.3901373901188,
            704.7162549565605,
            754.9841057929631,
            707.720990221429,
            817.3279635495167,
            640.0703086380433,
            945.7785152983759,
            746.6491813428848,
            336.5055720192461,
            720.1006874041991,
            851.8761647094018,
            706.5521919858433,
            867.9400900983892,
            1079.6814344981578
        ],
        [
            694.5732502767436,
            345.0,
            46.52956049652737,
            168.66831356244717,
            932.7743564228167,
            16.55294535724685,
            0,
            714.1988518613006,
            625.4062679570777,
            657.5302274420545,
            1013.1939597135388,
            507.9616127228513,
            787.2540885889384,
            392.44872276515304,
            376.90980353394895,
            237.80033641691932,
            999.8759923110465,
            265.84958153060916,
            845.8427749883544,
            721.0332863328849,
            769.260034058705,
            713.5495778150248,
            822.897928056694,
            651.4598989960932,
            957.8230525519836,
            762.9973787635183,
            349.2763948508402,
            732.7434748941814,
            864.4472222177593,
            714.9447531103365,
            874.0583504549339,
            1093.1248785019945
        ],
        [
            195.30488985173923,
            768.4172043883453,
            685.2306181133473,
            603.2056034222494,
            735.5786837585765,
            698.3308671396389,
            714.1988518613006,
            0,
            165.7377446449661,
            415.9927883990298,
            310.46094762465697,
            334.46225497057213,
            604.5502460507315,
            364.72455360175576,
            639.0219088575915,
            735.2312561364621,
            590.0033898207705,
            466.1888029543395,
            189.88944151795275,
            321.9953415812098,
            185.73368030596927,
            630.4672870181291,
            697.9462730038753,
            354.5588808646598,
            452.08959289061283,
            107.35455276791944,
            412.8462183428595,
            294.37561040276415,
            358.1131106228869,
            519.2706423436626,
            704.3024918314574,
            479.0093944798995
        ],
        [
            82.05485969764375,
            622.4757023370471,
            604.9876031787759,
            489.61209135396155,
            594.8285467258612,
            610.891970809897,
            625.4062679570777,
            165.7377446449661,
            0,
            257.47427055921526,
            397.80020110603266,
            378.87464945546304,
            453.6893210116368,
            239.94374340665772,
            486.680593408038,
            602.9925372672534,
            494.3612039794385,
            361.19939091864484,
            355.62480228465506,
            446.972034919412,
            145.3616180427282,
            469.5742752749559,
            544.5071165742464,
            197.2739212364371,
            386.2538025702789,
            270.8800472533922,
            288.5220962075522,
            172.16852209390657,
            283.2137002335869,
            363.98488979626615,
            557.402009325406,
            478.7034572676491
        ],
        [
            227.7410810547803,
            512.6529040198641,
            655.1312845529512,
            491.3664620219821,
            350.8532456740282,
            647.3206315266028,
            657.5302274420545,
            415.9927883990298,
            257.47427055921526,
            0,
            545.6189146281496,
            599.0767897356732,
            200.32224040280698,
            301.7979456523852,
            370.23911192633335,
            538.8923825774493,
            342.4412358347049,
            413.2723073229078,
            602.182696529882,
            701.0057061108704,
            285.112258592997,
            214.78593994952274,
            287.98784696580515,
            61.465437442517235,
            321.8959459204169,
            523.3096597617896,
            326.0,
            158.8238017426859,
            253.3081127796739,
            107.6289923765897,
            306.52895458667524,
            494.7726750741193
        ],
        [
            351.95738378388944,
            1011.2512051908764,
            987.6887161449199,
            886.1743620755454,
            753.6059978529894,
            997.8637181499286,
            1013.1939597135388,
            310.46094762465697,
            397.80020110603266,
            545.6189146281496,
            0,
            633.4106093206839,
            672.5749028918638,
            637.0447394021867,
            870.4027803264416,
            999.5784111314128,
            520.1096038336535,
            754.2055422761092,
            303.6906320583498,
            549.0145717556138,
            274.0456166407337,
            738.5695634129531,
            764.0948893952898,
            495.0414124091034,
            363.0881435684729,
            320.2951763608063,
            685.9154466842105,
            386.9431482789171,
            331.9292093203007,
            616.7300868289142,
            745.7747649257113,
            259.2373429890069
        ],
        [
            456.93872674572026,
            707.9901129253149,
            466.120156182931,
            473.76998638579886,
            949.9247338605308,
            491.6146865178053,
            507.9616127228513,
            334.46225497057213,
            378.87464945546304,
            599.0767897356732,
            633.4106093206839,
            0,
            797.7092202049568,
            353.3624201864143,
            623.6184731067545,
            632.8996760940868,
            873.2313553692401,
            358.23037280498704,
            379.5115281516492,
            213.19005605327843,
            492.3454072092071,
            782.4742807274882,
            878.2311768549328,
            549.3641779366399,
            758.0567261095965,
            319.7655391063896,
            374.7972785386788,
            550.8720359575352,
            656.210332134446,
            703.8955888482326,
            904.3146576275318,
            811.6039674619635
        ],
        [
            409.81093201621644,
            559.1511423577707,
            794.4255786415742,
            619.0201935316811,
            156.16977940690063,
            780.0160254764,
            787.2540885889384,
            604.5502460507315,
            453.6893210116368,
            200.32224040280698,
            672.5749028918638,
            797.7092202049568,
            0,
            480.4008742706449,
            437.12698383879257,
            618.8521632829605,
            278.21754078418564,
            573.6906832082947,
            784.4188931941912,
            899.8055345462151,
            448.0357128622673,
            100.56838469419702,
            94.92101980067429,
            257.10892633278996,
            353.7258825701054,
            711.4000281135783,
            492.8498757228209,
            317.2380809423736,
            342.0058479032194,
            93.81364506296512,
            106.60675400742674,
            544.2949568019164
        ],
        [
            303.2094985319556,
            408.0502420045845,
            378.033067336708,
            249.68980756130193,
            636.5689279253269,
            379.0118731649445,
            392.44872276515304,
            364.72455360175576,
            239.94374340665772,
            301.7979456523852,
            637.0447394021867,
            353.3624201864143,
            480.4008742706449,
            0,
            291.07559155655764,
            370.7033854714575,
            634.7093823160328,
            127.01181047445942,
            536.2182391526793,
            520.4853504182418,
            379.75913418902775,
            444.33433358227,
            548.2928049865327,
            276.4633791300395,
            571.7280822209103,
            445.3818586336897,
            49.09175083453431,
            343.1981934684389,
            474.95368195225103,
            390.2332635744933,
            584.1318344346591,
            700.6925145882466
        ],
        [
            518.5180806876459,
            143.8401890988746,
            397.4720115932693,
            225.14439810930227,
            569.7587208634897,
            374.22586762542215,
            376.90980353394895,
            639.0219088575915,
            486.680593408038,
            370.23911192633335,
            870.4027803264416,
            623.6184731067545,
            437.12698383879257,
            291.07559155655764,
            0,
            181.7305698004604,
            687.9542135927361,
            272.17090219198667,
            820.3444398543821,
            807.7437712542263,
            596.5836068817177,
            350.16853085335924,
            455.6862956025779,
            395.77392536648995,
            691.9089535480807,
            729.5546586788408,
            254.3717751638338,
            503.62684598817805,
            619.9483849482956,
            385.0675265456697,
            510.55362108205645,
            862.6036169643621
        ],
        [
            651.6110803232247,
            107.20074626605917,
            273.00183149568795,
            159.52429282087414,
            749.3924205648199,
            241.77055238386663,
            237.80033641691932,
            735.2312561364621,
            602.9925372672534,
            538.8923825774493,
            999.5784111314128,
            632.8996760940868,
            618.8521632829605,
            370.7033854714575,
            181.7305698004604,
            0,
            866.4969705659679,
            285.2805636562014,
            901.0865663186862,
            838.0023866314464,
            731.0061559248321,
            530.7541803886239,
            634.3311438042437,
            554.5277269893726,
            859.7720628166514,
            811.0930896019272,
            322.38641410580567,
            656.318520232364,
            780.4165554369026,
            564.7698646351449,
            690.2818265027698,
            1021.8830657174038
        ],
        [
            417.8516483155236,
            821.3969807589993,
            997.3770600931225,
            833.1608488161214,
            267.3200329193456,
            989.7524943136035,
            999.8759923110465,
            590.0033898207705,
            494.3612039794385,
            342.4412358347049,
            520.1096038336535,
            873.2313553692401,
            278.21754078418564,
            634.7093823160328,
            687.9542135927361,
            866.4969705659679,
            0,
            752.9276193632426,
            730.2287312890394,
            911.8579933301019,
            404.2833164997042,
            378.38208202820596,
            332.7777035800325,
            358.27363843855437,
            158.3824485225557,
            682.607500691283,
            664.8022262297261,
            322.6716597409819,
            232.84544230025205,
            303.2655601943617,
            287.3360402038004,
            313.84391024839084
        ],
        [
            428.78899239602686,
            350.5837988270422,
            251.24689052802225,
            137.800580550301,
            728.0934006018733,
            252.1626459252044,
            265.84958153060916,
            466.1888029543395,
            361.19939091864484,
            413.2723073229078,
            754.2055422761092,
            358.23037280498704,
            573.6906832082947,
            127.01181047445942,
            272.17090219198667,
            285.2805636562014,
            752.9276193632426,
            0,
            620.6915498055374,
            556.0404661533187,
            504.0089284923433,
            520.735057394833,
            629.6959583799153,
            396.5904688718578,
            697.2840167392337,
            532.0234957217585,
            88.28363381737297,
            469.63070598077377,
            601.4690349469372,
            489.33628518637363,
            672.3823317131407,
            827.5421439419263
        ],
        [
            376.07711975072345,
            944.1763606445568,
            810.7064820266334,
            758.093002210151,
            906.7359042190841,
            829.3901373901188,
            845.8427749883544,
            189.88944151795275,
            355.62480228465506,
            602.182696529882,
            303.6906320583498,
            379.5115281516492,
            784.4188931941912,
            536.2182391526793,
            820.3444398543821,
            901.0865663186862,
            730.2287312890394,
            620.6915498055374,
            0,
            248.58197842965205,
            341.9839177505282,
            816.9632794685451,
            878.8771245174152,
            540.7864643276494,
            578.0112455653436,
            90.93404203047392,
            581.8075283115543,
            468.0779849554986,
            500.0369986311013,
            702.771655660642,
            880.404452510322,
            544.0588203494177
        ],
        [
            505.39588443120505,
            905.9028645500575,
            678.8239830766146,
            680.4233975988775,
            1041.5800497321366,
            704.7162549565605,
            721.0332863328849,
            321.9953415812098,
            446.972034919412,
            701.0057061108704,
            549.0145717556138,
            213.19005605327843,
            899.8055345462151,
            520.4853504182418,
            807.7437712542263,
            838.0023866314464,
            911.8579933301019,
            556.0404661533187,
            248.58197842965205,
            0,
            507.68691139323255,
            906.0706374229329,
            988.979271774692,
            642.7013303238137,
            772.8596250290216,
            242.07436873820413,
            553.3904588985971,
            607.0667179149258,
            680.1014630185706,
            808.5548837277529,
            1004.1937064132596,
            774.8657948315953
        ],
        [
            79.40403012442127,
            737.9932249011505,
            749.8533189897876,
            628.4854811369948,
            564.8760926079276,
            754.9841057929631,
            769.260034058705,
            185.73368030596927,
            145.3616180427282,
            285.112258592997,
            274.0456166407337,
            492.3454072092071,
            448.0357128622673,
            379.75913418902775,
            596.5836068817177,
            731.0061559248321,
            404.2833164997042,
            504.0089284923433,
            341.9839177505282,
            507.68691139323255,
            0,
            493.69018625044595,
            542.9567201904771,
            228.49288829195535,
            269.46242780766306,
            281.55638866841576,
            427.0234185615585,
            131.93938001976514,
            172.62676501632066,
            373.6642878306676,
            540.2342084688825,
            334.9641771891436
        ],
        [
            441.9423039266551,
            464.4308344630016,
            724.989655098609,
            547.5216890681135,
            220.184013951967,
            707.720990221429,
            713.5495778150248,
            630.4672870181291,
            469.5742752749559,
            214.78593994952274,
            738.5695634129531,
            782.4742807274882,
            100.56838469419702,
            444.33433358227,
            350.16853085335924,
            530.7541803886239,
            378.38208202820596,
            520.735057394833,
            816.9632794685451,
            906.0706374229329,
            493.69018625044595,
            0,
            110.21796586763882,
            276.21911592067624,
            442.5064971274433,
            737.696414522939,
            447.2191856349636,
            362.32858015894914,
            415.46359647988413,
            122.00409829181967,
            161.04968177553164,
            632.8641244374655
        ],
        [
            503.7072562510888,
            561.2307903171386,
            834.957483947536,
            657.3887738621645,
            116.21101496846158,
            817.3279635495167,
            822.897928056694,
            697.9462730038753,
            544.5071165742464,
            287.98784696580515,
            764.0948893952898,
            878.2311768549328,
            94.92101980067429,
            548.2928049865327,
            455.6862956025779,
            634.3311438042437,
            332.7777035800325,
            629.6959583799153,
            878.8771245174152,
            988.979271774692,
            542.9567201904771,
            110.21796586763882,
            0,
            347.2419905483782,
            433.36820372519253,
            805.0093167162726,
            554.2788107081128,
            412.0800893030383,
            432.4187785006567,
            180.60177186284744,
            59.03388857258176,
            621.952570538944
        ],
        [
            167.09278859364335,
            539.593365415106,
            644.7363802361396,
            489.40065386143493,
            402.9342378105886,
            640.0703086380433,
            651.4598989960932,
            354.5588808646598,
            197.2739212364371,
            61.465437442517235,
            495.0414124091034,
            549.3641779366399,
            257.10892633278996,
            276.4633791300395,
            395.77392536648995,
            554.5277269893726,
            358.27363843855437,
            396.5904688718578,
            540.7864643276494,
            642.7013303238137,
            228.49288829195535,
            276.21911592067624,
            347.2419905483782,
            0,
            309.18117665860575,
            461.88851468725653,
            308.3147742162221,
            110.49434374663709,
            225.9668117224297,
            166.715326230074,
            362.0414340928397,
            468.1388682858966
        ],
        [
            304.4749579193665,
            833.6066218546972,
            948.152941249459,
            797.957392346233,
            399.43084507834396,
            945.7785152983759,
            957.8230525519836,
            452.08959289061283,
            386.2538025702789,
            321.8959459204169,
            363.0881435684729,
            758.0567261095965,
            353.7258825701054,
            571.7280822209103,
            691.9089535480807,
            859.7720628166514,
            158.3824485225557,
            697.2840167392337,
            578.0112455653436,
            772.8596250290216,
            269.46242780766306,
            442.5064971274433,
            433.36820372519253,
            309.18117665860575,
            0,
            537.1405775027614,
            610.1155628239621,
            229.85647695899283,
            103.04368005850723,
            334.6415993268021,
            402.27975340551257,
            190.7065809037538
        ],
        [
            301.6836091006603,
            853.2877591996736,
            729.4230596848444,
            669.6924667337987,
            840.4028795762184,
            746.6491813428848,
            762.9973787635183,
            107.35455276791944,
            270.8800472533922,
            523.3096597617896,
            320.2951763608063,
            319.7655391063896,
            711.4000281135783,
            445.3818586336897,
            729.5546586788408,
            811.0930896019272,
            682.607500691283,
            532.0234957217585,
            90.93404203047392,
            242.07436873820413,
            281.55638866841576,
            737.696414522939,
            805.0093167162726,
            461.88851468725653,
            537.1405775027614,
            0,
            491.17512151980986,
            399.01127803609756,
            449.8021787408327,
            626.5692300137312,
            810.4227291975466,
            533.3488539408329
        ],
        [
            349.68843275121355,
            363.8859711503042,
            338.0547292968995,
            201.55644370746376,
            648.3903145482665,
            336.5055720192461,
            349.2763948508402,
            412.8462183428595,
            288.5220962075522,
            326.0,
            685.9154466842105,
            374.7972785386788,
            492.8498757228209,
            49.09175083453431,
            254.3717751638338,
            322.38641410580567,
            664.8022262297261,
            88.28363381737297,
            581.8075283115543,
            553.3904588985971,
            427.0234185615585,
            447.2191856349636,
            554.2788107081128,
            308.3147742162221,
            610.1155628239621,
            491.17512151980986,
            0,
            383.6000521376398,
            515.3959642837729,
            405.9605892201853,
            593.9730633623043,
            744.6475676452586
        ],
        [
            101.67103815738285,
            647.4025023121243,
            720.8716945476497,
            577.2642375896847,
            441.4306287515628,
            720.1006874041991,
            732.7434748941814,
            294.37561040276415,
            172.16852209390657,
            158.8238017426859,
            386.9431482789171,
            550.8720359575352,
            317.2380809423736,
            343.1981934684389,
            503.62684598817805,
            656.318520232364,
            322.6716597409819,
            469.63070598077377,
            468.0779849554986,
            607.0667179149258,
            131.93938001976514,
            362.32858015894914,
            412.0800893030383,
            110.49434374663709,
            229.85647695899283,
            399.01127803609756,
            383.6000521376398,
            0,
            131.84839779079607,
            241.81191037663962,
            412.4621194728069,
            366.70560399317594
        ],
        [
            201.48697228356974,
            763.4408948962586,
            852.713316420003,
            707.8827586542845,
            426.1560746956448,
            851.8761647094018,
            864.4472222177593,
            358.1131106228869,
            283.2137002335869,
            253.3081127796739,
            331.9292093203007,
            656.210332134446,
            342.0058479032194,
            474.95368195225103,
            619.9483849482956,
            780.4165554369026,
            232.84544230025205,
            601.4690349469372,
            500.0369986311013,
            680.1014630185706,
            172.62676501632066,
            415.46359647988413,
            432.4187785006567,
            225.9668117224297,
            103.04368005850723,
            449.8021787408327,
            515.3959642837729,
            131.84839779079607,
            0,
            296.38657189555664,
            414.4502382675151,
            242.66231681083076
        ],
        [
            326.6955769519997,
            518.4100693466514,
            718.5854159388431,
            546.3048599454337,
            248.21361767638774,
            706.5521919858433,
            714.9447531103365,
            519.2706423436626,
            363.98488979626615,
            107.6289923765897,
            616.7300868289142,
            703.8955888482326,
            93.81364506296512,
            390.2332635744933,
            385.0675265456697,
            564.7698646351449,
            303.2655601943617,
            489.33628518637363,
            702.771655660642,
            808.5548837277529,
            373.6642878306676,
            122.00409829181967,
            180.60177186284744,
            166.715326230074,
            334.6415993268021,
            626.5692300137312,
            405.9605892201853,
            241.81191037663962,
            296.38657189555664,
            0,
            200.4195599236761,
            522.3944869540643
        ],
        [
            509.00098231732323,
            619.1163057132318,
            884.4891180789056,
            707.3817922451778,
            59.21148537234985,
            867.9400900983892,
            874.0583504549339,
            704.3024918314574,
            557.402009325406,
            306.52895458667524,
            745.7747649257113,
            904.3146576275318,
            106.60675400742674,
            584.1318344346591,
            510.55362108205645,
            690.2818265027698,
            287.3360402038004,
            672.3823317131407,
            880.404452510322,
            1004.1937064132596,
            540.2342084688825,
            161.04968177553164,
            59.03388857258176,
            362.0414340928397,
            402.27975340551257,
            810.4227291975466,
            593.9730633623043,
            412.4621194728069,
            414.4502382675151,
            200.4195599236761,
            0,
            587.2035422236484
        ],
        [
            401.5694211465808,
            1006.0521855251844,
            1077.4103210940575,
            942.1597529081786,
            577.3127402023968,
            1079.6814344981578,
            1093.1248785019945,
            479.0093944798995,
            478.7034572676491,
            494.7726750741193,
            259.2373429890069,
            811.6039674619635,
            544.2949568019164,
            700.6925145882466,
            862.6036169643621,
            1021.8830657174038,
            313.84391024839084,
            827.5421439419263,
            544.0588203494177,
            774.8657948315953,
            334.9641771891436,
            632.8641244374655,
            621.952570538944,
            468.1388682858966,
            190.7065809037538,
            533.3488539408329,
            744.6475676452586,
            366.70560399317594,
            242.66231681083076,
            522.3944869540643,
            587.2035422236484,
            0
        ]
    ],
    "incompatibilities": [
        [
            0,
            1,
            1,
            1,
            0,
            1,
            0,
            0,
            0,
            1,
            0,
            0,
            0,
            0,
            0
        ],
        [
            1,
            0,
            0,
            1,
            1,
            0,
            1,
            0,
            1,
            1,
            1,
            0,
            0,
            0,
            1
        ],
        [
            1,
            0,
            0,
            0,
            1,
            0,
            0,
            1,
            0,
            1,
            0,
            0,
            1,
            1,
            0
        ],
        [
            1,
            1,
            0,
            0,
            0,
            1,
            1,
            1,
            1,
            1,
            0,
            1,
            1,
            1,
            0
        ],
        [
            0,
            1,
            1,
            0,
            0,
            1,
            1,
            1,
            0,
            0,
            1,
            0,
            1,
            1,
            0
        ],
        [
            1,
            0,
            0,
            1,
            1,
            0,
            0,
            0,
            0,
            1,
            0,
            0,
            1,
            0,
            1
        ],
        [
            0,
            1,
            0,
            1,
            1,
            0,
            0,
            0,
            0,
            1,
            0,
            1,
            1,
            1,
            0
        ],
        [
            0,
            0,
            1,
            1,
            1,
            0,
            0,
            0,
            0,
            1,
            0,
            1,
            1,
            0,
            1
        ],
        [
            0,
            1,
            0,
            1,
            0,
            0,
            0,
            0,
            0,
            1,
            0,
            0,
            1,
            1,
            0
        ],
        [
            1,
            1,
            1,
            1,
            0,
            1,
            1,
            1,
            1,
            0,
            0,
            1,
            0,
            1,
            1
        ],
        [
            0,
            1,
            0,
            0,
            1,
            0,
            0,
            0,
            0,
            0,
            0,
            0,
            1,
            1,
            0
        ],
        [
            0,
            0,
            0,
            1,
            0,
            0,
            1,
            1,
            0,
            1,
            0,
            0,
            1,
            1,
            0
        ],
        [
            0,
            0,
            1,
            1,
            1,
            1,
            1,
            1,
            1,
            0,
            1,
            1,
            0,
            0,
            0
        ],
        [
            0,
            0,
            1,
            1,
            1,
            0,
            1,
            0,
            1,
            1,
            1,
            1,
            0,
            0,
            0
        ],
        [
            0,
            1,
            0,
            0,
            0,
            1,
            0,
            1,
            0,
            1,
            0,
            0,
            0,
            0,
            0
        ]
    ]
}