{
    "depot": {
        "x": 219,
        "y": 883,
        "node_type": "depot",
        "id": 0
    },
    "final_destination": {
        "x": 377,
        "y": 749,
        "node_type": "final",
        "id": 11
    },
    "pickup_nodes": [
        {
            "x": 628,
            "y": 683,
            "node_type": "pickup",
            "id": 1
        },
        {
            "x": 830,
            "y": 995,
            "node_type": "pickup",
            "id": 2
        },
        {
            "x": 305,
            "y": 718,
            "node_type": "pickup",
            "id": 3
        },
        {
            "x": 802,
            "y": 736,
            "node_type": "pickup",
            "id": 4
        },
        {
            "x": 331,
            "y": 660,
            "node_type": "pickup",
            "id": 5
        },
        {
            "x": 348,
            "y": 702,
            "node_type": "pickup",
            "id": 6
        },
        {
            "x": 905,
            "y": 852,
            "node_type": "pickup",
            "id": 7
        },
        {
            "x": 233,
            "y": 374,
            "node_type": "pickup",
            "id": 8
        },
        {
            "x": 965,
            "y": 229,
            "node_type": "pickup",
            "id": 9
        },
        {
            "x": 628,
            "y": 6,
            "node_type": "pickup",
            "id": 10
        }
    ],
    "delivery_nodes": [
        {
            "x": 274,
            "y": 839,
            "node_type": "delivery",
            "id": 1
        },
        {
            "x": 971,
            "y": 314,
            "node_type": "delivery",
            "id": 2
        },
        {
            "x": 727,
            "y": 661,
            "node_type": "delivery",
            "id": 3
        },
        {
            "x": 651,
            "y": 72,
            "node_type": "delivery",
            "id": 4
        },
        {
            "x": 123,
            "y": 50,
            "node_type": "delivery",
            "id": 5
        },
        {
            "x": 160,
            "y": 255,
            "node_type": "delivery",
            "id": 6
        },
        {
            "x": 926,
            "y": 482,
            "node_type": "delivery",
            "id": 7
        },
        {
            "x": 262,
            "y": 667,
            "node_type": "delivery",
            "id": 8
        },
        {
            "x": 193,
            "y": 855,
            "node_type": "delivery",
            "id": 9
        },
        {
            "x": 34,
            "y": 554,
            "node_type": "delivery",
            "id": 10
        }
    ],
    "travel_costs": [
        [
            0,
            455.2812317677942,
            621.1803280851705,
            186.06719216455113,
            601.2470374147385,
            249.545587017683,
            222.26560687609768,
            686.7000800931947,
            509.1924979808717,
            992.0846738056182,
            967.682799268438,
            70.43436661176133,
            943.0084835249363,
            554.3897545950863,
            918.8824734426051,
            838.5135657817351,
            630.7654080559586,
            812.8037893612457,
            220.23850707812198,
            38.2099463490856,
            377.4466849768322,
            207.17142660125694
        ],
        [
            455.2812317677942,
            0,
            371.68266034347096,
            324.89075086865734,
            181.8928255869373,
            297.88924116187883,
            280.64390248141865,
            324.4842060871376,
            501.5037387697124,
            565.4069331021684,
            677.0,
            386.8488076755569,
            503.7955934702089,
            101.41498903022178,
            611.432743643976,
            809.7616933394664,
            634.1987070311638,
            359.4509702309899,
            366.34955984687633,
            467.7702427474411,
            607.8461976520048,
            259.532271596424
        ],
        [
            621.1803280851705,
            371.68266034347096,
            0,
            593.5941374373571,
            260.5091169229975,
            601.0207983090103,
            564.0682582808573,
            161.47445618425226,
            861.4232409216738,
            777.8052455467242,
            1009.4181492325171,
            577.4703455589732,
            695.4437432316147,
            349.521100936696,
            940.1967879119775,
            1180.2008303674422,
            998.2484660644362,
            521.9051637989415,
            655.9024317686283,
            652.2031891979677,
            909.9983516468589,
            515.4852083231875
        ],
        [
            186.06719216455113,
            324.89075086865734,
            593.5941374373571,
            0,
            497.32584891597975,
            63.56099432828281,
            45.880278987817846,
            614.7812619135361,
            351.45412218382074,
            821.4140247159164,
            781.8394975952546,
            124.90796611905903,
            778.9557111928765,
            425.8321265475398,
            732.8246720737504,
            692.3496226618456,
            485.17419552156736,
            664.3319953155952,
            66.70832032063167,
            176.95479648769063,
            316.760161636529,
            78.39005038906404
        ],
        [
            601.2470374147385,
            181.8928255869373,
            260.5091169229975,
            497.32584891597975,
            0,
            477.0922342692239,
            455.2713476598325,
            155.12897859523218,
            674.3923190547176,
            532.5579780643607,
            750.4505313476698,
            537.9526001424289,
            454.5822257853908,
            106.06601717798213,
            680.9530086577194,
            965.2134478963707,
            802.2000997257479,
            282.6517291650628,
            544.3904848543921,
            620.5175259410486,
            789.2705493048628,
            425.1987770443372
        ],
        [
            249.545587017683,
            297.88924116187883,
            601.0207983090103,
            63.56099432828281,
            477.0922342692239,
            0,
            45.31004303683677,
            605.2602745926747,
            302.3243291566195,
            766.627027960794,
            718.2791936287728,
            187.8563280807969,
            727.5410641331525,
            396.0012626242497,
            669.4355831594254,
            644.4873932048632,
            439.62029070551324,
            621.0547479892574,
            69.35416353759881,
            238.89118861942146,
            315.34901299988235,
            100.18482919085105
        ],
        [
            222.26560687609768,
            280.64390248141865,
            564.0682582808573,
            45.880278987817846,
            455.2713476598325,
            45.31004303683677,
            0,
            576.8439997087601,
            347.57589099360735,
            777.4432455169958,
            750.2106370880114,
            155.70806016388488,
            733.9434583126958,
            381.2112275366506,
            699.0772489503574,
            689.7311070264992,
            484.9257675149878,
            618.4529084740406,
            92.84934033152847,
            217.79348015953096,
            347.1310991541956,
            55.2268050859363
        ],
        [
            686.7000800931947,
            324.4842060871376,
            161.47445618425226,
            614.7812619135361,
            155.12897859523218,
            605.2602745926747,
            576.8439997087601,
            0,
            824.6623551490634,
            625.8825768464881,
            890.1937991246624,
            631.1339002145265,
            542.0332093147061,
            261.084277581014,
            820.3145738069024,
            1120.146419000659,
            954.6905257726191,
            370.59546678285204,
            669.0844490794865,
            712.006320196668,
            920.5677595918728,
            537.9526001424289
        ],
        [
            509.1924979808717,
            501.5037387697124,
            861.4232409216738,
            351.45412218382074,
            674.3923190547176,
            302.3243291566195,
            347.57589099360735,
            824.6623551490634,
            0,
            746.2231569711569,
            539.8601670803283,
            466.80402740336325,
            740.4350072761282,
            571.3186501419327,
            515.6820725989998,
            342.1637035104688,
            139.60659010233005,
            701.3650975062845,
            294.43165590676557,
            482.6603360542484,
            268.330020683486,
            401.69764749124437
        ],
        [
            992.0846738056182,
            565.4069331021684,
            777.8052455467242,
            821.4140247159164,
            532.5579780643607,
            766.627027960794,
            777.4432455169958,
            625.8825768464881,
            746.2231569711569,
            0,
            404.1014724051374,
            921.72718306449,
            85.21150157109074,
            493.2220595228888,
            351.062672467467,
            860.8164728907085,
            805.4197663330593,
            255.98828098176682,
            828.283164141346,
            993.9114648699854,
            986.096344177383,
            784.948405947805
        ],
        [
            967.682799268438,
            677.0,
            1009.4181492325171,
            781.8394975952546,
            750.4505313476698,
            718.2791936287728,
            750.2106370880114,
            890.1937991246624,
            539.8601670803283,
            404.1014724051374,
            0,
            905.0994420504302,
            460.9913231287548,
            662.4394311935242,
            69.89277502002622,
            506.9132075612156,
            530.1179114121688,
            561.5870368874267,
            755.5640277302779,
            953.9528290224837,
            808.1707740323204,
            784.2512352556417
        ],
        [
            70.43436661176133,
            386.8488076755569,
            577.4703455589732,
            124.90796611905903,
            537.9526001424289,
            187.8563280807969,
            155.70806016388488,
            631.1339002145265,
            466.80402740336325,
            921.72718306449,
            905.0994420504302,
            0,
            872.6018565187677,
            486.71654995489934,
            854.6449555224672,
            803.3193636406382,
            595.0226886430466,
            743.3390881690536,
            172.41809649801843,
            82.56512580987204,
            372.5922704512266,
            136.7808466123821
        ],
        [
            943.0084835249363,
            503.7955934702089,
            695.4437432316147,
            778.9557111928765,
            454.5822257853908,
            727.5410641331525,
            733.9434583126958,
            542.0332093147061,
            740.4350072761282,
            85.21150157109074,
            460.9913231287548,
            872.6018565187677,
            0,
            424.1992456381788,
            401.20319041602846,
            888.1441324469807,
            813.1432838067348,
            173.92239648762893,
            792.0164139713268,
            947.6101519084733,
            967.24815843712,
            736.2479202007976
        ],
        [
            554.3897545950863,
            101.41498903022178,
            349.521100936696,
            425.8321265475398,
            106.06601717798213,
            396.0012626242497,
            381.2112275366506,
            261.084277581014,
            571.3186501419327,
            493.2220595228888,
            662.4394311935242,
            486.71654995489934,
            424.1992456381788,
            0,
            593.8829851073357,
            859.1489975551389,
            697.3700595809946,
            267.6602323842674,
            465.0387080663286,
            568.1478680766127,
            701.211808229154,
            360.8933360426596
        ],
        [
            918.8824734426051,
            611.432743643976,
            940.1967879119775,
            732.8246720737504,
            680.9530086577194,
            669.4355831594254,
            699.0772489503574,
            820.3145738069024,
            515.6820725989998,
            351.062672467467,
            69.89277502002622,
            854.6449555224672,
            401.20319041602846,
            593.8829851073357,
            0,
            528.4581345764298,
            523.9942747778834,
            493.68512231988524,
            710.8769232433981,
            907.1124516839134,
            782.9514672059821,
            730.3458085044372
        ],
        [
            838.5135657817351,
            809.7616933394664,
            1180.2008303674422,
            692.3496226618456,
            965.2134478963707,
            644.4873932048632,
            689.7311070264992,
            1120.146419000659,
            342.1637035104688,
            860.8164728907085,
            506.9132075612156,
            803.3193636406382,
            888.1441324469807,
            859.1489975551389,
            528.4581345764298,
            0,
            208.3122656014283,
            911.8294796725977,
            632.4634376784164,
            808.0377466430638,
            511.7978116404954,
            743.7183606715649
        ],
        [
            630.7654080559586,
            634.1987070311638,
            998.2484660644362,
            485.17419552156736,
            802.2000997257479,
            439.62029070551324,
            484.9257675149878,
            954.6905257726191,
            139.60659010233005,
            805.4197663330593,
            530.1179114121688,
            595.0226886430466,
            813.1432838067348,
            697.3700595809946,
            523.9942747778834,
            208.3122656014283,
            0,
            798.9274059637709,
            424.4384525464205,
            600.9068147391907,
            324.46417367715657,
            539.5600059307584
        ],
        [
            812.8037893612457,
            359.4509702309899,
            521.9051637989415,
            664.3319953155952,
            282.6517291650628,
            621.0547479892574,
            618.4529084740406,
            370.59546678285204,
            701.3650975062845,
            255.98828098176682,
            561.5870368874267,
            743.3390881690536,
            173.92239648762893,
            267.6602323842674,
            493.68512231988524,
            911.8294796725977,
            798.9274059637709,
            0,
            689.2902146411192,
            822.446350833901,
            894.9011118553826,
            610.4834150081392
        ],
        [
            220.23850707812198,
            366.34955984687633,
            655.9024317686283,
            66.70832032063167,
            544.3904848543921,
            69.35416353759881,
            92.84934033152847,
            669.0844490794865,
            294.43165590676557,
            828.283164141346,
            755.5640277302779,
            172.41809649801843,
            792.0164139713268,
            465.0387080663286,
            710.8769232433981,
            632.4634376784164,
            424.4384525464205,
            689.2902146411192,
            0,
            200.26232796010336,
            254.46610776290032,
            141.24092891226678
        ],
        [
            38.2099463490856,
            467.7702427474411,
            652.2031891979677,
            176.95479648769063,
            620.5175259410486,
            238.89118861942146,
            217.79348015953096,
            712.006320196668,
            482.6603360542484,
            993.9114648699854,
            953.9528290224837,
            82.56512580987204,
            947.6101519084733,
            568.1478680766127,
            907.1124516839134,
            808.0377466430638,
            600.9068147391907,
            822.446350833901,
            200.26232796010336,
            0,
            340.414453277178,
            212.34876971623828
        ],
        [
            377.4466849768322,
            607.8461976520048,
            909.9983516468589,
            316.760161636529,
            789.2705493048628,
            315.34901299988235,
            347.1310991541956,
            920.5677595918728,
            268.330020683486,
            986.096344177383,
            808.1707740323204,
            372.5922704512266,
            967.24815843712,
            701.211808229154,
            782.9514672059821,
            511.7978116404954,
            324.46417367715657,
            894.9011118553826,
            254.46610776290032,
            340.414453277178,
            0,
            394.55544604022384
        ],
        [
            207.17142660125694,
            259.532271596424,
            515.4852083231875,
            78.39005038906404,
            425.1987770443372,
            100.18482919085105,
            55.2268050859363,
            537.9526001424289,
            401.69764749124437,
            784.948405947805,
            784.2512352556417,
            136.7808466123821,
            736.2479202007976,
            360.8933360426596,
            730.3458085044372,
            743.7183606715649,
            539.5600059307584,
            610.4834150081392,
            141.24092891226678,
            212.34876971623828,
            394.55544604022384,
            0
        ]
    ],
    "incompatibilities": [
        [
            0,
            0,
            0,
            0,
            1,
            0,
            0,
            0,
            0,
            0
        ],
        [
            0,
            0,
            1,
            0,
            0,
            0,
            0,
            0,
            0,
            0
        ],
        [
            0,
            1,
            0,
            0,
            0,
            1,
            1,
            0,
            1,
            0
        ],
        [
            0,
            0,
            0,
            0,
            0,
            0,
            1,
            0,
            1,
            0
        ],
        [
            1,
            0,
            0,
            0,
            0,
            1,
            1,
            0,
            1,
            0
        ],
        [
            0,
            0,
            1,
            0,
            1,
            0,
            0,
            0,
            0,
            0
        ],
        [
            0,
            0,
            1,
            1,
            1,
            0,
            0,
            0,
            0,
            0
        ],
        [
            0,
            0,
            0,
            0,
            0,
            0,
            0,
            0,
            0,
            1
        ],
        [
            0,
            0,
            1,
            1,
            1,
            0,
            0,
            0,
            0,
            0
        ],
        [
            0,
            0,
            0,
            0,
            0,
            0,
            0,
            1,
            0,
            0
        ]
    ]
}