{
    "depot": [
        100,
        521
    ],
    "final_destination": [
        83,
        516
    ],
    "requests": [
        [
            [
                855,
                700
            ],
            [
                614,
                570
            ]
        ],
        [
            [
                322,
                583
            ],
            [
                459,
                131
            ]
        ],
        [
            [
                912,
                289
            ],
            [
                62,
                143
            ]
        ],
        [
            [
                61,
                123
            ],
            [
                642,
                51
            ]
        ],
        [
            [
                179,
                779
            ],
            [
                620,
                703
            ]
        ],
        [
            [
                753,
                74
            ],
            [
                110,
                724
            ]
        ],
        [
            [
                63,
                778
            ],
            [
                237,
                76
            ]
        ],
        [
            [
                446,
                938
            ],
            [
                123,
                600
            ]
        ],
        [
            [
                345,
                195
            ],
            [
                957,
                718
            ]
        ],
        [
            [
                684,
                549
            ],
            [
                331,
                225
            ]
        ],
        [
            [
                112,
                580
            ],
            [
                713,
                230
            ]
        ],
        [
            [
                784,
                671
            ],
            [
                674,
                140
            ]
        ],
        [
            [
                685,
                801
            ],
            [
                21,
                791
            ]
        ],
        [
            [
                604,
                881
            ],
            [
                856,
                288
            ]
        ],
        [
            [
                352,
                33
            ],
            [
                547,
                370
            ]
        ]
    ],
    "travel_costs": [
        [
            0,
            775.9291204742866,
            230.4951192541829,
            844.4927471565402,
            399.9062390110962,
            269.82401672201087,
            791.3393709401801,
            259.6497641054195,
            541.8533011803102,
            407.8001961745482,
            584.6708475715203,
            60.20797289396148,
            700.2542395444672,
            648.5560885536423,
            619.3674192270691,
            549.224908393638,
            516.3303206281809,
            530.0764095863916,
            379.90525134564797,
            717.4008642314282,
            550.9301226108444,
            203.24615617521528,
            465.61142597663985,
            82.28000972289685,
            879.3508969688949,
            375.4690400019688,
            678.5646616203942,
            688.9390393931817,
            281.3201023745015,
            791.0910187835532,
            471.81564196198497,
            17.720045146669353
        ],
        [
            775.9291204742866,
            0,
            545.6903884071993,
            414.93372964848254,
            981.5115893355513,
            680.600470173214,
            634.255469034363,
            795.8316404868556,
            473.2071428032337,
            717.7220910631078,
            228.12715752404404,
            752.6280621927408,
            76.69419795525604,
            197.73972792537162,
            309.4543585086499,
            835.402896810874,
            273.82658746002005,
            693.2366118433157,
            969.0706888560815,
            683.059294644323,
            235.01914815605983,
            745.3864769366292,
            878.2368700982668,
            738.7990254460275,
            103.5760590097924,
            707.2488953685257,
            490.9826880858428,
            588.5244260011644,
            838.9499389117327,
            412.0012135904457,
            451.40225963103023,
            793.6245963930302
        ],
        [
            230.4951192541829,
            545.6903884071993,
            0,
            659.1934465693663,
            528.886566288084,
            242.62110378118388,
            666.9647666856173,
            324.2005552123562,
            376.03324321128844,
            388.6811032195931,
            363.59317925395686,
            210.02142747824564,
            470.3062831815029,
            423.43004144722653,
            410.2779545625136,
            550.8175741568164,
            292.2892403082946,
            472.3060448480413,
            511.0772935672255,
            620.8252572181644,
            321.2537937519182,
            254.60754112948032,
            514.0758698869263,
            199.7248106770914,
            649.1918052471087,
            358.11311062288684,
            526.7731959771681,
            565.8206429602935,
            365.8756619399547,
            610.0663898298283,
            309.8289850869347,
            248.2136176763878
        ],
        [
            844.4927471565402,
            414.93372964848254,
            659.1934465693663,
            0,
            867.039214799423,
            881.6966598553042,
            267.4060582709375,
            979.7560920963953,
            798.972465107528,
            574.739071231459,
            345.80919594481577,
            851.281974436203,
            402.8746703380593,
            560.065174778793,
            667.3290043149631,
            615.7402049566034,
            409.59125967237145,
            479.7634833957249,
            862.4476795725059,
            359.92221381848606,
            506.6162255593478,
            912.3754709548039,
            707.8092963503658,
            848.0813640211652,
            431.35368318816984,
            584.5143283102648,
            207.56203891848818,
            280.79351844371337,
            1022.6851910534346,
            56.00892785976178,
            373.8796597837331,
            859.5173063993535
        ],
        [
            399.9062390110962,
            981.5115893355513,
            528.886566288084,
            867.039214799423,
            0,
            666.5283189782712,
            693.7326574408905,
            655.0030534279974,
            901.3600834294804,
            292.9846412356798,
            754.721803050634,
            459.8369276167367,
            907.2116621825362,
            921.4445181344345,
            932.4231871848749,
            304.5997373603595,
            711.0682105114811,
            398.08039389048037,
            20.024984394500787,
            585.4442757427901,
            805.5315015565809,
            602.9941956602898,
            182.16750533506243,
            481.0124738507308,
            1075.5654326911033,
            288.62432329933665,
            660.7215752493634,
            613.2356806318433,
            669.1965331649589,
            811.9421161634615,
            545.1651126035121,
            393.6152944182936
        ],
        [
            269.82401672201087,
            680.600470173214,
            242.62110378118388,
            881.6966598553042,
            666.5283189782712,
            0,
            909.1210040473159,
            116.00431026474837,
            310.75713990188547,
            607.1342520398598,
            554.9099025968089,
            209.9761891262912,
            614.5640731445338,
            506.47803506173886,
            437.068644494203,
            765.7969704823859,
            482.60335680556557,
            705.9065093905849,
            646.672250834996,
            862.7589466357332,
            447.50083798804224,
            88.23831367382311,
            705.3885454130937,
            187.55532517100121,
            780.3877241474265,
            574.4736721556525,
            765.8700934231601,
            808.2982122954373,
            158.45504094221803,
            836.3073597667307,
            550.1863320730532,
            279.9732130043873
        ],
        [
            791.3393709401801,
            634.255469034363,
            666.9647666856173,
            267.4060582709375,
            693.7326574408905,
            909.1210040473159,
            0,
            985.7565622403941,
            916.9214797353152,
            425.5643312120977,
            479.9854164451249,
            816.6498637727187,
            597.8043158091116,
            730.1732671085679,
            820.6399941509065,
            403.09056054440174,
            515.1087263869639,
            299.4745398193309,
            694.4364621763461,
            113.35784048754633,
            642.9074583484004,
            914.3024663643864,
            516.003875954435,
            820.716759911725,
            675.5383038732888,
            448.20196340489184,
            161.0465771135792,
            102.9417310909429,
            1024.6526240633946,
            237.4973684064731,
            360.6272313622475,
            802.6605758351409
        ],
        [
            259.6497641054195,
            795.8316404868556,
            324.2005552123562,
            979.7560920963953,
            655.0030534279974,
            116.00431026474837,
            985.7565622403941,
            0,
            415.07710127155894,
            647.6210311594274,
            661.8776321949549,
            203.9730374338726,
            728.8964261127913,
            622.4250958950804,
            550.7177135338939,
            799.09073327126,
            588.952459881101,
            758.5677293426079,
            635.0007874010867,
            929.3922745536461,
            562.0266897577018,
            71.58910531638176,
            723.2426978545998,
            187.84035775093702,
            896.0111606447769,
            614.5185107057395,
            850.1788047228653,
            883.3827030228745,
            43.965895873961216,
            932.1743399171637,
            633.0244860982867,
            262.76224995230956
        ],
        [
            541.8533011803102,
            473.2071428032337,
            376.03324321128844,
            798.972465107528,
            901.3600834294804,
            310.75713990188547,
            916.9214797353152,
            415.07710127155894,
            0,
            749.8333148106984,
            456.0317971369979,
            489.61209135396155,
            430.7354176289663,
            275.4813968310746,
            167.96725871431016,
            909.8686718422609,
            404.534300152657,
            807.1047020058797,
            882.8822118493497,
            908.3969396689974,
            292.4055403031892,
            398.3616447400527,
            886.9751969474681,
            467.5179140952783,
            556.3461152915512,
            722.2146495329487,
            756.6723200963545,
            829.9325273779791,
            449.7043473216597,
            768.5050422736341,
            576.909871643743,
            556.6444107327407
        ],
        [
            407.8001961745482,
            717.7220910631078,
            388.6811032195931,
            574.739071231459,
            292.9846412356798,
            607.1342520398598,
            425.5643312120977,
            647.6210311594274,
            749.8333148106984,
            0,
            490.13977598232117,
            450.0155552867033,
            647.5314664168839,
            694.8640154735314,
            733.2646179927134,
            162.15116404145854,
            461.50406282068633,
            130.73637596323374,
            287.7377278008569,
            330.06817477606046,
            577.6582034386771,
            578.8488576476592,
            160.70158679988197,
            461.8538729944787,
            805.0298131125332,
            33.1058907144937,
            369.66065519608657,
            333.56558575488566,
            678.3745278236794,
            519.3938775149358,
            267.26204369494747,
            414.3488868091719
        ],
        [
            584.6708475715203,
            228.12715752404404,
            363.59317925395686,
            345.80919594481577,
            754.721803050634,
            554.9099025968089,
            479.9854164451249,
            661.8776321949549,
            456.0317971369979,
            490.13977598232117,
            0,
            572.8394190346891,
            157.74663229368795,
            252.00198411917313,
            341.5025622158639,
            613.5796606798501,
            73.08214556237385,
            474.70938478188947,
            742.778567272912,
            499.7679461510112,
            166.76930173146377,
            600.0841607641381,
            650.7979717239444,
            563.3134118765504,
            321.07631491594015,
            479.15028957520207,
            320.3154694984306,
            409.1222311241471,
            705.785378142676,
            312.57799026802894,
            225.41073621280776,
            601.9053081673229
        ],
        [
            60.20797289396148,
            752.6280621927408,
            210.02142747824564,
            851.281974436203,
            459.8369276167367,
            209.9761891262912,
            816.6498637727187,
            203.9730374338726,
            489.61209135396155,
            450.0155552867033,
            572.8394190346891,
            0,
            678.1334676890679,
            614.1416774653875,
            576.7711851332381,
            597.3349144324313,
            502.09959171463186,
            567.459249638245,
            439.85111117286044,
            748.8264151323723,
            522.6786775830826,
            144.01388821915754,
            519.2696794537497,
            22.825424421026653,
            856.1944872515825,
            417.11629073916544,
            695.4861608975408,
            713.7534588357523,
            229.78685776170926,
            799.2496481075234,
            483.0372656431385,
            70.26378868236469
        ],
        [
            700.2542395444672,
            76.69419795525604,
            470.3062831815029,
            402.8746703380593,
            907.2116621825362,
            614.5640731445338,
            597.8043158091116,
            728.8964261127913,
            430.7354176289663,
            647.5314664168839,
            157.74663229368795,
            678.1334676890679,
            0,
            163.40440630533806,
            276.5863337187866,
            770.4985399077664,
            197.73972792537162,
            630.2578837269709,
            894.4652033477881,
            636.0534568729267,
            167.09278859364335,
            676.0806164948083,
            808.2289279653384,
            664.8022262297261,
            179.27074496414636,
            635.7082664241515,
            446.67885555508445,
            542.2739160239961,
            772.378793080183,
            389.70886569335323,
            383.10572953167906,
            717.9317516310307
        ],
        [
            648.5560885536423,
            197.73972792537162,
            423.43004144722653,
            560.065174778793,
            921.4445181344345,
            506.47803506173886,
            730.1732671085679,
            622.4250958950804,
            275.4813968310746,
            694.8640154735314,
            252.00198411917313,
            614.1416774653875,
            163.40440630533806,
            0,
            113.84638773364748,
            837.0860170854606,
            241.66505746590673,
            707.0898104201475,
            906.1418211295625,
            751.2316553500658,
            117.59676866308871,
            580.1327434303291,
            852.249376649816,
            596.8626307618865,
            284.3817856333278,
            676.0857933724092,
            571.6861026822324,
            661.0915216518814,
            664.0752969355207,
            540.7494798887928,
            452.55386419740137,
            666.0548025500605
        ],
        [
            619.3674192270691,
            309.4543585086499,
            410.2779545625136,
            667.3290043149631,
            932.4231871848749,
            437.068644494203,
            820.6399941509065,
            550.7177135338939,
            167.96725871431016,
            733.2646179927134,
            341.5025622158639,
            576.7711851332381,
            276.5863337187866,
            113.84638773364748,
            0,
            884.6513437507457,
            311.16073017011644,
            763.8880808076534,
            915.64621989063,
            830.869424157611,
            178.71765441612087,
            518.3483384751995,
            884.711252330386,
            557.0655257687375,
            388.81615192787456,
            710.5385281601554,
            660.0621182888774,
            744.298999058846,
            589.905924703253,
            644.3236764235813,
            514.1692328407058,
            636.1336337594483
        ],
        [
            549.224908393638,
            835.402896810874,
            550.8175741568164,
            615.7402049566034,
            304.5997373603595,
            765.7969704823859,
            403.09056054440174,
            799.09073327126,
            909.8686718422609,
            162.15116404145854,
            613.5796606798501,
            597.3349144324313,
            770.4985399077664,
            837.0860170854606,
            884.6513437507457,
            0,
            597.5056485088655,
            145.09651959988565,
            310.16124838541646,
            290.55808369412125,
            721.6120841560237,
            732.1509407219252,
            122.77621919573839,
            611.4981602588841,
            913.9201278011117,
            193.14502323383846,
            411.254179310071,
            339.3125402928692,
            827.1184921158515,
            564.8371446709219,
            389.3507416199435,
            552.8562200066126
        ],
        [
            516.3303206281809,
            273.82658746002005,
            292.2892403082946,
            409.59125967237145,
            711.0682105114811,
            482.60335680556557,
            515.1087263869639,
            588.952459881101,
            404.534300152657,
            461.50406282068633,
            73.08214556237385,
            502.09959171463186,
            197.73972792537162,
            241.66505746590673,
            311.16073017011644,
            597.5056485088655,
            0,
            465.55987799637546,
            697.8774964132316,
            519.7547498580461,
            133.13526955694346,
            527.0028462921239,
            621.4217569412901,
            491.9156431747216,
            373.5679322425842,
            446.2219178839157,
            354.1200361459374,
            434.1658669218482,
            632.8427924848319,
            371.6019375622253,
            210.92415698539605,
            533.7387001145786
        ],
        [
            530.0764095863916,
            693.2366118433157,
            472.3060448480413,
            479.7634833957249,
            398.08039389048037,
            705.9065093905849,
            299.4745398193309,
            758.5677293426079,
            807.1047020058797,
            130.73637596323374,
            474.70938478188947,
            567.459249638245,
            630.2578837269709,
            707.0898104201475,
            763.8880808076534,
            145.09651959988565,
            465.55987799637546,
            0,
            397.1813187953331,
            199.7223072167954,
            594.2263878354781,
            688.0770305714325,
            228.7116088002531,
            576.9376049452835,
            769.7876330521295,
            158.80806024884254,
            272.61144510089815,
            215.18828964420902,
            792.1136282125185,
            426.91685373149653,
            254.68608128439212,
            538.1458909998291
        ],
        [
            379.90525134564797,
            969.0706888560815,
            511.0772935672255,
            862.4476795725059,
            20.024984394500787,
            646.672250834996,
            694.4364621763461,
            635.0007874010867,
            882.8822118493497,
            287.7377278008569,
            742.778567272912,
            439.85111117286044,
            894.4652033477881,
            906.1418211295625,
            915.64621989063,
            310.16124838541646,
            697.8774964132316,
            397.1813187953331,
            0,
            587.251223923799,
            790.5466463150672,
            582.9794164462412,
            187.38729946290385,
            461.0531422732091,
            1063.7903928876215,
            281.2205540141047,
            656.7876369116581,
            612.0073528970057,
            649.2957723564816,
            807.131339993684,
            535.4941643006018,
            373.59068510871623
        ],
        [
            717.4008642314282,
            683.059294644323,
            620.8252572181644,
            359.92221381848606,
            585.4442757427901,
            862.7589466357332,
            113.35784048754633,
            929.3922745536461,
            908.3969396689974,
            330.06817477606046,
            499.7679461510112,
            748.8264151323723,
            636.0534568729267,
            751.2316553500658,
            830.869424157611,
            290.55808369412125,
            519.7547498580461,
            199.7223072167954,
            587.251223923799,
            0,
            652.3710600570813,
            857.8770308150231,
            405.77087130546965,
            755.4879218094754,
            737.6408340106992,
            356.36638449775256,
            192.56687150182404,
            94.57801012920497,
            966.0439948573771,
            319.3195891266303,
            332.8453094156504,
            727.1217229597806
        ],
        [
            550.9301226108444,
            235.01914815605983,
            321.2537937519182,
            506.6162255593478,
            805.5315015565809,
            447.50083798804224,
            642.9074583484004,
            562.0266897577018,
            292.4055403031892,
            577.6582034386771,
            166.76930173146377,
            522.6786775830826,
            167.09278859364335,
            117.59676866308871,
            178.71765441612087,
            721.6120841560237,
            133.13526955694346,
            594.2263878354781,
            790.5466463150672,
            652.3710600570813,
            0,
            510.4321698325841,
            734.7230770841488,
            507.56083379236424,
            337.33366271393663,
            558.5740774507889,
            482.05601334284796,
            565.5837692154894,
            605.4295995406898,
            477.410724638649,
            340.90761211800475,
            568.6281737655988
        ],
        [
            203.24615617521528,
            745.3864769366292,
            254.60754112948032,
            912.3754709548039,
            602.9941956602898,
            88.23831367382311,
            914.3024663643864,
            71.58910531638176,
            398.3616447400527,
            578.8488576476592,
            600.0841607641381,
            144.01388821915754,
            676.0806164948083,
            580.1327434303291,
            518.3483384751995,
            732.1509407219252,
            527.0028462921239,
            688.0770305714325,
            582.9794164462412,
            857.8770308150231,
            510.4321698325841,
            0,
            660.3279488254302,
            124.6795893480565,
            847.0212512092008,
            545.7490265680736,
            779.515875399597,
            811.8817647909085,
            111.40017953306898,
            864.0671270219693,
            562.3922118948661,
            209.7450833750341
        ],
        [
            465.61142597663985,
            878.2368700982668,
            514.0758698869263,
            707.8092963503658,
            182.16750533506243,
            705.3885454130937,
            516.003875954435,
            723.2426978545998,
            886.9751969474681,
            160.70158679988197,
            650.7979717239444,
            519.2696794537497,
            808.2289279653384,
            852.249376649816,
            884.711252330386,
            122.77621919573839,
            621.4217569412901,
            228.7116088002531,
            187.38729946290385,
            405.77087130546965,
            734.7230770841488,
            660.3279488254302,
            0,
            536.2574008813306,
            964.6574521559453,
            176.17321022221284,
            500.29191478575785,
            441.6616351914664,
            746.9143190487111,
            654.2973330222278,
            427.2423200011909,
            466.171642209176
        ],
        [
            82.28000972289685,
            738.7990254460275,
            199.7248106770914,
            848.0813640211652,
            481.0124738507308,
            187.55532517100121,
            820.716759911725,
            187.84035775093702,
            467.5179140952783,
            461.8538729944787,
            563.3134118765504,
            22.825424421026653,
            664.8022262297261,
            596.8626307618865,
            557.0655257687375,
            611.4981602588841,
            491.9156431747216,
            576.9376049452835,
            461.0531422732091,
            755.4879218094754,
            507.56083379236424,
            124.6795893480565,
            536.2574008813306,
            0,
            842.3063575683138,
            428.82280722927976,
            696.4194138592059,
            717.7750343944822,
            216.52944372532804,
            796.6385629631546,
            482.3650070226903,
            93.03762679690405
        ],
        [
            879.3508969688949,
            103.5760590097924,
            649.1918052471087,
            431.35368318816984,
            1075.5654326911033,
            780.3877241474265,
            675.5383038732888,
            896.0111606447769,
            556.3461152915512,
            805.0298131125332,
            321.07631491594015,
            856.1944872515825,
            179.27074496414636,
            284.3817856333278,
            388.81615192787456,
            913.9201278011117,
            373.5679322425842,
            769.7876330521295,
            1063.7903928876215,
            737.6408340106992,
            337.33366271393663,
            847.0212512092008,
            964.6574521559453,
            842.3063575683138,
            0,
            796.821811950451,
            545.6005865099487,
            643.5627397542527,
            938.8423722862108,
            441.70238849252326,
            537.776905417107,
            897.0395754926311
        ],
        [
            375.4690400019688,
            707.2488953685257,
            358.11311062288684,
            584.5143283102648,
            288.62432329933665,
            574.4736721556525,
            448.20196340489184,
            614.5185107057395,
            722.2146495329487,
            33.1058907144937,
            479.15028957520207,
            417.11629073916544,
            635.7082664241515,
            676.0857933724092,
            710.5385281601554,
            193.14502323383846,
            446.2219178839157,
            158.80806024884254,
            281.2205540141047,
            356.36638449775256,
            558.5740774507889,
            545.7490265680736,
            176.17321022221284,
            428.82280722927976,
            796.821811950451,
            0,
            382.03272111168695,
            353.3751547576598,
            645.3340220382,
            528.7664891045952,
            260.155722597063,
            382.34147041617126
        ],
        [
            678.5646616203942,
            490.9826880858428,
            526.7731959771681,
            207.56203891848818,
            660.7215752493634,
            765.8700934231601,
            161.0465771135792,
            850.1788047228653,
            756.6723200963545,
            369.66065519608657,
            320.3154694984306,
            695.4861608975408,
            446.67885555508445,
            571.6861026822324,
            660.0621182888774,
            411.254179310071,
            354.1200361459374,
            272.61144510089815,
            656.7876369116581,
            192.56687150182404,
            482.05601334284796,
            779.515875399597,
            500.29191478575785,
            696.4194138592059,
            545.6005865099487,
            382.03272111168695,
            0,
            98.0866963456309,
            890.8338790144883,
            154.31461369552787,
            217.15432300555292,
            691.8786020683109
        ],
        [
            688.9390393931817,
            588.5244260011644,
            565.8206429602935,
            280.79351844371337,
            613.2356806318433,
            808.2982122954373,
            102.9417310909429,
            883.3827030228745,
            829.9325273779791,
            333.56558575488566,
            409.1222311241471,
            713.7534588357523,
            542.2739160239961,
            661.0915216518814,
            744.298999058846,
            339.3125402928692,
            434.1658669218482,
            215.18828964420902,
            612.0073528970057,
            94.57801012920497,
            565.5837692154894,
            811.8817647909085,
            441.6616351914664,
            717.7750343944822,
            643.5627397542527,
            353.3751547576598,
            98.0866963456309,
            0,
            922.0683271862233,
            234.58047659598614,
            262.73370548903694,
            700.4691285131702
        ],
        [
            281.3201023745015,
            838.9499389117327,
            365.8756619399547,
            1022.6851910534346,
            669.1965331649589,
            158.45504094221803,
            1024.6526240633946,
            43.965895873961216,
            449.7043473216597,
            678.3745278236794,
            705.785378142676,
            229.78685776170926,
            772.378793080183,
            664.0752969355207,
            589.905924703253,
            827.1184921158515,
            632.8427924848319,
            792.1136282125185,
            649.2957723564816,
            966.0439948573771,
            605.4295995406898,
            111.40017953306898,
            746.9143190487111,
            216.52944372532804,
            938.8423722862108,
            645.3340220382,
            890.8338790144883,
            922.0683271862233,
            0,
            974.7994665570965,
            673.7336268882533,
            281.9024654024863
        ],
        [
            791.0910187835532,
            412.0012135904457,
            610.0663898298283,
            56.00892785976178,
            811.9421161634615,
            836.3073597667307,
            237.4973684064731,
            932.1743399171637,
            768.5050422736341,
            519.3938775149358,
            312.57799026802894,
            799.2496481075234,
            389.70886569335323,
            540.7494798887928,
            644.3236764235813,
            564.8371446709219,
            371.6019375622253,
            426.91685373149653,
            807.131339993684,
            319.3195891266303,
            477.410724638649,
            864.0671270219693,
            654.2973330222278,
            796.6385629631546,
            441.70238849252326,
            528.7664891045952,
            154.31461369552787,
            234.58047659598614,
            974.7994665570965,
            0,
            319.6951673078591,
            805.9236936584009
        ],
        [
            471.81564196198497,
            451.40225963103023,
            309.8289850869347,
            373.8796597837331,
            545.1651126035121,
            550.1863320730532,
            360.6272313622475,
            633.0244860982867,
            576.909871643743,
            267.26204369494747,
            225.41073621280776,
            483.0372656431385,
            383.10572953167906,
            452.55386419740137,
            514.1692328407058,
            389.3507416199435,
            210.92415698539605,
            254.68608128439212,
            535.4941643006018,
            332.8453094156504,
            340.90761211800475,
            562.3922118948661,
            427.2423200011909,
            482.3650070226903,
            537.776905417107,
            260.155722597063,
            217.15432300555292,
            262.73370548903694,
            673.7336268882533,
            319.6951673078591,
            0,
            486.42779525845356
        ],
        [
            17.720045146669353,
            793.6245963930302,
            248.2136176763878,
            859.5173063993535,
            393.6152944182936,
            279.9732130043873,
            802.6605758351409,
            262.76224995230956,
            556.6444107327407,
            414.3488868091719,
            601.9053081673229,
            70.26378868236469,
            717.9317516310307,
            666.0548025500605,
            636.1336337594483,
            552.8562200066126,
            533.7387001145786,
            538.1458909998291,
            373.59068510871623,
            727.1217229597806,
            568.6281737655988,
            209.7450833750341,
            466.171642209176,
            93.03762679690405,
            897.0395754926311,
            382.34147041617126,
            691.8786020683109,
            700.4691285131702,
            281.9024654024863,
            805.9236936584009,
            486.42779525845356,
            0
        ]
    ],
    "incompatibilities": [
        [
            0,
            1,
            1,
            1,
            0,
            0,
            0,
            1,
            1,
            0,
            0,
            0,
            1,
            1,
            1
        ],
        [
            1,
            0,
            0,
            1,
            0,
            1,
            1,
            0,
            0,
            1,
            1,
            1,
            0,
            1,
            0
        ],
        [
            1,
            0,
            0,
            1,
            0,
            0,
            1,
            0,
            0,
            1,
            1,
            1,
            0,
            0,
            1
        ],
        [
            1,
            1,
            1,
            0,
            1,
            0,
            0,
            1,
            0,
            1,
            0,
            1,
            1,
            1,
            1
        ],
        [
            0,
            0,
            0,
            1,
            0,
            0,
            0,
            0,
            1,
            1,
            1,
            0,
            0,
            0,
            1
        ],
        [
            0,
            1,
            0,
            0,
            0,
            0,
            0,
            1,
            1,
            1,
            0,
            0,
            0,
            0,
            1
        ],
        [
            0,
            1,
            1,
            0,
            0,
            0,
            0,
            0,
            1,
            0,
            1,
            0,
            1,
            1,
            1
        ],
        [
            1,
            0,
            0,
            1,
            0,
            1,
            0,
            0,
            0,
            1,
            1,
            1,
            0,
            1,
            1
        ],
        [
            1,
            0,
            0,
            0,
            1,
            1,
            1,
            0,
            0,
            1,
            0,
            0,
            1,
            0,
            0
        ],
        [
            0,
            1,
            1,
            1,
            1,
            1,
            0,
            1,
            1,
            0,
            0,
            0,
            1,
            0,
            0
        ],
        [
            0,
            1,
            1,
            0,
            1,
            0,
            1,
            1,
            0,
            0,
            0,
            0,
            0,
            0,
            1
        ],
        [
            0,
            1,
            1,
            1,
            0,
            0,
            0,
            1,
            0,
            0,
            0,
            0,
            1,
            0,
            0
        ],
        [
            1,
            0,
            0,
            1,
            0,
            0,
            1,
            0,
            1,
            1,
            0,
            1,
            0,
            1,
            0
        ],
        [
            1,
            1,
            0,
            1,
            0,
            0,
            1,
            1,
            0,
            0,
            0,
            0,
            1,
            0,
            0
        ],
        [
            1,
            0,
            1,
            1,
            1,
            1,
            1,
            1,
            0,
            0,
            1,
            0,
            0,
            0,
            0
        ]
    ]
}