{
    "depot": {
        "x": 917,
        "y": 891,
        "node_type": "depot",
        "id": 0
    },
    "final_destination": {
        "x": 539,
        "y": 413,
        "node_type": "final",
        "id": 16
    },
    "pickup_nodes": [
        {
            "x": 754,
            "y": 605,
            "node_type": "pickup",
            "id": 1
        },
        {
            "x": 189,
            "y": 174,
            "node_type": "pickup",
            "id": 2
        },
        {
            "x": 327,
            "y": 624,
            "node_type": "pickup",
            "id": 3
        },
        {
            "x": 89,
            "y": 192,
            "node_type": "pickup",
            "id": 4
        },
        {
            "x": 160,
            "y": 106,
            "node_type": "pickup",
            "id": 5
        },
        {
            "x": 214,
            "y": 820,
            "node_type": "pickup",
            "id": 6
        },
        {
            "x": 745,
            "y": 723,
            "node_type": "pickup",
            "id": 7
        },
        {
            "x": 846,
            "y": 364,
            "node_type": "pickup",
            "id": 8
        },
        {
            "x": 929,
            "y": 244,
            "node_type": "pickup",
            "id": 9
        },
        {
            "x": 828,
            "y": 369,
            "node_type": "pickup",
            "id": 10
        },
        {
            "x": 648,
            "y": 704,
            "node_type": "pickup",
            "id": 11
        },
        {
            "x": 267,
            "y": 861,
            "node_type": "pickup",
            "id": 12
        },
        {
            "x": 543,
            "y": 393,
            "node_type": "pickup",
            "id": 13
        },
        {
            "x": 465,
            "y": 894,
            "node_type": "pickup",
            "id": 14
        },
        {
            "x": 229,
            "y": 439,
            "node_type": "pickup",
            "id": 15
        }
    ],
    "delivery_nodes": [
        {
            "x": 163,
            "y": 912,
            "node_type": "delivery",
            "id": 1
        },
        {
            "x": 274,
            "y": 529,
            "node_type": "delivery",
            "id": 2
        },
        {
            "x": 434,
            "y": 773,
            "node_type": "delivery",
            "id": 3
        },
        {
            "x": 188,
            "y": 837,
            "node_type": "delivery",
            "id": 4
        },
        {
            "x": 31,
            "y": 492,
            "node_type": "delivery",
            "id": 5
        },
        {
            "x": 678,
            "y": 490,
            "node_type": "delivery",
            "id": 6
        },
        {
            "x": 991,
            "y": 1,
            "node_type": "delivery",
            "id": 7
        },
        {
            "x": 621,
            "y": 937,
            "node_type": "delivery",
            "id": 8
        },
        {
            "x": 619,
            "y": 321,
            "node_type": "delivery",
            "id": 9
        },
        {
            "x": 747,
            "y": 727,
            "node_type": "delivery",
            "id": 10
        },
        {
            "x": 611,
            "y": 512,
            "node_type": "delivery",
            "id": 11
        },
        {
            "x": 120,
            "y": 540,
            "node_type": "delivery",
            "id": 12
        },
        {
            "x": 100,
            "y": 43,
            "node_type": "delivery",
            "id": 13
        },
        {
            "x": 767,
            "y": 798,
            "node_type": "delivery",
            "id": 14
        },
        {
            "x": 255,
            "y": 815,
            "node_type": "delivery",
            "id": 15
        }
    ],
    "travel_costs": [
        [
            0,
            329.1883959072677,
            1021.7989038944993,
            647.6025015393317,
            1083.5981727559345,
            1090.5383991405347,
            706.5762520775802,
            240.4329428343795,
            531.761224611197,
            647.1112732753155,
            529.5328129587438,
            327.6125760711881,
            650.6919393998975,
            622.8001284521383,
            452.0099556425721,
            823.1937803457944,
            754.2923836285237,
            737.8976893851884,
            497.2051890316512,
            730.9972640167676,
            971.6979983513396,
            466.82116490150696,
            893.0711057916945,
            299.5530003188083,
            643.1982587041106,
            236.211769393483,
            487.1108703365179,
            870.8673837043158,
            1177.536835941874,
            176.49079296099274,
            666.3482572949373,
            609.3997046274309
        ],
        [
            329.1883959072677,
            0,
            710.6236697436977,
            427.4225075964063,
            782.811599300879,
            775.7815414148496,
            581.2271500885003,
            118.34272263219229,
            257.96317566660554,
            401.18075726535034,
            247.32973941683602,
            145.04137340772806,
            550.1863320730533,
            299.1070042643602,
            408.7077195258245,
            550.6187428702368,
            665.9804801944273,
            485.97942343272103,
            361.4194239384486,
            611.7025420905164,
            731.777288524316,
            137.84411485442533,
            648.8335687986557,
            357.6492695365111,
            314.45349417680194,
            122.20065466273084,
            170.5813588877753,
            637.3233088472443,
            862.2992520001395,
            193.4373283521048,
            541.3880308983566,
            288.25162618795406
        ],
        [
            1021.7989038944993,
            710.6236697436977,
            0,
            470.6846077789245,
            101.6070863670443,
            73.92563831310488,
            646.4835651429972,
            781.3686709870059,
            683.9217791531427,
            743.3034373659252,
            668.0913111244599,
            701.1283762621507,
            691.4137690269121,
            416.26554025045124,
            771.0875436680325,
            268.00186566514793,
            738.4578525549036,
            365.0342449688796,
            647.1676753361528,
            663.000754147384,
            355.0887213077881,
            582.2173133804937,
            820.4468294776938,
            876.8084169304033,
            454.43261326625753,
            785.6035896048337,
            540.6736538800462,
            372.44731170999205,
            158.3729774930054,
            850.5645184229119,
            644.388857755936,
            423.8171775659877
        ],
        [
            647.6025015393317,
            427.4225075964063,
            470.6846077789245,
            0,
            493.2220595228888,
            544.2545360398938,
            226.24102192131295,
            429.563732174866,
            580.4834192291801,
            711.9016786045668,
            562.1618983887115,
            330.8186814555671,
            244.47699278255206,
            316.25464423467366,
            303.22269044383864,
            209.35376758014172,
            331.42118218363777,
            108.78419002777932,
            183.43936327844142,
            254.34228905158494,
            324.0987503832744,
            375.7086637276282,
            910.5080999090563,
            429.424032862624,
            420.8004277564366,
            432.4453722726144,
            305.28675044947494,
            223.3942702935776,
            623.7707912366528,
            473.15536560415336,
            204.12006270820123,
            299.1070042643602
        ],
        [
            1083.5981727559345,
            782.811599300879,
            101.6070863670443,
            493.2220595228888,
            0,
            111.5212984142491,
            640.319451524003,
            843.976895418352,
            776.2944029168316,
            841.6079847529965,
            759.9013093816855,
            758.0402363990977,
            692.275234281857,
            496.504783461348,
            796.3541925550464,
            283.91724146307143,
            723.7927880270705,
            384.43985225259877,
            675.7114768893599,
            652.5534460869853,
            305.5552323230613,
            660.0946901770989,
            922.0005422991896,
            915.4501624883793,
            545.4731890753203,
            848.0501164435979,
            612.2777147667551,
            349.3780187705002,
            149.40548852033515,
            909.3514172199875,
            644.7363802361396,
            501.339206525881
        ],
        [
            1090.5383991405347,
            775.7815414148496,
            73.92563831310488,
            544.2545360398938,
            111.5212984142491,
            0,
            716.0391050773694,
            850.2434945355359,
            732.9120001746459,
            781.2841992514631,
            717.908768577178,
            771.847135124566,
            762.5444249353607,
            478.60004178854814,
            844.9668632555954,
            340.073521462639,
            806.005583107214,
            438.092455995307,
            721.0859865508412,
            731.5360551606462,
            406.98525771826183,
            644.8100495494778,
            837.6073065583895,
            950.3062664215154,
            506.85895473987637,
            854.5232588993701,
            606.8253455484536,
            435.83941997024544,
            87.0,
            920.4960619144441,
            715.3362845543347,
            487.73968466795895
        ],
        [
            706.5762520775802,
            581.2271500885003,
            646.4835651429972,
            226.24102192131295,
            640.319451524003,
            716.0391050773694,
            0,
            539.786995026742,
            779.3330481892834,
            918.1508590640211,
            761.8379092694194,
            449.23490514429085,
            67.00746227100382,
            539.0454526289967,
            261.68110363570395,
            381.2951612596205,
            105.19030373565808,
            297.12118739665806,
            224.96444163467254,
            31.064449134018133,
            375.59685834681846,
            569.3821212507466,
            1128.9331246801116,
            423.48317558080157,
            642.6709889204584,
            541.052677657176,
            502.46691433367033,
            295.357410606201,
            785.3184067625054,
            553.4374400056432,
            41.30375285612676,
            520.8397066276725
        ],
        [
            240.4329428343795,
            118.34272263219229,
            781.3686709870059,
            429.563732174866,
            843.976895418352,
            850.2434945355359,
            539.786995026742,
            0,
            372.93699199730776,
            513.1247411692405,
            363.6000550054964,
            98.84331034521254,
            497.52185881627355,
            386.9160115580641,
            328.08687873793434,
            588.992359882537,
            611.9191123016178,
            509.38884950497294,
            314.99365072966157,
            568.5463921264474,
            750.4378721786368,
            242.44174558025276,
            762.7581530209952,
            247.32973941683602,
            421.283752357007,
            4.47213595499958,
            249.9539957672211,
            651.2403550149514,
            937.2432981888961,
            78.16009211867652,
            498.56193196031325,
            372.2042450053465
        ],
        [
            531.761224611197,
            257.96317566660554,
            683.9217791531427,
            580.4834192291801,
            776.2944029168316,
            732.9120001746459,
            779.3330481892834,
            372.93699199730776,
            0,
            145.90750494748377,
            18.681541692269406,
            393.45139471096047,
            763.0530781013861,
            304.3846251044885,
            652.7334831307492,
            621.5416317512448,
            875.6671742163228,
            595.3226016203315,
            580.538543078752,
            810.3659667088691,
            824.9903029733138,
            210.0,
            390.88873097084803,
            615.5923976138757,
            231.03679360655954,
            376.2578902827155,
            277.72108310317384,
            747.0287812393844,
            812.1311470446137,
            441.13149966874965,
            743.4258537339148,
            310.8858311341963
        ],
        [
            647.1112732753155,
            401.18075726535034,
            743.3034373659252,
            711.9016786045668,
            841.6079847529965,
            781.2841992514631,
            918.1508590640211,
            513.1247411692405,
            145.90750494748377,
            0,
            160.70469812671936,
            539.0371044742653,
            904.949169843257,
            413.7595920338283,
            798.6213120121452,
            726.6532873386042,
            1016.3562367595331,
            714.3178564196753,
            724.4763626233778,
            949.0679638466363,
            931.6158006388686,
            351.4498541755282,
            250.78476827750126,
            758.3620507383,
            319.41978648793815,
            516.1521093631218,
            415.8701720489221,
            861.450520923866,
            853.0193432742309,
            577.200138600122,
            883.3555343122042,
            425.0423508310672
        ],
        [
            529.5328129587438,
            247.32973941683602,
            668.0913111244599,
            562.1618983887115,
            759.9013093816855,
            717.908768577178,
            761.8379092694194,
            363.6000550054964,
            18.681541692269406,
            160.70469812671936,
            0,
            380.2959373961284,
            746.1802731243972,
            286.0087411251621,
            638.2742357325728,
            603.0762804156701,
            858.5301392496364,
            576.6420033261538,
            564.3155145838185,
            792.8581209775176,
            806.4353662879624,
            192.7200041511,
            402.48354003611126,
            604.5436295256117,
            214.44113411377026,
            367.0490430446591,
            259.8807418798092,
            728.357741772544,
            797.659075043969,
            433.31512782269675,
            726.116381856242,
            292.3302926485724
        ],
        [
            327.6125760711881,
            145.04137340772806,
            701.1283762621507,
            330.8186814555671,
            758.0402363990977,
            771.847135124566,
            449.23490514429085,
            98.84331034521254,
            393.45139471096047,
            539.0371044742653,
            380.2959373961284,
            0,
            412.0800893030383,
            328.24685832464564,
            263.79727064547126,
            495.7680909457566,
            527.7205699989341,
            412.9176673381753,
            224.84883811129646,
            478.84130983030275,
            652.4055487195061,
            216.09257275528927,
            782.2135258354972,
            234.5591609807641,
            384.0963420809941,
            101.63660757817529,
            195.5326059765992,
            552.8833511691232,
            858.6180757473022,
            151.647617851386,
            408.3748278236552,
            310.74426784737324
        ],
        [
            650.6919393998975,
            550.1863320730533,
            691.4137690269121,
            244.47699278255206,
            692.275234281857,
            762.5444249353607,
            67.00746227100382,
            497.52185881627355,
            763.0530781013861,
            904.949169843257,
            746.1802731243972,
            412.0800893030383,
            0,
            543.323108288245,
            200.73116349984122,
            423.70744624091753,
            115.83177456984764,
            332.0737869811467,
            188.76705220985997,
            82.56512580987206,
            438.0148399312517,
            553.6804132349274,
            1124.1779218611262,
            362.06629227256155,
            644.5959975054143,
            498.3532883407111,
            490.03775364761435,
            353.05806887819455,
            834.8730442408594,
            503.9533708588524,
            47.539457296018846,
            524.1068593330943
        ],
        [
            622.8001284521383,
            299.1070042643602,
            416.26554025045124,
            316.25464423467366,
            496.504783461348,
            478.60004178854814,
            539.0454526289967,
            386.9160115580641,
            304.3846251044885,
            413.7595920338283,
            286.0087411251621,
            328.24685832464564,
            543.323108288245,
            0,
            507.03550171560966,
            317.3515400939469,
            643.2425669994174,
            301.4249491996308,
            395.32391781929914,
            568.4725147269655,
            521.4834609074386,
            166.23477373883,
            595.2881655131404,
            549.5634631232319,
            104.6900186264192,
            391.3719458520245,
            137.05838172107534,
            447.81469381877145,
            564.5786039162306,
            462.8185389545237,
            510.9089938531128,
            20.39607805437114
        ],
        [
            452.0099556425721,
            408.7077195258245,
            771.0875436680325,
            303.22269044383864,
            796.3541925550464,
            844.9668632555954,
            261.68110363570395,
            328.08687873793434,
            652.7334831307492,
            798.6213120121452,
            638.2742357325728,
            263.79727064547126,
            200.73116349984122,
            507.03550171560966,
            0,
            512.563166838976,
            302.5359482772254,
            411.9538809138712,
            124.90796611905903,
            282.80381892753854,
            591.5741711738267,
            456.71106840101874,
            1036.4000192975684,
            161.8177987738061,
            593.3338014979427,
            327.7392256047481,
            408.94987467903695,
            494.3086080577598,
            925.9730017662501,
            316.89114850370936,
            224.3680012836055,
            486.65901820473846
        ],
        [
            823.1937803457944,
            550.6187428702368,
            268.00186566514793,
            209.35376758014172,
            283.91724146307143,
            340.073521462639,
            381.2951612596205,
            588.992359882537,
            621.5416317512448,
            726.6532873386042,
            603.0762804156701,
            495.7680909457566,
            423.70744624091753,
            317.3515400939469,
            512.563166838976,
            0,
            477.582453614033,
            100.62305898749054,
            391.8941183534144,
            400.10623589241897,
            204.97072961767003,
            451.88715405508043,
            878.9129649743483,
            633.7728299635446,
            407.4604275264041,
            592.6786650454021,
            388.9125865795552,
            148.60013458944107,
            416.4816922747026,
            646.780488264759,
            376.8978641488964,
            311.08841187032345
        ],
        [
            754.2923836285237,
            665.9804801944273,
            738.4578525549036,
            331.42118218363777,
            723.7927880270705,
            806.005583107214,
            105.19030373565808,
            611.9191123016178,
            875.6671742163228,
            1016.3562367595331,
            858.5301392496364,
            527.7205699989341,
            115.83177456984764,
            643.2425669994174,
            302.5359482772254,
            477.582453614033,
            0,
            398.76057979695037,
            304.5685472927236,
            79.05694150420949,
            440.25447186825943,
            665.8145387418332,
            1231.0584876438647,
            458.6818069206583,
            746.4696912802287,
            612.6018282702069,
            600.5863801319507,
            374.4769685841841,
            871.280666605199,
            614.6641359311603,
            133.6899397860587,
            624.8015684999518
        ],
        [
            737.8976893851884,
            485.97942343272103,
            365.0342449688796,
            108.78419002777932,
            384.43985225259877,
            438.092455995307,
            297.12118739665806,
            509.38884950497294,
            595.3226016203315,
            714.3178564196753,
            576.6420033261538,
            412.9176673381753,
            332.0737869811467,
            301.4249491996308,
            411.9538809138712,
            100.62305898749054,
            398.76057979695037,
            0,
            291.78073959739015,
            319.7811751807789,
            245.80073230159425,
            405.8780605058618,
            890.4341637650703,
            535.6052650973477,
            402.85108911358304,
            512.7699289154932,
            337.4285109471338,
            154.3923573238002,
            516.2092598936986,
            561.6137462705128,
            286.6304240655552,
            289.2766841624122
        ],
        [
            497.2051890316512,
            361.4194239384486,
            647.1676753361528,
            183.43936327844142,
            675.7114768893599,
            721.0859865508412,
            224.96444163467254,
            314.99365072966157,
            580.538543078752,
            724.4763626233778,
            564.3155145838185,
            224.84883811129646,
            188.76705220985997,
            395.32391781929914,
            124.90796611905903,
            391.8941183534144,
            304.5685472927236,
            291.78073959739015,
            0,
            254.18890613085378,
            491.29420920666263,
            373.6642878306676,
            951.9627093536806,
            248.7267577081324,
            488.39430791113847,
            316.36213427020624,
            315.35694062442957,
            391.00511505605647,
            802.7801691621437,
            333.9371198294673,
            183.86136081297778,
            375.0
        ],
        [
            730.9972640167676,
            611.7025420905164,
            663.000754147384,
            254.34228905158494,
            652.5534460869853,
            731.5360551606462,
            31.064449134018133,
            568.5463921264474,
            810.3659667088691,
            949.0679638466363,
            792.8581209775176,
            478.84130983030275,
            82.56512580987206,
            568.4725147269655,
            282.80381892753854,
            400.10623589241897,
            79.05694150420949,
            319.7811751807789,
            254.18890613085378,
            0,
            379.0435331198779,
            600.4240168414318,
            1159.1829018752821,
            444.3973447265409,
            672.3220954274819,
            569.72010671908,
            533.4360317788816,
            304.6850833237492,
            798.8616901566879,
            580.3119850563144,
            70.51950084905593,
            550.4334655523772
        ],
        [
            971.6979983513396,
            731.777288524316,
            355.0887213077881,
            324.0987503832744,
            305.5552323230613,
            406.98525771826183,
            375.59685834681846,
            750.4378721786368,
            824.9903029733138,
            931.6158006388686,
            806.4353662879624,
            652.4055487195061,
            438.0148399312517,
            521.4834609074386,
            591.5741711738267,
            204.97072961767003,
            440.25447186825943,
            245.80073230159425,
            491.29420920666263,
            379.0435331198779,
            0,
            647.0030911827238,
            1078.2768661155633,
            739.0027063549903,
            612.3601881246036,
            753.5787948184318,
            580.3447251418763,
            101.11874208078342,
            454.2708443208743,
            797.0771606312653,
            393.0712403623547,
            514.1060201942786
        ],
        [
            466.82116490150696,
            137.84411485442533,
            582.2173133804937,
            375.7086637276282,
            660.0946901770989,
            644.8100495494778,
            569.3821212507466,
            242.44174558025276,
            210.0,
            351.4498541755282,
            192.7200041511,
            216.09257275528927,
            553.6804132349274,
            166.23477373883,
            456.71106840101874,
            451.88715405508043,
            665.8145387418332,
            405.8780605058618,
            373.6642878306676,
            600.4240168414318,
            647.0030911827238,
            0,
            580.5945228815029,
            450.61957347634166,
            179.00279327429504,
            246.84002916869056,
            70.51950084905593,
            560.2356646983482,
            730.6798204412107,
            320.60099812695535,
            533.4360317788816,
            158.90248582070703
        ],
        [
            893.0711057916945,
            648.8335687986557,
            820.4468294776938,
            910.5080999090563,
            922.0005422991896,
            837.6073065583895,
            1128.9331246801116,
            762.7581530209952,
            390.88873097084803,
            250.78476827750126,
            402.48354003611126,
            782.2135258354972,
            1124.1779218611262,
            595.2881655131404,
            1036.4000192975684,
            878.9129649743483,
            1231.0584876438647,
            890.4341637650703,
            951.9627093536806,
            1159.1829018752821,
            1078.2768661155633,
            580.5945228815029,
            0,
            1006.4770240795366,
            490.6974628016738,
            765.9059994542412,
            636.8053077668244,
            1024.286092847111,
            891.9893497122036,
            827.8798221964346,
            1097.402387458675,
            611.594636994145
        ],
        [
            299.5530003188083,
            357.6492695365111,
            876.8084169304033,
            429.424032862624,
            915.4501624883793,
            950.3062664215154,
            423.48317558080157,
            247.32973941683602,
            615.5923976138757,
            758.3620507383,
            604.5436295256117,
            234.5591609807641,
            362.06629227256155,
            549.5634631232319,
            161.8177987738061,
            633.7728299635446,
            458.6818069206583,
            535.6052650973477,
            248.7267577081324,
            444.3973447265409,
            739.0027063549903,
            450.61957347634166,
            1006.4770240795366,
            0,
            616.0032467446905,
            244.89997958350259,
            425.1176307799995,
            639.2260945862582,
            1034.735231834695,
            201.58620984581262,
            385.7978745405423,
            530.3772242470449
        ],
        [
            643.1982587041106,
            314.45349417680194,
            454.43261326625753,
            420.8004277564366,
            545.4731890753203,
            506.85895473987637,
            642.6709889204584,
            421.283752357007,
            231.03679360655954,
            319.41978648793815,
            214.44113411377026,
            384.0963420809941,
            644.5959975054143,
            104.6900186264192,
            593.3338014979427,
            407.4604275264041,
            746.4696912802287,
            402.85108911358304,
            488.39430791113847,
            672.3220954274819,
            612.3601881246036,
            179.00279327429504,
            490.6974628016738,
            616.0032467446905,
            0,
            425.6994244769424,
            191.16746585127922,
            544.9421987697411,
            588.7656579658837,
            499.4326781459139,
            613.6220335027092,
            121.91800523302537
        ],
        [
            236.211769393483,
            122.20065466273084,
            785.6035896048337,
            432.4453722726144,
            848.0501164435979,
            854.5232588993701,
            541.052677657176,
            4.47213595499958,
            376.2578902827155,
            516.1521093631218,
            367.0490430446591,
            101.63660757817529,
            498.3532883407111,
            391.3719458520245,
            327.7392256047481,
            592.6786650454021,
            612.6018282702069,
            512.7699289154932,
            316.36213427020624,
            569.72010671908,
            753.5787948184318,
            246.84002916869056,
            765.9059994542412,
            244.89997958350259,
            425.6994244769424,
            0,
            254.40322325002094,
            654.2919837503742,
            941.5227028595751,
            73.76313442364011,
            499.8079631218374,
            376.6430671073078
        ],
        [
            487.1108703365179,
            170.5813588877753,
            540.6736538800462,
            305.28675044947494,
            612.2777147667551,
            606.8253455484536,
            502.46691433367033,
            249.9539957672211,
            277.72108310317384,
            415.8701720489221,
            259.8807418798092,
            195.5326059765992,
            490.03775364761435,
            137.05838172107534,
            408.94987467903695,
            388.9125865795552,
            600.5863801319507,
            337.4285109471338,
            315.35694062442957,
            533.4360317788816,
            580.3447251418763,
            70.51950084905593,
            636.8053077668244,
            425.1176307799995,
            191.16746585127922,
            254.40322325002094,
            0,
            491.7977226462116,
            693.6007497112442,
            325.77906623968335,
            467.48796775959914,
            122.41323457861898
        ],
        [
            870.8673837043158,
            637.3233088472443,
            372.44731170999205,
            223.3942702935776,
            349.3780187705002,
            435.83941997024544,
            295.357410606201,
            651.2403550149514,
            747.0287812393844,
            861.450520923866,
            728.357741772544,
            552.8833511691232,
            353.05806887819455,
            447.81469381877145,
            494.3086080577598,
            148.60013458944107,
            374.4769685841841,
            154.3923573238002,
            391.00511505605647,
            304.6850833237492,
            101.11874208078342,
            560.2356646983482,
            1024.286092847111,
            639.2260945862582,
            544.9421987697411,
            654.2919837503742,
            491.7977226462116,
            0,
            497.4022517037896,
            696.5436095464519,
            306.34947364080784,
            437.82416561903017
        ],
        [
            1177.536835941874,
            862.2992520001395,
            158.3729774930054,
            623.7707912366528,
            149.40548852033515,
            87.0,
            785.3184067625054,
            937.2432981888961,
            812.1311470446137,
            853.0193432742309,
            797.659075043969,
            858.6180757473022,
            834.8730442408594,
            564.5786039162306,
            925.9730017662501,
            416.4816922747026,
            871.280666605199,
            516.2092598936986,
            802.7801691621437,
            798.8616901566879,
            454.2708443208743,
            730.6798204412107,
            891.9893497122036,
            1034.735231834695,
            588.7656579658837,
            941.5227028595751,
            693.6007497112442,
            497.4022517037896,
            0,
            1007.4294019930132,
            787.4065023861563,
            574.1262927266091
        ],
        [
            176.49079296099274,
            193.4373283521048,
            850.5645184229119,
            473.15536560415336,
            909.3514172199875,
            920.4960619144441,
            553.4374400056432,
            78.16009211867652,
            441.13149966874965,
            577.200138600122,
            433.31512782269675,
            151.647617851386,
            503.9533708588524,
            462.8185389545237,
            316.89114850370936,
            646.780488264759,
            614.6641359311603,
            561.6137462705128,
            333.9371198294673,
            580.3119850563144,
            797.0771606312653,
            320.60099812695535,
            827.8798221964346,
            201.58620984581262,
            499.4326781459139,
            73.76313442364011,
            325.77906623968335,
            696.5436095464519,
            1007.4294019930132,
            0,
            512.2821488203547,
            447.4472035894291
        ],
        [
            666.3482572949373,
            541.3880308983566,
            644.388857755936,
            204.12006270820123,
            644.7363802361396,
            715.3362845543347,
            41.30375285612676,
            498.56193196031325,
            743.4258537339148,
            883.3555343122042,
            726.116381856242,
            408.3748278236552,
            47.539457296018846,
            510.9089938531128,
            224.3680012836055,
            376.8978641488964,
            133.6899397860587,
            286.6304240655552,
            183.86136081297778,
            70.51950084905593,
            393.0712403623547,
            533.4360317788816,
            1097.402387458675,
            385.7978745405423,
            613.6220335027092,
            499.8079631218374,
            467.48796775959914,
            306.34947364080784,
            787.4065023861563,
            512.2821488203547,
            0,
            492.19914668759833
        ],
        [
            609.3997046274309,
            288.25162618795406,
            423.8171775659877,
            299.1070042643602,
            501.339206525881,
            487.73968466795895,
            520.8397066276725,
            372.2042450053465,
            310.8858311341963,
            425.0423508310672,
            292.3302926485724,
            310.74426784737324,
            524.1068593330943,
            20.39607805437114,
            486.65901820473846,
            311.08841187032345,
            624.8015684999518,
            289.2766841624122,
            375.0,
            550.4334655523772,
            514.1060201942786,
            158.90248582070703,
            611.594636994145,
            530.3772242470449,
            121.91800523302537,
            376.6430671073078,
            122.41323457861898,
            437.82416561903017,
            574.1262927266091,
            447.4472035894291,
            492.19914668759833,
            0
        ]
    ],
    "incompatibilities": [
        [
            0,
            0,
            0,
            1,
            0,
            0,
            0,
            1,
            1,
            0,
            0,
            1,
            1,
            0,
            0
        ],
        [
            0,
            0,
            0,
            0,
            1,
            0,
            0,
            1,
            0,
            1,
            0,
            0,
            0,
            1,
            0
        ],
        [
            0,
            0,
            0,
            0,
            0,
            0,
            1,
            0,
            0,
            1,
            0,
            0,
            1,
            1,
            0
        ],
        [
            1,
            0,
            0,
            0,
            0,
            0,
            1,
            0,
            1,
            0,
            0,
            0,
            0,
            0,
            0
        ],
        [
            0,
            1,
            0,
            0,
            0,
            0,
            0,
            0,
            0,
            1,
            0,
            1,
            0,
            1,
            0
        ],
        [
            0,
            0,
            0,
            0,
            0,
            0,
            0,
            0,
            0,
            0,
            0,
            0,
            0,
            0,
            0
        ],
        [
            0,
            0,
            1,
            1,
            0,
            0,
            0,
            0,
            0,
            0,
            0,
            1,
            0,
            0,
            1
        ],
        [
            1,
            1,
            0,
            0,
            0,
            0,
            0,
            0,
            0,
            1,
            0,
            1,
            0,
            0,
            0
        ],
        [
            1,
            0,
            0,
            1,
            0,
            0,
            0,
            0,
            0,
            0,
            0,
            0,
            1,
            1,
            1
        ],
        [
            0,
            1,
            1,
            0,
            1,
            0,
            0,
            1,
            0,
            0,
            0,
            0,
            0,
            0,
            0
        ],
        [
            0,
            0,
            0,
            0,
            0,
            0,
            0,
            0,
            0,
            0,
            0,
            0,
            0,
            0,
            0
        ],
        [
            1,
            0,
            0,
            0,
            1,
            0,
            1,
            1,
            0,
            0,
            0,
            0,
            1,
            0,
            0
        ],
        [
            1,
            0,
            1,
            0,
            0,
            0,
            0,
            0,
            1,
            0,
            0,
            1,
            0,
            0,
            0
        ],
        [
            0,
            1,
            1,
            0,
            1,
            0,
            0,
            0,
            1,
            0,
            0,
            0,
            0,
            0,
            0
        ],
        [
            0,
            0,
            0,
            0,
            0,
            0,
            1,
            0,
            1,
            0,
            0,
            0,
            0,
            0,
            0
        ]
    ]
}