{
    "depot": [
        129,
        973
    ],
    "final_destination": [
        199,
        890
    ],
    "requests": [
        [
            [
                705,
                535
            ],
            [
                696,
                578
            ]
        ],
        [
            [
                372,
                225
            ],
            [
                143,
                352
            ]
        ],
        [
            [
                950,
                126
            ],
            [
                48,
                429
            ]
        ],
        [
            [
                491,
                674
            ],
            [
                46,
                587
            ]
        ],
        [
            [
                468,
                941
            ],
            [
                445,
                278
            ]
        ],
        [
            [
                186,
                912
            ],
            [
                953,
                443
            ]
        ],
        [
            [
                941,
                822
            ],
            [
                745,
                461
            ]
        ],
        [
            [
                993,
                172
            ],
            [
                845,
                130
            ]
        ],
        [
            [
                487,
                165
            ],
            [
                593,
                542
            ]
        ],
        [
            [
                147,
                675
            ],
            [
                647,
                996
            ]
        ],
        [
            [
                82,
                97
            ],
            [
                898,
                826
            ]
        ],
        [
            [
                248,
                29
            ],
            [
                597,
                640
            ]
        ],
        [
            [
                255,
                450
            ],
            [
                340,
                833
            ]
        ],
        [
            [
                38,
                552
            ],
            [
                415,
                37
            ]
        ],
        [
            [
                44,
                565
            ],
            [
                66,
                32
            ]
        ]
    ],
    "travel_costs": [
        [
            0,
            723.6159202228762,
            786.4814047388534,
            1179.5973889425154,
            469.51570793744486,
            340.50697496527147,
            83.4865258589672,
            825.9206983724284,
            1178.1752840727904,
            883.757885396221,
            298.54312921251426,
            877.2599386726832,
            951.4709664514204,
            537.9637534258234,
            430.7226485802668,
            416.7601228524629,
            691.0238780244862,
            621.1577899374684,
            549.9972727205109,
            394.8227450388339,
            763.4664367213531,
            979.7326165847495,
            800.9993757800314,
            1106.031193050178,
            633.2906125942496,
            518.5103663380318,
            782.9240065293694,
            574.3805358819186,
            253.22124713380592,
            978.7195716853729,
            943.1065687397157,
            108.57716150277646
        ],
        [
            723.6159202228762,
            0,
            454.9604378404786,
            476.76619007643563,
            255.180328395431,
            470.11168885702045,
            641.4748631084464,
            371.5709891797259,
            463.37134136672717,
            429.4461549484406,
            575.2947070849862,
            761.5595840116517,
            681.8247575440481,
            457.9574216016157,
            667.2166065079615,
            661.6804364646123,
            43.93176527297759,
            591.0439915945343,
            665.496055585606,
            661.0484097250367,
            365.58036052282677,
            264.514649877847,
            84.11896337925236,
            428.51487722131657,
            112.21853679316979,
            464.6342647717664,
            349.1847648452034,
            150.6286825275983,
            471.19953310672963,
            576.2846518865482,
            813.2219869137824,
            618.1108314857458
        ],
        [
            786.4814047388534,
            454.9604378404786,
            0,
            586.4170870634655,
            464.5018837421437,
            722.4070874513898,
            711.7337985511156,
            824.7241963226252,
            623.2575711533716,
            129.71121771072848,
            503.1152949374527,
            316.99211346656557,
            231.9310242291876,
            253.60205046489668,
            467.4237905798121,
            472.423538786966,
            479.15028957520207,
            261.8587405453559,
            382.87334720505163,
            487.15500613254505,
            90.2108640907513,
            620.5521734713368,
            441.3898503590675,
            482.44585188391864,
            386.4324002979046,
            818.575592111077,
            798.6720227978441,
            472.06991007688686,
            608.8415228940943,
            192.85486771144772,
            361.7803200838874,
            687.1346301853808
        ],
        [
            1179.5973889425154,
            476.76619007643563,
            586.4170870634655,
            0,
            714.8321481298949,
            946.8627144417505,
            1096.1259051769555,
            696.0581872228786,
            62.96824596572467,
            464.639645316669,
            972.7332625134189,
            868.4843118905488,
            708.6698808330999,
            766.812232557619,
            1006.5882971701986,
            1006.7556803912258,
            518.4785434326092,
            838.0483279620573,
            951.5319227435305,
            1014.7595774369415,
            527.3793700932945,
            317.0141952657641,
            392.7467377331097,
            105.0761628534274,
            548.1833634834242,
            921.2540366261633,
            701.9287713151526,
            623.542300088775,
            933.7820944952844,
            542.3522840368611,
            888.9836893891811,
            1071.3062120607722
        ],
        [
            469.51570793744486,
            255.180328395431,
            464.5018837421437,
            714.8321481298949,
            0,
            267.98880573635904,
            386.87077946001557,
            473.71299327757526,
            709.9352083112938,
            509.0157168496862,
            344.00145348530145,
            707.2552580221655,
            689.256120756283,
            325.37977810552394,
            469.1407038405429,
            460.0978156870558,
            226.3647499059869,
            474.11812874008524,
            506.23512323820444,
            453.4247456855437,
            398.6627647523656,
            516.5317028024515,
            331.48906467634794,
            649.0392900279613,
            166.81726529349413,
            357.7988261579403,
            434.4571325228761,
            111.31936040060596,
            219.27608168699112,
            641.5177316333509,
            769.9279187040823,
            363.2079294288604
        ],
        [
            340.50697496527147,
            470.11168885702045,
            722.4070874513898,
            946.8627144417505,
            267.98880573635904,
            0,
            283.48721311551253,
            487.73968466795895,
            931.1208299678405,
            776.2325682422762,
            416.8896736547933,
            928.0797379535877,
            938.1599010829657,
            535.2102390649866,
            579.8456691223968,
            566.7027439495948,
            428.66420424383466,
            672.715393015501,
            662.2265473385977,
            550.8175741568165,
            663.3988242377281,
            695.1467470973305,
            554.1922049253309,
            894.3433345198027,
            418.1219917679528,
            187.25917868024518,
            445.1123453691214,
            327.47824355214806,
            167.47537132366656,
            905.5523176492896,
            993.9240413633227,
            273.7918917718346
        ],
        [
            83.4865258589672,
            641.4748631084464,
            711.7337985511156,
            1096.1259051769555,
            386.87077946001557,
            283.48721311551253,
            0,
            760.3453162872773,
            1094.919631753856,
            805.3632720704364,
            240.18742681497713,
            821.6087876842604,
            885.1739941954916,
            467.1241804916547,
            389.2351474366106,
            374.9306602559999,
            609.6359569447983,
            561.6484665696152,
            502.3275823603558,
            353.8714455844099,
            684.8627599745806,
            899.0272520897239,
            718.2492603546488,
            1022.6460775850069,
            550.0445436507847,
            468.5904395098133,
            717.1750135078605,
            492.8539337369643,
            173.08090593707902,
            904.4700105586696,
            888.1441324469808,
            25.553864678361276
        ],
        [
            825.9206983724284,
            371.5709891797259,
            824.7241963226252,
            696.0581872228786,
            473.71299327757526,
            487.73968466795895,
            760.3453162872773,
            0,
            652.0766826071915,
            798.6019033285609,
            807.4930340256813,
            1124.0578276939314,
            1053.1372180300154,
            780.3717063041177,
            942.5014588848125,
            933.0905636646423,
            345.77593901253454,
            926.1231019686314,
            975.6526021079429,
            925.3377761660873,
            736.1738925009498,
            379.18992602652304,
            410.77609472801606,
            698.6272253498284,
            446.6587063967297,
            341.6313802916822,
            43.18564576337837,
            389.17862222891944,
            601.1006571282384,
            944.9343892567356,
            1178.8659805083867,
            745.1093879424684
        ],
        [
            1178.1752840727904,
            463.37134136672717,
            623.2575711533716,
            62.96824596572467,
            709.9352083112938,
            931.1208299678405,
            1094.919631753856,
            652.0766826071915,
            0,
            506.0484166559559,
            984.2382841568399,
            914.0820532096667,
            758.6000263643549,
            788.6241183225378,
            1027.825374273276,
            1027.1562685395052,
            503.03578401541176,
            868.8498144098322,
            979.3232357092321,
            1033.9410041196743,
            558.1576838134544,
            273.9361239413305,
            380.8214804865923,
            153.8440769090575,
            544.8853090330111,
            893.6956976510517,
            660.8638286364294,
            613.0579091733505,
            929.1555305760172,
            593.5562315400285,
            937.5121332548182,
            1070.4952125068098
        ],
        [
            883.757885396221,
            429.4461549484406,
            129.71121771072848,
            464.639645316669,
            509.0157168496862,
            776.2325682422762,
            805.3632720704364,
            798.6019033285609,
            506.0484166559559,
            0,
            612.9437168288782,
            410.6689664437769,
            274.98545416076104,
            367.49013592204074,
            592.7647088010553,
            596.8659816072616,
            462.8714724413246,
            391.5418240750278,
            512.2665321880788,
            610.3810285387318,
            120.55289295574786,
            542.6232578870906,
            392.65761166695853,
            359.7068250673039,
            391.61843674679056,
            846.2629614960117,
            778.3585292138836,
            487.5705077217038,
            683.9831869278659,
            146.86047800548656,
            441.50877680970285,
            780.10832581123
        ],
        [
            298.54312921251426,
            575.2947070849862,
            503.1152949374527,
            972.7332625134189,
            344.00145348530145,
            416.8896736547933,
            240.18742681497713,
            807.4930340256813,
            984.2382841568399,
            612.9437168288782,
            0,
            581.6433615197548,
            653.847841626781,
            249.57764322951684,
            164.3471934655411,
            150.6950563223625,
            557.503363218555,
            323.0247668523267,
            265.1735280905694,
            133.9589489358587,
            496.400040290087,
            838.7252231809891,
            635.1377803280167,
            885.5670499741959,
            465.4084227858366,
            594.1725338653748,
            766.0300255211932,
            451.35905884340025,
            249.42533953069002,
            692.002890167375,
            648.0817849623611,
            221.1990054227188
        ],
        [
            877.2599386726832,
            761.5595840116517,
            316.99211346656557,
            868.4843118905488,
            707.2552580221655,
            928.0797379535877,
            821.6087876842604,
            1124.0578276939314,
            914.0820532096667,
            410.6689664437769,
            581.6433615197548,
            0,
            179.38784797192926,
            393.1132152446671,
            457.12252186913736,
            469.54020062184236,
            779.9724354103803,
            262.19458423087235,
            333.73642294481436,
            491.32066921716205,
            405.6229776528938,
            937.207020887061,
            756.3497868050206,
            763.7132969904347,
            677.6031286822694,
            1061.8031832689146,
            1094.210674413296,
            748.3809190512543,
            779.9102512468983,
            338.3622319349487,
            66.94027188471824,
            801.5846804923357
        ],
        [
            951.4709664514204,
            681.8247575440481,
            231.9310242291876,
            708.6698808330999,
            689.256120756283,
            938.1599010829657,
            885.1739941954916,
            1053.1372180300154,
            758.6000263643549,
            274.98545416076104,
            653.847841626781,
            179.38784797192926,
            0,
            421.05819075277464,
            563.5858408441433,
            573.5085003729239,
            708.5936776460824,
            339.63804262773624,
            447.21359549995793,
            593.4374440494971,
            317.5059054568907,
            817.5701804738234,
            658.50816243992,
            605.4832780515083,
            618.2184080080438,
            1046.0831706895967,
            1028.4498043171577,
            703.6490602566025,
            809.2465631684821,
            167.19150696132863,
            182.02472359545007,
            862.3931817912292
        ],
        [
            537.9637534258234,
            457.9574216016157,
            253.60205046489668,
            766.812232557619,
            325.37977810552394,
            535.2102390649866,
            467.1241804916547,
            780.3717063041177,
            788.6241183225378,
            367.49013592204074,
            249.57764322951684,
            393.1132152446671,
            421.05819075277464,
            0,
            239.7769797123986,
            240.30397416605493,
            459.2003919858954,
            148.8220413782851,
            208.06249061279644,
            249.899979991996,
            256.2888994864975,
            698.0350994040343,
            490.1234538358678,
            671.1929677819934,
            350.2970168300039,
            672.145817512837,
            744.8657597178166,
            391.23394535750606,
            392.3187479588504,
            442.9096973424718,
            458.74284735568364,
            443.5493208201316
        ],
        [
            430.7226485802668,
            667.2166065079615,
            467.4237905798121,
            1006.5882971701986,
            469.1407038405429,
            579.8456691223968,
            389.2351474366106,
            942.5014588848125,
            1027.825374273276,
            592.7647088010553,
            164.3471934655411,
            457.12252186913736,
            563.5858408441433,
            239.7769797123986,
            0,
            14.317821063276352,
            658.5134774626864,
            225.88713996153035,
            123.40583454602137,
            35.90264614203249,
            490.6373406091306,
            921.4694786046903,
            712.8323786136541,
            910.6772205342571,
            555.0900827793629,
            753.6690255012475,
            902.5940394219318,
            565.8842637854493,
            412.51060592425983,
            638.2429004697192,
            520.7533005176251,
            374.38616427426905
        ],
        [
            416.7601228524629,
            661.6804364646123,
            472.423538786966,
            1006.7556803912258,
            460.0978156870558,
            566.7027439495948,
            374.9306602559999,
            933.0905636646423,
            1027.1562685395052,
            596.8659816072616,
            150.6950563223625,
            469.54020062184236,
            573.5085003729239,
            240.30397416605493,
            14.317821063276352,
            0,
            652.1295883488189,
            234.8829495727606,
            136.0588108135596,
            22.090722034374522,
            493.12270278298894,
            917.1504783839999,
            708.6727030159974,
            911.4965715788512,
            549.4815738493876,
            741.1949810947184,
            892.9932810497513,
            558.062720489373,
            399.2993864257745,
            645.3100030218035,
            533.4538405523011,
            360.06943774777665
        ],
        [
            691.0238780244862,
            43.93176527297759,
            479.15028957520207,
            518.4785434326092,
            226.3647499059869,
            428.66420424383466,
            609.6359569447983,
            345.77593901253454,
            503.03578401541176,
            462.8714724413246,
            557.503363218555,
            779.9724354103803,
            708.5936776460824,
            459.2003919858954,
            658.5134774626864,
            652.1295883488189,
            0,
            597.3985269483011,
            664.9097683144684,
            650.0623047062488,
            391.15342258505166,
            290.29984498790213,
            126.84636376341263,
            472.12816056659875,
            109.11003620199199,
            420.86221023037933,
            319.85621769789003,
            116.81181447096866,
            437.9052408912229,
            609.6244745743071,
            833.6761961337268,
            586.8159847856907
        ],
        [
            621.1577899374684,
            591.0439915945343,
            261.8587405453559,
            838.0483279620573,
            474.11812874008524,
            672.715393015501,
            561.6484665696152,
            926.1231019686314,
            868.8498144098322,
            391.5418240750278,
            323.0247668523267,
            262.19458423087235,
            339.63804262773624,
            148.8220413782851,
            225.88713996153035,
            234.8829495727606,
            597.3985269483011,
            0,
            122.28654872879517,
            254.23217734976035,
            310.93407661432025,
            815.0956999027784,
            611.7883620991821,
            736.2662561872573,
            488.4669896727925,
            817.7725845245732,
            891.4600383640312,
            537.6430042323624,
            519.7787991059274,
            416.18385360318825,
            329.1337114304762,
            540.9066462893574
        ],
        [
            549.9972727205109,
            665.496055585606,
            382.87334720505163,
            951.5319227435305,
            506.23512323820444,
            662.2265473385977,
            502.3275823603558,
            975.6526021079429,
            979.3232357092321,
            512.2665321880788,
            265.1735280905694,
            333.73642294481436,
            447.21359549995793,
            208.06249061279644,
            123.40583454602137,
            136.0588108135596,
            664.9097683144684,
            122.28654872879517,
            0,
            158.01265772082942,
            424.7469835090062,
            905.1082808150635,
            697.734190075275,
            851.2402716037348,
            556.5914120789146,
            824.7969447082112,
            938.1412473609718,
            588.1513410679261,
            498.4776825495802,
            536.9851022142047,
            397.40785095415515,
            485.0999896928467
        ],
        [
            394.8227450388339,
            661.0484097250367,
            487.15500613254505,
            1014.7595774369415,
            453.4247456855437,
            550.8175741568165,
            353.8714455844099,
            925.3377761660873,
            1033.9410041196743,
            610.3810285387318,
            133.9589489358587,
            491.32066921716205,
            593.4374440494971,
            249.899979991996,
            35.90264614203249,
            22.090722034374522,
            650.0623047062488,
            254.23217734976035,
            158.01265772082942,
            0,
            504.66028177378894,
            918.3599512173863,
            710.2654433379115,
            920.4618405995981,
            548.847884208366,
            726.9676746596095,
            884.8869984353935,
            553.5431329173907,
            383.3431882791189,
            662.3148797966115,
            555.3602434456395,
            339.4377704381173
        ],
        [
            763.4664367213531,
            365.58036052282677,
            90.2108640907513,
            527.3793700932945,
            398.6627647523656,
            663.3988242377281,
            684.8627599745806,
            736.1738925009498,
            558.1576838134544,
            120.55289295574786,
            496.400040290087,
            405.6229776528938,
            317.5059054568907,
            256.2888994864975,
            490.6373406091306,
            493.12270278298894,
            391.15342258505166,
            310.93407661432025,
            424.7469835090062,
            504.66028177378894,
            0,
            534.1245173178254,
            351.41001693178873,
            426.5020515777151,
            302.6549190084311,
            745.8739839946155,
            710.9943740986985,
            392.61686158391103,
            564.8451115128819,
            242.86004199950227,
            451.83736011976697,
            659.5907822278901
        ],
        [
            979.7326165847495,
            264.514649877847,
            620.5521734713368,
            317.0141952657641,
            516.5317028024515,
            695.1467470973305,
            899.0272520897239,
            379.18992602652304,
            273.9361239413305,
            542.6232578870906,
            838.7252231809891,
            937.207020887061,
            817.5701804738234,
            698.0350994040343,
            921.4694786046903,
            917.1504783839999,
            290.29984498790213,
            815.0956999027784,
            905.1082808150635,
            918.3599512173863,
            534.1245173178254,
            0,
            208.77739341221792,
            331.10874346655356,
            373.3644332284477,
            632.0166137056842,
            386.9289340434494,
            406.8722158122867,
            726.5459379832772,
            674.0029673525185,
            977.593985251546,
            876.5414993027997
        ],
        [
            800.9993757800314,
            84.11896337925236,
            441.3898503590675,
            392.7467377331097,
            331.48906467634794,
            554.1922049253309,
            718.2492603546488,
            410.77609472801606,
            380.8214804865923,
            392.65761166695853,
            635.1377803280167,
            756.3497868050206,
            658.50816243992,
            490.1234538358678,
            712.8323786136541,
            708.6727030159974,
            126.84636376341263,
            611.7883620991821,
            697.734190075275,
            710.2654433379115,
            351.41001693178873,
            208.77739341221792,
            0,
            345.77593901253454,
            172.2353041626484,
            543.9016455205848,
            395.7701353058363,
            232.2606294661237,
            549.9172665046989,
            537.2857712614395,
            803.1699695581253,
            694.3752587758294
        ],
        [
            1106.031193050178,
            428.51487722131657,
            482.44585188391864,
            105.0761628534274,
            649.0392900279613,
            894.3433345198027,
            1022.6460775850069,
            698.6272253498284,
            153.8440769090575,
            359.7068250673039,
            885.5670499741959,
            763.7132969904347,
            605.4832780515083,
            671.1929677819934,
            910.6772205342571,
            911.4965715788512,
            472.12816056659875,
            736.2662561872573,
            851.2402716037348,
            920.4618405995981,
            426.5020515777151,
            331.10874346655356,
            345.77593901253454,
            0,
            482.95755507083646,
            888.3467791352654,
            698.0150428178464,
            567.1014018674261,
            865.5830404992926,
            439.9420416373047,
            785.1401148839614,
            997.4547608789081
        ],
        [
            633.2906125942496,
            112.21853679316979,
            386.4324002979046,
            548.1833634834242,
            166.81726529349413,
            418.1219917679528,
            550.0445436507847,
            446.6587063967297,
            544.8853090330111,
            391.61843674679056,
            465.4084227858366,
            677.6031286822694,
            618.2184080080438,
            350.2970168300039,
            555.0900827793629,
            549.4815738493876,
            109.11003620199199,
            488.4669896727925,
            556.5914120789146,
            548.847884208366,
            302.6549190084311,
            373.3644332284477,
            172.2353041626484,
            482.95755507083646,
            0,
            457.20017497809425,
            416.75052489469044,
            98.08159868191383,
            385.6034232213195,
            535.4521453874286,
            733.3682567441817,
            525.6805113374472
        ],
        [
            518.5103663380318,
            464.6342647717664,
            818.575592111077,
            921.2540366261633,
            357.7988261579403,
            187.25917868024518,
            468.5904395098133,
            341.6313802916822,
            893.6956976510517,
            846.2629614960117,
            594.1725338653748,
            1061.8031832689146,
            1046.0831706895967,
            672.145817512837,
            753.6690255012475,
            741.1949810947184,
            420.86221023037933,
            817.7725845245732,
            824.7969447082112,
            726.9676746596095,
            745.8739839946155,
            632.0166137056842,
            543.9016455205848,
            888.3467791352654,
            457.20017497809425,
            0,
            303.15177716780744,
            359.49408896392157,
            347.58883756530497,
            986.6635698149597,
            1125.5474223683336,
            460.3694168817038
        ],
        [
            782.9240065293694,
            349.1847648452034,
            798.6720227978441,
            701.9287713151526,
            434.4571325228761,
            445.1123453691214,
            717.1750135078605,
            43.18564576337837,
            660.8638286364294,
            778.3585292138836,
            766.0300255211932,
            1094.210674413296,
            1028.4498043171577,
            744.8657597178166,
            902.5940394219318,
            892.9932810497513,
            319.85621769789003,
            891.4600383640312,
            938.1412473609718,
            884.8869984353935,
            710.9943740986985,
            386.9289340434494,
            395.7701353058363,
            698.0150428178464,
            416.75052489469044,
            303.15177716780744,
            0,
            353.83188098304544,
            558.0439050827454,
            925.0999945951789,
            1150.0695631134668,
            701.9237850365238
        ],
        [
            574.3805358819186,
            150.6286825275983,
            472.06991007688686,
            623.542300088775,
            111.31936040060596,
            327.47824355214806,
            492.8539337369643,
            389.17862222891944,
            613.0579091733505,
            487.5705077217038,
            451.35905884340025,
            748.3809190512543,
            703.6490602566025,
            391.23394535750606,
            565.8842637854493,
            558.062720489373,
            116.81181447096866,
            537.6430042323624,
            588.1513410679261,
            553.5431329173907,
            392.61686158391103,
            406.8722158122867,
            232.2606294661237,
            567.1014018674261,
            98.08159868191383,
            359.49408896392157,
            353.83188098304544,
            0,
            321.4000622277476,
            629.8674463726475,
            807.2329279706075,
            470.0042552998856
        ],
        [
            253.22124713380592,
            471.19953310672963,
            608.8415228940943,
            933.7820944952844,
            219.27608168699112,
            167.47537132366656,
            173.08090593707902,
            601.1006571282384,
            929.1555305760172,
            683.9831869278659,
            249.42533953069002,
            779.9102512468983,
            809.2465631684821,
            392.3187479588504,
            412.51060592425983,
            399.2993864257745,
            437.9052408912229,
            519.7787991059274,
            498.4776825495802,
            383.3431882791189,
            564.8451115128819,
            726.5459379832772,
            549.9172665046989,
            865.5830404992926,
            385.6034232213195,
            347.58883756530497,
            558.0439050827454,
            321.4000622277476,
            0,
            799.5254842717646,
            846.56777637706,
            152.0855022676389
        ],
        [
            978.7195716853729,
            576.2846518865482,
            192.85486771144772,
            542.3522840368611,
            641.5177316333509,
            905.5523176492896,
            904.4700105586696,
            944.9343892567356,
            593.5562315400285,
            146.86047800548656,
            692.002890167375,
            338.3622319349487,
            167.19150696132863,
            442.9096973424718,
            638.2429004697192,
            645.3100030218035,
            609.6244745743071,
            416.18385360318825,
            536.9851022142047,
            662.3148797966115,
            242.86004199950227,
            674.0029673525185,
            537.2857712614395,
            439.9420416373047,
            535.4521453874286,
            986.6635698149597,
            925.0999945951789,
            629.8674463726475,
            799.5254842717646,
            0,
            349.0358147812342,
            879.9232921113068
        ],
        [
            943.1065687397157,
            813.2219869137824,
            361.7803200838874,
            888.9836893891811,
            769.9279187040823,
            993.9240413633227,
            888.1441324469808,
            1178.8659805083867,
            937.5121332548182,
            441.50877680970285,
            648.0817849623611,
            66.94027188471824,
            182.02472359545007,
            458.74284735568364,
            520.7533005176251,
            533.4538405523011,
            833.6761961337268,
            329.1337114304762,
            397.40785095415515,
            555.3602434456395,
            451.83736011976697,
            977.593985251546,
            803.1699695581253,
            785.1401148839614,
            733.3682567441817,
            1125.5474223683336,
            1150.0695631134668,
            807.2329279706075,
            846.56777637706,
            349.0358147812342,
            0,
            868.2470846481432
        ],
        [
            108.57716150277646,
            618.1108314857458,
            687.1346301853808,
            1071.3062120607722,
            363.2079294288604,
            273.7918917718346,
            25.553864678361276,
            745.1093879424684,
            1070.4952125068098,
            780.10832581123,
            221.1990054227188,
            801.5846804923357,
            862.3931817912292,
            443.5493208201316,
            374.38616427426905,
            360.06943774777665,
            586.8159847856907,
            540.9066462893574,
            485.0999896928467,
            339.4377704381173,
            659.5907822278901,
            876.5414993027997,
            694.3752587758294,
            997.4547608789081,
            525.6805113374472,
            460.3694168817038,
            701.9237850365238,
            470.0042552998856,
            152.0855022676389,
            879.9232921113068,
            868.2470846481432,
            0
        ]
    ],
    "incompatibilities": [
        [
            0,
            0,
            1,
            1,
            0,
            1,
            1,
            1,
            1,
            0,
            1,
            0,
            1,
            0,
            1
        ],
        [
            0,
            0,
            1,
            1,
            0,
            1,
            1,
            0,
            0,
            1,
            1,
            0,
            1,
            1,
            1
        ],
        [
            1,
            1,
            0,
            1,
            1,
            1,
            1,
            0,
            0,
            1,
            1,
            1,
            1,
            1,
            1
        ],
        [
            1,
            1,
            1,
            0,
            1,
            1,
            1,
            1,
            1,
            1,
            1,
            0,
            1,
            0,
            0
        ],
        [
            0,
            0,
            1,
            1,
            0,
            1,
            1,
            1,
            0,
            1,
            1,
            0,
            1,
            0,
            0
        ],
        [
            1,
            1,
            1,
            1,
            1,
            0,
            1,
            1,
            1,
            0,
            1,
            0,
            1,
            1,
            1
        ],
        [
            1,
            1,
            1,
            1,
            1,
            1,
            0,
            1,
            1,
            1,
            0,
            1,
            1,
            1,
            0
        ],
        [
            1,
            0,
            0,
            1,
            1,
            1,
            1,
            0,
            1,
            1,
            1,
            1,
            1,
            1,
            1
        ],
        [
            1,
            0,
            0,
            1,
            0,
            1,
            1,
            1,
            0,
            0,
            1,
            1,
            1,
            1,
            0
        ],
        [
            0,
            1,
            1,
            1,
            1,
            0,
            1,
            1,
            0,
            0,
            1,
            1,
            1,
            1,
            1
        ],
        [
            1,
            1,
            1,
            1,
            1,
            1,
            0,
            1,
            1,
            1,
            0,
            0,
            1,
            1,
            0
        ],
        [
            0,
            0,
            1,
            0,
            0,
            0,
            1,
            1,
            1,
            1,
            0,
            0,
            1,
            1,
            1
        ],
        [
            1,
            1,
            1,
            1,
            1,
            1,
            1,
            1,
            1,
            1,
            1,
            1,
            0,
            1,
            1
        ],
        [
            0,
            1,
            1,
            0,
            0,
            1,
            1,
            1,
            1,
            1,
            1,
            1,
            1,
            0,
            1
        ],
        [
            1,
            1,
            1,
            0,
            0,
            1,
            0,
            1,
            0,
            1,
            0,
            1,
            1,
            1,
            0
        ]
    ]
}