{
    "depot": {
        "x": 433,
        "y": 602,
        "node_type": "depot",
        "id": 0
    },
    "final_destination": {
        "x": 147,
        "y": 309,
        "node_type": "final",
        "id": 16
    },
    "pickup_nodes": [
        {
            "x": 368,
            "y": 28,
            "node_type": "pickup",
            "id": 1
        },
        {
            "x": 359,
            "y": 63,
            "node_type": "pickup",
            "id": 2
        },
        {
            "x": 637,
            "y": 167,
            "node_type": "pickup",
            "id": 3
        },
        {
            "x": 979,
            "y": 322,
            "node_type": "pickup",
            "id": 4
        },
        {
            "x": 542,
            "y": 246,
            "node_type": "pickup",
            "id": 5
        },
        {
            "x": 590,
            "y": 939,
            "node_type": "pickup",
            "id": 6
        },
        {
            "x": 946,
            "y": 983,
            "node_type": "pickup",
            "id": 7
        },
        {
            "x": 762,
            "y": 571,
            "node_type": "pickup",
            "id": 8
        },
        {
            "x": 830,
            "y": 659,
            "node_type": "pickup",
            "id": 9
        },
        {
            "x": 754,
            "y": 960,
            "node_type": "pickup",
            "id": 10
        },
        {
            "x": 680,
            "y": 710,
            "node_type": "pickup",
            "id": 11
        },
        {
            "x": 690,
            "y": 386,
            "node_type": "pickup",
            "id": 12
        },
        {
            "x": 933,
            "y": 283,
            "node_type": "pickup",
            "id": 13
        },
        {
            "x": 631,
            "y": 4,
            "node_type": "pickup",
            "id": 14
        },
        {
            "x": 447,
            "y": 151,
            "node_type": "pickup",
            "id": 15
        }
    ],
    "delivery_nodes": [
        {
            "x": 547,
            "y": 881,
            "node_type": "delivery",
            "id": 1
        },
        {
            "x": 47,
            "y": 771,
            "node_type": "delivery",
            "id": 2
        },
        {
            "x": 230,
            "y": 590,
            "node_type": "delivery",
            "id": 3
        },
        {
            "x": 386,
            "y": 467,
            "node_type": "delivery",
            "id": 4
        },
        {
            "x": 813,
            "y": 663,
            "node_type": "delivery",
            "id": 5
        },
        {
            "x": 982,
            "y": 236,
            "node_type": "delivery",
            "id": 6
        },
        {
            "x": 393,
            "y": 191,
            "node_type": "delivery",
            "id": 7
        },
        {
            "x": 556,
            "y": 638,
            "node_type": "delivery",
            "id": 8
        },
        {
            "x": 510,
            "y": 38,
            "node_type": "delivery",
            "id": 9
        },
        {
            "x": 803,
            "y": 818,
            "node_type": "delivery",
            "id": 10
        },
        {
            "x": 915,
            "y": 441,
            "node_type": "delivery",
            "id": 11
        },
        {
            "x": 945,
            "y": 894,
            "node_type": "delivery",
            "id": 12
        },
        {
            "x": 305,
            "y": 489,
            "node_type": "delivery",
            "id": 13
        },
        {
            "x": 662,
            "y": 442,
            "node_type": "delivery",
            "id": 14
        },
        {
            "x": 955,
            "y": 520,
            "node_type": "delivery",
            "id": 15
        }
    ],
    "travel_costs": [
        [
            0,
            577.6685901102811,
            544.056063287599,
            480.45915539200627,
            613.6089960227115,
            372.31304033031125,
            371.77681476929143,
            639.0070422147161,
            330.45725896097366,
            401.07106602197075,
            480.8378104933097,
            269.57930187608986,
            335.7156534926544,
            593.0944275577035,
            629.9269798952892,
            451.2172425783394,
            301.3917716195981,
            421.37512978342704,
            203.35437049643164,
            142.9475428260311,
            384.8649113650138,
            659.81588340991,
            412.9418845309834,
            128.16005617976296,
            569.2319386682374,
            428.43435903297956,
            508.17811837976643,
            589.4132675805661,
            170.74249617479535,
            279.3581930067561,
            528.4013626023309,
            409.44474596702304
        ],
        [
            577.6685901102811,
            0,
            36.1386219991853,
            302.79035651750866,
            678.0538326711235,
            278.9265136196271,
            937.6593197958414,
            1116.2925243859693,
            670.8837455178058,
            782.0517885664606,
            1008.7715301295929,
            749.9786663632506,
            481.50597088717393,
            619.8790204547981,
            264.09278672466615,
            146.18481453283718,
            871.5790268243035,
            809.3763030877542,
            578.6950837876541,
            439.3688655332783,
            775.4031209635411,
            648.2746331609775,
            164.90603384958357,
            638.3134026479469,
            142.35167719419394,
            901.845330419801,
            685.4035307758488,
            1040.61760507883,
            465.2848589842571,
            507.7716021992565,
            765.9197085856977,
            357.49405589464
        ],
        [
            544.056063287599,
            36.1386219991853,
            0,
            296.8164415931166,
            671.9233587247878,
            258.80108191427644,
            905.9453625909235,
            1091.315261507874,
            648.4388945768136,
            759.64267915909,
            980.1193804838265,
            722.2534181296755,
            462.4824320987771,
            614.7161946784875,
            278.3253491868823,
            124.45079348883237,
            839.3259200096229,
            773.6976153511138,
            542.5587525789258,
            404.90122252223443,
            752.4068048602431,
            646.5740483502257,
            132.43866504914644,
            607.8108258331698,
            153.05554547287724,
            875.8772745082498,
            672.3243264972643,
            1016.8367617272696,
            429.40889604198935,
            485.2319033204639,
            751.0426086448092,
            324.7460546334628
        ],
        [
            480.45915539200627,
            302.79035651750866,
            296.8164415931166,
            0,
            375.4850196745537,
            123.5556554755791,
            773.4293762199624,
            872.5462738445452,
            422.8959682948041,
            528.500709554869,
            801.5846804923357,
            544.6999173857107,
            225.32199182503246,
            317.91822848021786,
            163.11039206623224,
            190.6724940834414,
            719.6499148891772,
            844.3435319820954,
            587.0076660487492,
            391.15342258505166,
            526.3002945087529,
            351.8323464379022,
            245.17748673155126,
            477.9142182442368,
            181.02486017119307,
            671.8310799598363,
            390.3331910048132,
            789.5524048472021,
            462.50189188802244,
            276.13402542968157,
            475.1136706094659,
            510.1607589770111
        ],
        [
            613.6089960227115,
            678.0538326711235,
            671.9233587247878,
            375.4850196745537,
            0,
            443.55946613729253,
            729.3901562264191,
            661.8232392414155,
            330.2877533303346,
            368.4698088039236,
            676.5123797832528,
            489.84181120030985,
            296.00168918436935,
            60.307545133258415,
            471.4106490099688,
            558.8067644544043,
            706.4736371585283,
            1034.5167954170681,
            795.5029855380808,
            610.4703104983894,
            379.25848705071854,
            86.05230967266365,
            600.4639872631831,
            528.0009469688478,
            548.285509565956,
            526.3002945087529,
            135.11846653955186,
            573.0095985234453,
            694.3810193258454,
            338.9527990738533,
            199.44924166313592,
            832.1015563018734
        ],
        [
            372.31304033031125,
            278.9265136196271,
            258.80108191427644,
            123.5556554755791,
            443.55946613729253,
            0,
            694.6603486596885,
            840.4671320164757,
            392.46018906380806,
            503.50074478594365,
            744.8087002714187,
            484.08676908174215,
            203.7253052519495,
            392.7467377331096,
            257.84685377176896,
            134.35028842544403,
            635.0196847342609,
            721.5608082483416,
            464.41360875839973,
            270.51247660690257,
            497.32283277565284,
            440.1136216933078,
            158.826949854236,
            392.24992033141314,
            210.44714300745446,
            628.7328526488815,
            420.89666190170715,
            763.0943585166908,
            339.4377704381173,
            229.81731875557162,
            495.6258669601497,
            399.99249992968623
        ],
        [
            371.77681476929143,
            937.6593197958414,
            905.9453625909235,
            773.4293762199624,
            729.3901562264191,
            694.6603486596885,
            0,
            358.7087955431258,
            406.2117674317178,
            368.78177829171545,
            165.33904560024533,
            246.05080776132394,
            561.9688603472616,
            740.2600894280333,
            935.8984987700321,
            800.870151772433,
            72.20110802473879,
            568.3951090570714,
            501.3990426795807,
            514.1984052872976,
            354.8309456628607,
            804.9055845252907,
            773.506948902206,
            302.914179265349,
            904.5446368200963,
            244.96938584239462,
            594.6671337815803,
            357.8407467016578,
            532.6584271369412,
            502.1882117294272,
            555.6851626595766,
            770.1616713392066
        ],
        [
            639.0070422147161,
            1116.2925243859693,
            1091.315261507874,
            872.5462738445452,
            661.8232392414155,
            840.4671320164757,
            358.7087955431258,
            0,
            451.22056690713913,
            344.13950659579905,
            193.37269714207326,
            381.1626949217355,
            649.5729366283665,
            700.1207038789811,
            1028.4288988549476,
            970.1675113092584,
            411.83127613137884,
            923.6584866713455,
            816.7649600711334,
            761.482764085964,
            346.5385981387932,
            747.8669667795202,
            965.9570383821425,
            520.6966487312934,
            1040.7309931005225,
            218.3437656540713,
            542.8858075138822,
            89.00561780022652,
            809.2694236161404,
            611.0130931494022,
            463.08746474073337,
            1045.3119151717347
        ],
        [
            330.45725896097366,
            670.8837455178058,
            648.4388945768136,
            422.8959682948041,
            330.2877533303346,
            392.46018906380806,
            406.2117674317178,
            451.22056690713913,
            0,
            111.21151019566275,
            389.0822535146007,
            161.38463371709216,
            198.5170017907786,
            334.94029318671113,
            581.936422644261,
            525.0,
            377.25985739275256,
            742.445284179245,
            532.3391775926322,
            390.1179308875715,
            105.19030373565808,
            400.78048854703496,
            529.68009213109,
            216.62179022434466,
            589.5701824210583,
            250.3797116381437,
            200.7710138441304,
            371.23846783435573,
            464.29839543121403,
            163.22070947033652,
            199.6246477767713,
            668.482610095431
        ],
        [
            401.07106602197075,
            782.0517885664606,
            759.64267915909,
            528.500709554869,
            368.4698088039236,
            503.50074478594365,
            368.78177829171545,
            344.13950659579905,
            111.21151019566275,
            0,
            310.446452709642,
            158.43295111813072,
            306.80449801135575,
            389.85253622363416,
            684.5626340956684,
            636.2020119427476,
            359.6845840455218,
            790.9696580779822,
            603.9544684825173,
            483.735464897913,
            17.46424919657298,
            449.4808116037881,
            640.3069576382877,
            274.8035662068453,
            698.5993129111995,
            161.27616066858735,
            233.9850422569785,
            261.62950903902254,
            551.837838499681,
            274.4321409747772,
            186.93849255838137,
            767.4561876745798
        ],
        [
            480.8378104933097,
            1008.7715301295929,
            980.1193804838265,
            801.5846804923357,
            676.5123797832528,
            744.8087002714187,
            165.33904560024533,
            193.37269714207326,
            389.0822535146007,
            310.446452709642,
            0,
            260.72207424765554,
            577.556923601475,
            700.2642358424426,
            963.8801792754119,
            865.291858276732,
            221.56263222845138,
            731.8264821663671,
            641.4639506628569,
            615.201592975831,
            302.8035666896941,
            759.0520403766793,
            849.5186872576729,
            378.0052909682615,
            953.7400065007234,
            150.2165104108067,
            543.3985645914055,
            202.08166665979374,
            650.7242119362088,
            526.1064531062132,
            483.736498519597,
            890.0842656737619
        ],
        [
            269.57930187608986,
            749.9786663632506,
            722.2534181296755,
            544.6999173857107,
            489.84181120030985,
            484.08676908174215,
            246.05080776132394,
            381.1626949217355,
            161.38463371709216,
            158.43295111813072,
            260.72207424765554,
            0,
            324.154284253656,
            496.3244906308775,
            707.698382080954,
            605.6153895006302,
            216.63333076883623,
            635.9323863430766,
            465.7252408878007,
            381.4249598544909,
            141.06027080648897,
            562.032027557149,
            593.068292863478,
            143.3875866314794,
            693.1695319328454,
            163.68567438844488,
            357.19182521440774,
            322.61587065735,
            435.27692334880334,
            268.6037974415105,
            334.2528982671654,
            667.0007496247662
        ],
        [
            335.7156534926544,
            481.50597088717393,
            462.4824320987771,
            225.32199182503246,
            296.00168918436935,
            203.7253052519495,
            561.9688603472616,
            649.5729366283665,
            198.5170017907786,
            306.80449801135575,
            577.556923601475,
            324.154284253656,
            0,
            263.928020490436,
            386.5294296686864,
            338.04437578519185,
            515.2416908597362,
            749.4491310289178,
            503.20572333788095,
            314.60610292872576,
            303.08084729985825,
            328.27427556846425,
            355.2942442539704,
            285.41198292993937,
            391.7958652155482,
            446.5344331627741,
            231.62469643800938,
            568.4091835992799,
            398.5398348973412,
            62.609903369994115,
            296.952858211535,
            548.4323112290158
        ],
        [
            593.0944275577035,
            619.8790204547981,
            614.7161946784875,
            317.91822848021786,
            60.307545133258415,
            392.7467377331096,
            740.2600894280333,
            700.1207038789811,
            334.94029318671113,
            389.85253622363416,
            700.2642358424426,
            496.3244906308775,
            263.928020490436,
            0,
            411.1508239077237,
            503.6069896258391,
            711.7583859709698,
            1011.5038309368878,
            767.1101615804604,
            577.1178389202677,
            398.4971769034255,
            67.89698078707181,
            547.7809781290329,
            517.8358813369348,
            488.8292135296335,
            550.567888638631,
            159.02201105507376,
            611.1178282459119,
            660.9235961894537,
            314.2005728829915,
            238.01890681204299,
            786.4299078748213
        ],
        [
            629.9269798952892,
            264.09278672466615,
            278.3253491868823,
            163.11039206623224,
            471.4106490099688,
            257.84685377176896,
            935.8984987700321,
            1028.4288988549476,
            581.936422644261,
            684.5626340956684,
            963.8801792754119,
            707.698382080954,
            386.5294296686864,
            411.1508239077237,
            0,
            235.51008470976353,
            881.0136207800648,
            964.0254146027479,
            710.0683065733887,
            523.8263070904324,
            683.6702421489471,
            420.7433897282285,
            302.6763948510025,
            638.4207076842041,
            125.68611697399201,
            831.9735572721047,
            521.1765535785354,
            943.7669203781197,
            584.3808689544859,
            439.09566155907305,
            609.288109189733,
            572.0847839262988
        ],
        [
            451.2172425783394,
            146.18481453283718,
            124.45079348883237,
            190.6724940834414,
            558.8067644544043,
            134.35028842544403,
            800.870151772433,
            970.1675113092584,
            525.0,
            636.2020119427476,
            865.291858276732,
            605.6153895006302,
            338.04437578519185,
            503.6069896258391,
            235.51008470976353,
            0,
            736.8174807915459,
            737.8346698278687,
            489.7039922238739,
            321.8338080438412,
            629.3647591023825,
            541.7102546564906,
            67.20119046564577,
            499.04909578116656,
            129.37542270462347,
            756.0588601425155,
            550.5669804846636,
            894.456818409922,
            366.6169663286193,
            361.80934205738805,
            627.873394881484,
            339.0634158973804
        ],
        [
            301.3917716195981,
            871.5790268243035,
            839.3259200096229,
            719.6499148891772,
            706.4736371585283,
            635.0196847342609,
            72.20110802473879,
            411.83127613137884,
            377.25985739275256,
            359.6845840455218,
            221.56263222845138,
            216.63333076883623,
            515.2416908597362,
            711.7583859709698,
            881.0136207800648,
            736.8174807915459,
            0,
            511.95702944680824,
            430.31383895942736,
            444.20378206404325,
            343.91859501922835,
            777.9781487933964,
            706.9766615667027,
            243.16660954991332,
            843.8115903446693,
            263.6380093992518,
            573.6061366477873,
            398.2122549595881,
            460.68210297340613,
            453.81273670975787,
            544.7797720180147,
            697.9856732054031
        ],
        [
            421.37512978342704,
            809.3763030877542,
            773.6976153511138,
            844.3435319820954,
            1034.5167954170681,
            721.5608082483416,
            568.3951090570714,
            923.6584866713455,
            742.445284179245,
            790.9696580779822,
            731.8264821663671,
            635.9323863430766,
            749.4491310289178,
            1011.5038309368878,
            964.0254146027479,
            737.8346698278687,
            511.95702944680824,
            0,
            257.390753524675,
            455.34272806315903,
            773.5761113167856,
            1077.241848425877,
            675.363605770995,
            526.089346024038,
            866.9821220763437,
            757.4595698781552,
            928.6140210011908,
            906.3845762147544,
            382.21459940719166,
            697.4711463566074,
            942.0536078164553,
            472.69863549623244
        ],
        [
            203.35437049643164,
            578.6950837876541,
            542.5587525789258,
            587.0076660487492,
            795.5029855380808,
            464.41360875839973,
            501.3990426795807,
            816.7649600711334,
            532.3391775926322,
            603.9544684825173,
            641.4639506628569,
            465.7252408878007,
            503.20572333788095,
            767.1101615804604,
            710.0683065733887,
            489.7039922238739,
            430.31383895942736,
            257.390753524675,
            0,
            198.65799757371963,
            587.5525508411993,
            831.155821732604,
            431.010440708807,
            329.51479481200846,
            618.9539562843104,
            616.6952245639657,
            701.0178314422537,
            776.9433698796844,
            125.80143083447024,
            456.6486614455363,
            728.3714711601492,
            293.00170647967224
        ],
        [
            142.9475428260311,
            439.3688655332783,
            404.90122252223443,
            391.15342258505166,
            610.4703104983894,
            270.51247660690257,
            514.1984052872976,
            761.482764085964,
            390.1179308875715,
            483.735464897913,
            615.201592975831,
            381.4249598544909,
            314.60610292872576,
            577.1178389202677,
            523.8263070904324,
            321.8338080438412,
            444.20378206404325,
            455.34272806315903,
            198.65799757371963,
            0,
            469.83507744739535,
            639.2002816019404,
            276.08875384557047,
            241.12444919584573,
            446.56130598160877,
            545.0596297654047,
            529.6385559983337,
            703.4273238935206,
            83.93449827097318,
            277.1299334247385,
            571.4630346750348,
            286.50479926172267
        ],
        [
            384.8649113650138,
            775.4031209635411,
            752.4068048602431,
            526.3002945087529,
            379.25848705071854,
            497.32283277565284,
            354.8309456628607,
            346.5385981387932,
            105.19030373565808,
            17.46424919657298,
            302.8035666896941,
            141.06027080648897,
            303.08084729985825,
            398.4971769034255,
            683.6702421489471,
            629.3647591023825,
            343.91859501922835,
            773.5761113167856,
            587.5525508411993,
            469.83507744739535,
            0,
            459.22761241022954,
            631.8100980516218,
            258.2130902955929,
            694.5746900082092,
            155.32224567009067,
            244.31127685802795,
            266.05450569385215,
            536.9729974589039,
            267.6602323842673,
            201.52667317256046,
            754.2360373251864
        ],
        [
            659.81588340991,
            648.2746331609775,
            646.5740483502257,
            351.8323464379022,
            86.05230967266365,
            440.1136216933078,
            804.9055845252907,
            747.8669667795202,
            400.78048854703496,
            449.4808116037881,
            759.0520403766793,
            562.032027557149,
            328.27427556846425,
            67.89698078707181,
            420.7433897282285,
            541.7102546564906,
            777.9781487933964,
            1077.241848425877,
            831.155821732604,
            639.2002816019404,
            459.22761241022954,
            0,
            590.7165140742215,
            585.7303133695574,
            511.84763357858753,
            608.9047544567212,
            215.67104580819372,
            659.039452536796,
            722.7295483097394,
            380.57325181888444,
            285.2805636562014,
            838.1849437922397
        ],
        [
            412.9418845309834,
            164.90603384958357,
            132.43866504914644,
            245.17748673155126,
            600.4639872631831,
            158.826949854236,
            773.506948902206,
            965.9570383821425,
            529.68009213109,
            640.3069576382877,
            849.5186872576729,
            593.068292863478,
            355.2942442539704,
            547.7809781290329,
            302.6763948510025,
            67.20119046564577,
            706.9766615667027,
            675.363605770995,
            431.010440708807,
            276.08875384557047,
            631.8100980516218,
            590.7165140742215,
            0,
            475.79197134882384,
            192.60841103129425,
            749.1521874759494,
            578.7780230796606,
            893.8193329750704,
            310.7217404688639,
            367.91575122573914,
            651.2180894293401,
            272.8369476445593
        ],
        [
            128.16005617976296,
            638.3134026479469,
            607.8108258331698,
            477.9142182442368,
            528.0009469688478,
            392.24992033141314,
            302.914179265349,
            520.6966487312934,
            216.62179022434466,
            274.8035662068453,
            378.0052909682615,
            143.3875866314794,
            285.41198292993937,
            517.8358813369348,
            638.4207076842041,
            499.04909578116656,
            243.16660954991332,
            526.089346024038,
            329.51479481200846,
            241.12444919584573,
            258.2130902955929,
            585.7303133695574,
            475.79197134882384,
            0,
            601.7607498001178,
            305.62885989382613,
            409.49969474958095,
            465.6790740413402,
            291.8938163099725,
            222.8272873774664,
            416.08292442733097,
            524.9018955957389
        ],
        [
            569.2319386682374,
            142.35167719419394,
            153.05554547287724,
            181.02486017119307,
            548.285509565956,
            210.44714300745446,
            904.5446368200963,
            1040.7309931005225,
            589.5701824210583,
            698.5993129111995,
            953.7400065007234,
            693.1695319328454,
            391.7958652155482,
            488.8292135296335,
            125.68611697399201,
            129.37542270462347,
            843.8115903446693,
            866.9821220763437,
            618.9539562843104,
            446.56130598160877,
            694.5746900082092,
            511.84763357858753,
            192.60841103129425,
            601.7607498001178,
            0,
            833.2160584146227,
            571.3440294603594,
            960.1880024245253,
            495.4048849173774,
            431.6480047446067,
            656.0099084617549,
            453.0011037514147
        ],
        [
            428.43435903297956,
            901.845330419801,
            875.8772745082498,
            671.8310799598363,
            526.3002945087529,
            628.7328526488815,
            244.96938584239462,
            218.3437656540713,
            250.3797116381437,
            161.27616066858735,
            150.2165104108067,
            163.68567438844488,
            446.5344331627741,
            550.567888638631,
            831.9735572721047,
            756.0588601425155,
            263.6380093992518,
            757.4595698781552,
            616.6952245639657,
            545.0596297654047,
            155.32224567009067,
            608.9047544567212,
            749.1521874759494,
            305.62885989382613,
            833.2160584146227,
            0,
            393.2848840217483,
            161.05899540230592,
            596.8626307618864,
            401.5681760299239,
            334.5265310853535,
            830.3113873722316
        ],
        [
            508.17811837976643,
            685.4035307758488,
            672.3243264972643,
            390.3331910048132,
            135.11846653955186,
            420.89666190170715,
            594.6671337815803,
            542.8858075138822,
            200.7710138441304,
            233.9850422569785,
            543.3985645914055,
            357.19182521440774,
            231.62469643800938,
            159.02201105507376,
            521.1765535785354,
            550.5669804846636,
            573.6061366477873,
            928.6140210011908,
            701.0178314422537,
            529.6385559983337,
            244.31127685802795,
            215.67104580819372,
            578.7780230796606,
            409.49969474958095,
            571.3440294603594,
            393.2848840217483,
            0,
            453.9922906834432,
            611.8856102246563,
            253.00197627686626,
            88.54942122905152,
            779.2611885626026
        ],
        [
            589.4132675805661,
            1040.61760507883,
            1016.8367617272696,
            789.5524048472021,
            573.0095985234453,
            763.0943585166908,
            357.8407467016578,
            89.00561780022652,
            371.23846783435573,
            261.62950903902254,
            202.08166665979374,
            322.61587065735,
            568.4091835992799,
            611.1178282459119,
            943.7669203781197,
            894.456818409922,
            398.2122549595881,
            906.3845762147544,
            776.9433698796844,
            703.4273238935206,
            266.05450569385215,
            659.039452536796,
            893.8193329750704,
            465.6790740413402,
            960.1880024245253,
            161.05899540230592,
            453.9922906834432,
            0,
            757.3803535872844,
            533.2851019857952,
            374.1336659537605,
            989.4589430592864
        ],
        [
            170.74249617479535,
            465.2848589842571,
            429.40889604198935,
            462.50189188802244,
            694.3810193258454,
            339.4377704381173,
            532.6584271369412,
            809.2694236161404,
            464.29839543121403,
            551.837838499681,
            650.7242119362088,
            435.27692334880334,
            398.5398348973412,
            660.9235961894537,
            584.3808689544859,
            366.6169663286193,
            460.68210297340613,
            382.21459940719166,
            125.80143083447024,
            83.93449827097318,
            536.9729974589039,
            722.7295483097394,
            310.7217404688639,
            291.8938163099725,
            495.4048849173774,
            596.8626307618864,
            611.8856102246563,
            757.3803535872844,
            0,
            360.08054654479736,
            650.7388108911285,
            239.50782868207042
        ],
        [
            279.3581930067561,
            507.7716021992565,
            485.2319033204639,
            276.13402542968157,
            338.9527990738533,
            229.81731875557162,
            502.1882117294272,
            611.0130931494022,
            163.22070947033652,
            274.4321409747772,
            526.1064531062132,
            268.6037974415105,
            62.609903369994115,
            314.2005728829915,
            439.09566155907305,
            361.80934205738805,
            453.81273670975787,
            697.4711463566074,
            456.6486614455363,
            277.1299334247385,
            267.6602323842673,
            380.57325181888444,
            367.91575122573914,
            222.8272873774664,
            431.6480047446067,
            401.5681760299239,
            253.00197627686626,
            533.2851019857952,
            360.08054654479736,
            0,
            303.2045514170261,
            531.8966064941569
        ],
        [
            528.4013626023309,
            765.9197085856977,
            751.0426086448092,
            475.1136706094659,
            199.44924166313592,
            495.6258669601497,
            555.6851626595766,
            463.08746474073337,
            199.6246477767713,
            186.93849255838137,
            483.736498519597,
            334.2528982671654,
            296.952858211535,
            238.01890681204299,
            609.288109189733,
            627.873394881484,
            544.7797720180147,
            942.0536078164553,
            728.3714711601492,
            571.4630346750348,
            201.52667317256046,
            285.2805636562014,
            651.2180894293401,
            416.08292442733097,
            656.0099084617549,
            334.5265310853535,
            88.54942122905152,
            374.1336659537605,
            650.7388108911285,
            303.2045514170261,
            0,
            835.0958028873094
        ],
        [
            409.44474596702304,
            357.49405589464,
            324.7460546334628,
            510.1607589770111,
            832.1015563018734,
            399.99249992968623,
            770.1616713392066,
            1045.3119151717347,
            668.482610095431,
            767.4561876745798,
            890.0842656737619,
            667.0007496247662,
            548.4323112290158,
            786.4299078748213,
            572.0847839262988,
            339.0634158973804,
            697.9856732054031,
            472.69863549623244,
            293.00170647967224,
            286.50479926172267,
            754.2360373251864,
            838.1849437922397,
            272.8369476445593,
            524.9018955957389,
            453.0011037514147,
            830.3113873722316,
            779.2611885626026,
            989.4589430592864,
            239.50782868207042,
            531.8966064941569,
            835.0958028873094,
            0
        ]
    ],
    "incompatibilities": [
        [
            0,
            1,
            1,
            1,
            1,
            1,
            1,
            0,
            0,
            1,
            1,
            1,
            1,
            1,
            1
        ],
        [
            1,
            0,
            0,
            1,
            1,
            1,
            1,
            0,
            1,
            1,
            1,
            1,
            1,
            1,
            1
        ],
        [
            1,
            0,
            0,
            0,
            1,
            0,
            1,
            1,
            0,
            1,
            1,
            0,
            1,
            1,
            0
        ],
        [
            1,
            1,
            0,
            0,
            1,
            1,
            0,
            1,
            1,
            1,
            0,
            1,
            1,
            1,
            1
        ],
        [
            1,
            1,
            1,
            1,
            0,
            1,
            1,
            1,
            1,
            1,
            0,
            0,
            0,
            1,
            0
        ],
        [
            1,
            1,
            0,
            1,
            1,
            0,
            1,
            1,
            0,
            1,
            1,
            1,
            1,
            1,
            1
        ],
        [
            1,
            1,
            1,
            0,
            1,
            1,
            0,
            1,
            1,
            1,
            1,
            1,
            1,
            1,
            0
        ],
        [
            0,
            0,
            1,
            1,
            1,
            1,
            1,
            0,
            0,
            1,
            0,
            0,
            0,
            1,
            1
        ],
        [
            0,
            1,
            0,
            1,
            1,
            0,
            1,
            0,
            0,
            1,
            0,
            1,
            1,
            1,
            1
        ],
        [
            1,
            1,
            1,
            1,
            1,
            1,
            1,
            1,
            1,
            0,
            1,
            0,
            0,
            1,
            1
        ],
        [
            1,
            1,
            1,
            0,
            0,
            1,
            1,
            0,
            0,
            1,
            0,
            0,
            1,
            1,
            1
        ],
        [
            1,
            1,
            0,
            1,
            0,
            1,
            1,
            0,
            1,
            0,
            0,
            0,
            1,
            1,
            1
        ],
        [
            1,
            1,
            1,
            1,
            0,
            1,
            1,
            0,
            1,
            0,
            1,
            1,
            0,
            0,
            1
        ],
        [
            1,
            1,
            1,
            1,
            1,
            1,
            1,
            1,
            1,
            1,
            1,
            1,
            0,
            0,
            1
        ],
        [
            1,
            1,
            0,
            1,
            0,
            1,
            0,
            1,
            1,
            1,
            1,
            1,
            1,
            1,
            0
        ]
    ]
}