{
    "depot": {
        "x": 517,
        "y": 149,
        "node_type": "depot",
        "id": 0
    },
    "final_destination": {
        "x": 313,
        "y": 762,
        "node_type": "final",
        "id": 21
    },
    "pickup_nodes": [
        {
            "x": 710,
            "y": 784,
            "node_type": "pickup",
            "id": 1
        },
        {
            "x": 232,
            "y": 885,
            "node_type": "pickup",
            "id": 2
        },
        {
            "x": 445,
            "y": 660,
            "node_type": "pickup",
            "id": 3
        },
        {
            "x": 187,
            "y": 580,
            "node_type": "pickup",
            "id": 4
        },
        {
            "x": 72,
            "y": 108,
            "node_type": "pickup",
            "id": 5
        },
        {
            "x": 193,
            "y": 198,
            "node_type": "pickup",
            "id": 6
        },
        {
            "x": 362,
            "y": 93,
            "node_type": "pickup",
            "id": 7
        },
        {
            "x": 339,
            "y": 688,
            "node_type": "pickup",
            "id": 8
        },
        {
            "x": 843,
            "y": 524,
            "node_type": "pickup",
            "id": 9
        },
        {
            "x": 540,
            "y": 728,
            "node_type": "pickup",
            "id": 10
        },
        {
            "x": 737,
            "y": 690,
            "node_type": "pickup",
            "id": 11
        },
        {
            "x": 374,
            "y": 709,
            "node_type": "pickup",
            "id": 12
        },
        {
            "x": 238,
            "y": 288,
            "node_type": "pickup",
            "id": 13
        },
        {
            "x": 167,
            "y": 183,
            "node_type": "pickup",
            "id": 14
        },
        {
            "x": 137,
            "y": 168,
            "node_type": "pickup",
            "id": 15
        },
        {
            "x": 855,
            "y": 0,
            "node_type": "pickup",
            "id": 16
        },
        {
            "x": 230,
            "y": 708,
            "node_type": "pickup",
            "id": 17
        },
        {
            "x": 918,
            "y": 593,
            "node_type": "pickup",
            "id": 18
        },
        {
            "x": 981,
            "y": 669,
            "node_type": "pickup",
            "id": 19
        },
        {
            "x": 664,
            "y": 852,
            "node_type": "pickup",
            "id": 20
        }
    ],
    "delivery_nodes": [
        {
            "x": 756,
            "y": 675,
            "node_type": "delivery",
            "id": 1
        },
        {
            "x": 22,
            "y": 166,
            "node_type": "delivery",
            "id": 2
        },
        {
            "x": 486,
            "y": 626,
            "node_type": "delivery",
            "id": 3
        },
        {
            "x": 38,
            "y": 537,
            "node_type": "delivery",
            "id": 4
        },
        {
            "x": 101,
            "y": 850,
            "node_type": "delivery",
            "id": 5
        },
        {
            "x": 705,
            "y": 973,
            "node_type": "delivery",
            "id": 6
        },
        {
            "x": 882,
            "y": 978,
            "node_type": "delivery",
            "id": 7
        },
        {
            "x": 836,
            "y": 78,
            "node_type": "delivery",
            "id": 8
        },
        {
            "x": 873,
            "y": 289,
            "node_type": "delivery",
            "id": 9
        },
        {
            "x": 462,
            "y": 437,
            "node_type": "delivery",
            "id": 10
        },
        {
            "x": 642,
            "y": 494,
            "node_type": "delivery",
            "id": 11
        },
        {
            "x": 451,
            "y": 891,
            "node_type": "delivery",
            "id": 12
        },
        {
            "x": 135,
            "y": 158,
            "node_type": "delivery",
            "id": 13
        },
        {
            "x": 87,
            "y": 557,
            "node_type": "delivery",
            "id": 14
        },
        {
            "x": 141,
            "y": 776,
            "node_type": "delivery",
            "id": 15
        },
        {
            "x": 648,
            "y": 213,
            "node_type": "delivery",
            "id": 16
        },
        {
            "x": 167,
            "y": 452,
            "node_type": "delivery",
            "id": 17
        },
        {
            "x": 767,
            "y": 740,
            "node_type": "delivery",
            "id": 18
        },
        {
            "x": 982,
            "y": 380,
            "node_type": "delivery",
            "id": 19
        },
        {
            "x": 344,
            "y": 208,
            "node_type": "delivery",
            "id": 20
        }
    ],
    "travel_costs": [
        [
            0,
            663.6821528412527,
            789.2534447184884,
            516.0474784358508,
            542.8268600576063,
            446.88477262041494,
            327.68429928820206,
            164.80594649465777,
            567.6310421391698,
            496.89133620943716,
            579.4566420363132,
            584.0214037173638,
            577.9697223903688,
            311.70819687650175,
            351.64755082326394,
            380.474703495515,
            369.3846233940985,
            628.3709095749102,
            598.2783633059113,
            696.9189335927099,
            718.20470619455,
            577.7516767608728,
            495.29183316505424,
            478.0062761094252,
            616.4292335702453,
            815.1423188621727,
            845.1745381872315,
            905.7957827236778,
            326.80575270334515,
            382.5388869121674,
            293.2047066470796,
            366.94686263817545,
            744.9295268681461,
            382.1060062338722,
            592.7596477494062,
            731.0984885772915,
            145.79780519610026,
            462.93520064907574,
            641.7016440683318,
            519.2167177585868,
            182.7840255602223,
            646.0534033653875
        ],
        [
            663.6821528412527,
            0,
            488.5539888282563,
            292.5764857263823,
            561.3777694209133,
            929.5267613145951,
            781.46337086264,
            773.6827515202856,
            383.21925838871937,
            292.0428050817208,
            178.98603297464305,
            97.8008179924892,
            344.2687903368529,
            684.6897107449477,
            809.9691352144227,
            841.2995899202615,
            797.2960554273426,
            485.97942343272103,
            282.39157211220027,
            294.3908965983833,
            82.09750300709517,
            118.3089176689568,
            924.8070068938708,
            274.1167634421507,
            715.956004234897,
            612.5659148206012,
            189.06612599828665,
            259.268200904006,
            717.1554922051424,
            521.1468123283496,
            426.5126023929422,
            297.8657415682442,
            280.23204670415555,
            850.0005882350906,
            663.0671157582768,
            569.0562362368065,
            574.3561612797412,
            636.4534547003418,
            72.00694410957877,
            487.03182647543684,
            682.4456022277527,
            397.6091045235257
        ],
        [
            789.2534447184884,
            488.5539888282563,
            0,
            309.8289850869347,
            308.3018001893599,
            793.3025904407473,
            688.106096470595,
            802.5982805862469,
            224.18296099391677,
            709.6773914956005,
            345.7065229352782,
            541.3409276971398,
            226.14154859291116,
            597.0301499924437,
            705.002836873725,
            723.2662027220683,
            1082.2910883861143,
            177.01129907438113,
            745.5601920703654,
            779.523572446658,
            433.2585832963959,
            564.5139502262101,
            749.0400523336519,
            362.7630080369276,
            398.42188694899784,
            135.5949851580065,
            481.11641002983885,
            656.6193722393514,
            1008.000496031624,
            875.2696727294966,
            503.5911039722604,
            566.5518511133822,
            219.0821763631172,
            733.4425676220327,
            358.62096982747676,
            141.9929575718458,
            790.341698254622,
            437.8515730244668,
            554.3013620766235,
            904.1708909271522,
            686.201865342845,
            147.27525250360293
        ],
        [
            516.0474784358508,
            292.5764857263823,
            309.8289850869347,
            0,
            270.1184925176357,
            666.2079255007403,
            526.2584916179501,
            573.0427558219369,
            109.63576058932595,
            420.5948168962618,
            116.8289347721702,
            293.53705047233814,
            86.26702730475881,
            425.71469319251827,
            552.0987230559404,
            580.4549939487125,
            776.9813382572324,
            220.29298672449835,
            477.72167629279704,
            536.075554376433,
            291.24731758421393,
            311.3615262038648,
            650.3575939435166,
            53.2634959423431,
            425.17996189848833,
            392.9834602117499,
            406.9017080327877,
            540.4562887042763,
            701.1454913211664,
            566.4141594275341,
            223.6470433517957,
            257.6140524117425,
            231.07790893982056,
            590.0033898207705,
            372.5224825430003,
            325.37977810552394,
            490.935841022022,
            347.2002304146701,
            331.7890896337612,
            605.6145638935708,
            463.14684496388395,
            166.81726529349413
        ],
        [
            542.8268600576063,
            561.3777694209133,
            308.3018001893599,
            270.1184925176357,
            0,
            485.8075750747409,
            382.04711751301045,
            517.4881641158569,
            186.46179233290664,
            658.3859050739163,
            382.7701660265596,
            560.8921464952064,
            227.17834403833479,
            296.42030969554025,
            397.50345910444605,
            415.02289093494585,
            884.6603868151891,
            135.02962637880623,
            731.1155859369981,
            798.972465107528,
            549.1019941686608,
            576.8760698798312,
            445.66915980354753,
            302.5177680732158,
            155.08062419270823,
            283.365488371467,
            650.2099660878785,
            800.8926270106374,
            820.4907068334169,
            745.1691083237414,
            309.9580616793182,
            463.05615210252853,
            407.9423978946047,
            425.19172146221285,
            102.61091559868277,
            201.32560691576222,
            589.2452799980667,
            129.55307792561317,
            601.664358259653,
            819.7713095735908,
            403.7734513313128,
            221.35943621178654
        ],
        [
            446.88477262041494,
            929.5267613145951,
            793.3025904407473,
            666.2079255007403,
            485.8075750747409,
            0,
            150.80119362922827,
            290.3876719146321,
            638.5052858042758,
            876.0690612046518,
            776.8037075091751,
            883.7131887665818,
            672.6105857031986,
            244.8591431823611,
            121.03718436910205,
            88.45903006477066,
            790.4131830884401,
            620.4546719946591,
            975.1620378173054,
            1068.1769516330148,
            950.7891459203769,
            888.450899037195,
            76.57675887630658,
            663.1138665417877,
            430.34521026729226,
            742.5664953389695,
            1071.8740597663514,
            1188.696765369537,
            764.5887783638993,
            821.1954700313439,
            510.2362198041217,
            688.4010459027498,
            869.9022933640306,
            80.43009387039157,
            449.250486922385,
            671.5541675844175,
            585.4921007152872,
            356.8767294178762,
            939.3875664495458,
            949.7810273952623,
            289.79993098687925,
            696.9913916254634
        ],
        [
            327.68429928820206,
            781.46337086264,
            688.106096470595,
            526.2584916179501,
            382.04711751301045,
            150.80119362922827,
            0,
            198.9623079882217,
            511.2885682273759,
            727.1698563609467,
            633.4895421394106,
            733.48483283569,
            542.1088451593462,
            100.62305898749054,
            30.016662039607265,
            63.52952069707436,
            690.9761211503622,
            511.3403954314582,
            825.6209784156408,
            918.0332237996619,
            805.950991065834,
            737.9010773809725,
            173.9683879329805,
            518.683911452823,
            372.7546109708101,
            658.4588066082797,
            928.8535944916184,
            1040.7309931005225,
            654.1016740538126,
            686.0619505554874,
            359.83607378916304,
            537.7889920777479,
            739.4680520482274,
            70.45565981523414,
            374.3220538520273,
            580.3343863670324,
            455.2471856036015,
            255.32724100651697,
            789.4555085627055,
            809.7190870913196,
            151.33076356114773,
            576.6246612832302
        ],
        [
            164.80594649465777,
            773.6827515202856,
            802.5982805862469,
            573.0427558219369,
            517.4881641158569,
            290.3876719146321,
            198.9623079882217,
            0,
            595.4443718770042,
            645.8498277463577,
            659.476307383366,
            705.0063829498284,
            616.1168720299746,
            231.08656386730922,
            214.76731594914529,
            237.17082451262846,
            501.6951265459931,
            629.0063592683305,
            747.7539702335255,
            845.5394727628036,
            816.8751434582889,
            702.822879536516,
            347.74847231871485,
            547.2339536249556,
            549.6471595487417,
            800.7309161010332,
            944.4834567105979,
            1026.4623714486565,
            474.23728238087733,
            547.2997350629727,
            358.24014292091834,
            489.08179275045603,
            802.9476944359451,
            236.12284938141838,
            539.3709298803561,
            717.8648897947302,
            310.1548000595832,
            408.5413075810083,
            763.3046573944116,
            683.2049472888791,
            116.40017182117903,
            670.7920691242555
        ],
        [
            567.6310421391698,
            383.21925838871937,
            224.18296099391677,
            109.63576058932595,
            186.46179233290664,
            638.5052858042758,
            511.2885682273759,
            595.4443718770042,
            0,
            530.0113206338144,
            204.94145505485218,
            398.0050250939051,
            40.8166632639171,
            412.55423885835904,
            533.4875818610964,
            557.8566124014307,
            860.0,
            110.81967334368028,
            586.7418512429465,
            642.2810911119835,
            364.0343390396022,
            417.20258867845,
            610.7151545524313,
            159.53996364547663,
            336.7521343659161,
            287.90276136223497,
            463.87606103354807,
            615.5883364717041,
            786.8347984170501,
            666.6010801071358,
            279.5174413162799,
            359.784657816311,
            231.84693226350873,
            567.9049216198079,
            284.01584462842914,
            216.6748716395143,
            566.6621568447994,
            292.0273959751037,
            431.14730661341264,
            712.960728231226,
            480.02604096027954,
            78.43468620451031
        ],
        [
            496.89133620943716,
            292.0428050817208,
            709.6773914956005,
            420.5948168962618,
            658.3859050739163,
            876.0690612046518,
            727.1698563609467,
            645.8498277463577,
            530.0113206338144,
            0,
            365.2738698565776,
            196.95684806576284,
            504.1686225857377,
            649.4004927623631,
            757.137371947786,
            790.6781899104086,
            524.1373865695901,
            640.0195309519859,
            101.91172650877817,
            200.1724256734678,
            373.6642878306676,
            174.2699056062176,
            895.6589752802124,
            371.28560435330644,
            805.1049621012157,
            810.4566613952901,
            469.7286450707472,
            455.67203118032165,
            446.05492935287685,
            236.9071548096427,
            390.80685766756955,
            203.22647465327938,
            536.9851022142047,
            797.006900848418,
            756.7198953377663,
            745.8605767836239,
            367.07764846146654,
            679.8235065073875,
            228.9803485017874,
            200.14244927051334,
            590.6411770271355,
            580.9853698674349
        ],
        [
            579.4566420363132,
            178.98603297464305,
            345.7065229352782,
            116.8289347721702,
            382.7701660265596,
            776.8037075091751,
            633.4895421394106,
            659.476307383366,
            204.94145505485218,
            365.2738698565776,
            0,
            200.63150300987132,
            167.083811304387,
            533.6703102103395,
            660.4195636108911,
            689.9340548197342,
            793.2269536519797,
            310.64449134018133,
            401.3838561775996,
            444.92920785221554,
            175.3624817342638,
            222.40728405337805,
            764.3088381014576,
            115.41230437002807,
            537.1079965891404,
            455.6369168537598,
            295.3811097548386,
            423.63191570041084,
            714.2240544815052,
            551.0081669086221,
            301.27230207903284,
            255.26456863419176,
            185.7148351640224,
            699.2317212483999,
            484.20037174706914,
            401.8768468075761,
            526.2024325295353,
            464.0096981745101,
            227.31695933211847,
            562.5548862111145,
            555.7121557065312,
            229.53213282675696
        ],
        [
            584.0214037173638,
            97.8008179924892,
            541.3409276971398,
            293.53705047233814,
            560.8921464952064,
            883.7131887665818,
            733.48483283569,
            705.0063829498284,
            398.0050250939051,
            196.95684806576284,
            200.63150300987132,
            0,
            363.496905076233,
            640.7846752224963,
            762.8558186184332,
            795.2886268519121,
            700.0171426472355,
            507.31942600298675,
            205.35335400231472,
            244.90202122481554,
            177.6879286839711,
            24.207436873820413,
            886.4541725323425,
            259.0308861892728,
            715.5487404782431,
            655.8170476588726,
            284.80344099044873,
            322.4422428901027,
            619.9556435746028,
            423.4347647513133,
            373.6763305321866,
            217.8095498365487,
            349.56687486087696,
            803.3853371826,
            663.4674068859752,
            602.1727326938675,
            485.23190332046386,
            617.692480122593,
            58.309518948453,
            395.126562002607,
            621.9107653031904,
            430.06976178289955
        ],
        [
            577.9697223903688,
            344.2687903368529,
            226.14154859291116,
            86.26702730475881,
            227.17834403833479,
            672.6105857031986,
            542.1088451593462,
            616.1168720299746,
            40.8166632639171,
            504.1686225857377,
            167.083811304387,
            363.496905076233,
            0,
            442.4217444927408,
            565.2654243804409,
            590.6352512337882,
            856.7625108511693,
            144.003472180361,
            556.230168185797,
            608.3165294482799,
            323.3403779301311,
            383.5101041693687,
            647.1112732753154,
            139.40229553346674,
            377.46523018683456,
            307.26210309766486,
            423.38752933925673,
            574.8260606479146,
            782.0517885664606,
            652.2277209686813,
            285.8810941632902,
            343.582595601116,
            197.61831898890347,
            600.6013652998134,
            324.76606965629895,
            242.44174558025276,
            566.6498036706622,
            329.9969696830563,
            394.2207503417343,
            691.3067336573542,
            501.89739987371917,
            80.80841540334768
        ],
        [
            311.70819687650175,
            684.6897107449477,
            597.0301499924437,
            425.71469319251827,
            296.42030969554025,
            244.8591431823611,
            100.62305898749054,
            231.08656386730922,
            412.55423885835904,
            649.4004927623631,
            533.6703102103395,
            640.7846752224963,
            442.4217444927408,
            0,
            126.75172582651487,
            156.84705926475,
            680.9060140724268,
            420.07618356674305,
            745.268408024921,
            834.9910179157617,
            706.804074691141,
            646.6011135158985,
            248.07257002740144,
            419.22309096708875,
            319.37595401031683,
            578.4574314502321,
            829.044027781396,
            943.8410883194268,
            633.8012306709415,
            635.0007874010867,
            269.02973813316623,
            453.4886988669067,
            639.5138778791278,
            165.85837331892532,
            308.4833869108676,
            497.5469827061561,
            416.8033109273486,
            178.70926109186394,
            695.8052888560132,
            749.6665925596525,
            132.80060240827223,
            479.89686391973845
        ],
        [
            351.64755082326394,
            809.9691352144227,
            705.002836873725,
            552.0987230559404,
            397.50345910444605,
            121.03718436910205,
            30.016662039607265,
            214.76731594914529,
            533.4875818610964,
            757.137371947786,
            660.4195636108911,
            762.8558186184332,
            565.2654243804409,
            126.75172582651487,
            0,
            33.54101966249685,
            711.922046294396,
            528.7664891045952,
            855.6290083909029,
            948.046412365977,
            833.4086632619077,
            767.4535816582003,
            145.9931505242626,
            545.9029217727268,
            376.7718142324343,
            670.2574132376307,
            955.7949570906931,
            1069.2286939658889,
            677.1897813759448,
            713.9131599851623,
            389.2826736447437,
            567.755228949941,
            762.8368108579974,
            40.607881008493905,
            382.4604554721965,
            593.5697094697471,
            481.9346428718318,
            269.0,
            818.6873640163258,
            838.4712278903792,
            178.7568180517879,
            597.1239402335164
        ],
        [
            380.474703495515,
            841.2995899202615,
            723.2662027220683,
            580.4549939487125,
            415.02289093494585,
            88.45903006477066,
            63.52952069707436,
            237.17082451262846,
            557.8566124014307,
            790.6781899104086,
            689.9340548197342,
            795.2886268519121,
            590.6352512337882,
            156.84705926475,
            33.54101966249685,
            0,
            737.392704059377,
            547.9498152203357,
            889.149031377755,
            981.4973255185162,
            863.4726399834566,
            800.1312392351645,
            115.0173899895142,
            575.8168111474342,
            382.04973498224024,
            682.949485686899,
            985.2152049171796,
            1100.5112448312375,
            704.7701753053971,
            745.8800171609372,
            421.88387027711786,
            601.0831889181397,
            788.2417141968573,
            10.19803902718557,
            392.20020397750943,
            608.0131577523631,
            512.9775823561883,
            285.5801113523139,
            850.9312545676061,
            871.1882689751969,
            210.82931484971442,
            619.5256249744639
        ],
        [
            369.3846233940985,
            797.2960554273426,
            1082.2910883861143,
            776.9813382572324,
            884.6603868151891,
            790.4131830884401,
            690.9761211503622,
            501.6951265459931,
            860.0,
            524.1373865695901,
            793.2269536519797,
            700.0171426472355,
            856.7625108511693,
            680.9060140724268,
            711.922046294396,
            737.392704059377,
            0,
            944.3987505286101,
            596.3371529596325,
            680.7620729741046,
            873.1466085371918,
            682.2213716969002,
            849.3791850522357,
            726.6615443244538,
            977.6799067179401,
            1136.2288501882006,
            984.4942864232377,
            978.3726283988121,
            80.28075734570521,
            289.56001105124994,
            587.72272373969,
            537.9637534258234,
            978.3133444863153,
            737.1322812087393,
            948.7217716485692,
            1054.500829776819,
            297.0151511286924,
            823.1937803457944,
            745.2140632060026,
            400.6607043372235,
            551.7109750584992,
            935.0978558418365
        ],
        [
            628.3709095749102,
            485.97942343272103,
            177.01129907438113,
            220.29298672449835,
            135.02962637880623,
            620.4546719946591,
            511.3403954314582,
            629.0063592683305,
            110.81967334368028,
            640.0195309519859,
            310.64449134018133,
            507.31942600298675,
            144.003472180361,
            420.07618356674305,
            528.7664891045952,
            547.9498152203357,
            944.3987505286101,
            0,
            697.5449806284896,
            752.0119679898718,
            457.2657870429407,
            527.0341544909589,
            580.541126880775,
            268.81220210399675,
            257.10892633278996,
            191.84629264074923,
            543.9209501388966,
            705.6939846704093,
            874.1487287641618,
            767.469869115394,
            356.74220383913087,
            464.2628565801921,
            286.93204770467867,
            558.1442465886396,
            207.9663434308542,
            112.00446419674529,
            647.8803901955978,
            263.6380093992518,
            537.9526001424289,
            820.4194049387179,
            512.8313562956149,
            99.02019995940222
        ],
        [
            598.2783633059113,
            282.39157211220027,
            745.5601920703654,
            477.72167629279704,
            731.1155859369981,
            975.1620378173054,
            825.6209784156408,
            747.7539702335255,
            586.7418512429465,
            101.91172650877817,
            401.3838561775996,
            205.35335400231472,
            556.230168185797,
            745.268408024921,
            855.6290083909029,
            889.149031377755,
            596.3371529596325,
            697.5449806284896,
            0,
            98.71676655968834,
            362.7630080369276,
            181.57092278225608,
            992.5447093204416,
            433.2585832963959,
            881.7800179183014,
            856.4683298289552,
            435.62483859394433,
            386.6794538115518,
            521.4872961060508,
            307.312544488506,
            481.9460550725568,
            293.218348675522,
            553.9792414883431,
            895.7198222658691,
            831.7794178747151,
            798.2593563498018,
            466.1544808322666,
            764.1217180528243,
            210.73680267100949,
            222.40728405337808,
            691.1591712478393,
            628.1608074370766
        ],
        [
            696.9189335927099,
            294.3908965983833,
            779.523572446658,
            536.075554376433,
            798.972465107528,
            1068.1769516330148,
            918.0332237996619,
            845.5394727628036,
            642.2810911119835,
            200.1724256734678,
            444.92920785221554,
            244.90202122481554,
            608.3165294482799,
            834.9910179157617,
            948.046412365977,
            981.4973255185162,
            680.7620729741046,
            752.0119679898718,
            98.71676655968834,
            0,
            366.0300534109187,
            225.07998578283232,
            1082.9081216797665,
            496.8641665485649,
            952.1937827984386,
            898.4213933338852,
            410.5995616169116,
            324.47187859658965,
            608.5277314962728,
            395.04936400404443,
            568.4936235350401,
            381.5049147783027,
            574.6163937793631,
            988.3506462789409,
            900.9883462065422,
            846.7874585750546,
            564.6459067415614,
            842.4280384697555,
            225.4706189284981,
            289.0017300986276,
            786.314186569211,
            674.4427329284525
        ],
        [
            718.20470619455,
            82.09750300709517,
            433.2585832963959,
            291.24731758421393,
            549.1019941686608,
            950.7891459203769,
            805.950991065834,
            816.8751434582889,
            364.0343390396022,
            373.6642878306676,
            175.3624817342638,
            177.6879286839711,
            323.3403779301311,
            706.804074691141,
            833.4086632619077,
            863.4726399834566,
            873.1466085371918,
            457.2657870429407,
            362.7630080369276,
            366.0300534109187,
            0,
            199.48182874637982,
            939.5530852485132,
            287.6803781977492,
            700.7859873028284,
            563.0035523866611,
            127.75758294520135,
            251.79356624028344,
            792.8808233271884,
            600.5414223848343,
            461.55064727503094,
            358.67534066339164,
            216.54098919142305,
            872.6264951283567,
            648.0385790984978,
            528.4931409204854,
            639.2002816019404,
            637.9725699432539,
            152.16109883935513,
            569.1291593302876,
            719.1216865037517,
            362.35479850555316
        ],
        [
            577.7516767608728,
            118.3089176689568,
            564.5139502262101,
            311.3615262038648,
            576.8760698798312,
            888.450899037195,
            737.9010773809725,
            702.822879536516,
            417.20258867845,
            174.2699056062176,
            222.40728405337805,
            24.207436873820413,
            383.5101041693687,
            646.6011135158985,
            767.4535816582003,
            800.1312392351645,
            682.2213716969002,
            527.0341544909589,
            181.57092278225608,
            225.07998578283232,
            199.48182874637982,
            0,
            893.2172188219392,
            274.4102767754881,
            731.1415731580308,
            677.9749257900324,
            302.33259830855155,
            328.15392729632237,
            602.3362848110679,
            403.3422864020087,
            378.2591704109763,
            213.9088590965788,
            373.73921389118374,
            808.0408405520106,
            679.3268727203423,
            623.2383171789103,
            474.4554773632612,
            629.8015560476173,
            65.92419889539804,
            371.61942898616053,
            622.7623944972914,
            451.4620692815732
        ],
        [
            495.29183316505424,
            924.8070068938708,
            749.0400523336519,
            650.3575939435166,
            445.66915980354753,
            76.57675887630658,
            173.9683879329805,
            347.74847231871485,
            610.7151545524313,
            895.6589752802124,
            764.3088381014576,
            886.4541725323425,
            647.1112732753154,
            248.07257002740144,
            145.9931505242626,
            115.0173899895142,
            849.3791850522357,
            580.541126880775,
            992.5447093204416,
            1082.9081216797665,
            939.5530852485132,
            893.2172188219392,
            0,
            653.3727879243212,
            371.3448532025185,
            688.5470209070692,
            1057.2312897374916,
            1182.7696309932885,
            818.7429389008494,
            859.8430089266296,
            516.7600990788666,
            701.4157112583093,
            842.4167614666744,
            113.28283188550681,
            396.36599248674196,
            621.4989943676497,
            627.7618975375934,
            320.65713776555793,
            940.479133208175,
            983.5629110534821,
            324.72757813280964,
            663.2473143556632
        ],
        [
            478.0062761094252,
            274.1167634421507,
            362.7630080369276,
            53.2634959423431,
            302.5177680732158,
            663.1138665417877,
            518.683911452823,
            547.2339536249556,
            159.53996364547663,
            371.28560435330644,
            115.41230437002807,
            259.0308861892728,
            139.40229553346674,
            419.22309096708875,
            545.9029217727268,
            575.8168111474342,
            726.6615443244538,
            268.81220210399675,
            433.2585832963959,
            496.8641665485649,
            287.6803781977492,
            274.4102767754881,
            653.3727879243212,
            0,
            456.7548576643712,
            445.422271558125,
            410.3291361821629,
            529.830161466861,
            650.233804104339,
            513.1646909131609,
            190.5177157116891,
            204.35263639111682,
            267.30132809247317,
            585.0,
            404.9222147524139,
            376.19808611953357,
            443.6361121459793,
            363.3689584981084,
            303.24412607666454,
            553.6533211315543,
            441.4612100739996,
            220.05681084665386
        ],
        [
            616.4292335702453,
            715.956004234897,
            398.42188694899784,
            425.17996189848833,
            155.08062419270823,
            430.34521026729226,
            372.7546109708101,
            549.6471595487417,
            336.7521343659161,
            805.1049621012157,
            537.1079965891404,
            715.5487404782431,
            377.46523018683456,
            319.37595401031683,
            376.7718142324343,
            382.04973498224024,
            977.6799067179401,
            257.10892633278996,
            881.7800179183014,
            952.1937827984386,
            700.7859873028284,
            731.1415731580308,
            371.3448532025185,
            456.7548576643712,
            0,
            319.27730893378566,
            796.8594606328019,
            952.2693946567852,
            920.5894850583511,
            871.0505151826729,
            435.6328729561166,
            605.528694613228,
            543.9531229802803,
            391.21605284037105,
            52.92447448959697,
            260.24987992312316,
            690.7068842859466,
            154.48624534242524,
            756.7364138192373,
            956.9665615892751,
            449.3072445443096,
            355.3167600887974
        ],
        [
            815.1423188621727,
            612.5659148206012,
            135.5949851580065,
            392.9834602117499,
            283.365488371467,
            742.5664953389695,
            658.4588066082797,
            800.7309161010332,
            287.90276136223497,
            810.4566613952901,
            455.6369168537598,
            655.8170476588726,
            307.26210309766486,
            578.4574314502321,
            670.2574132376307,
            682.949485686899,
            1136.2288501882006,
            191.84629264074923,
            856.4683298289552,
            898.4213933338852,
            563.0035523866611,
            677.9749257900324,
            688.5470209070692,
            445.422271558125,
            319.27730893378566,
            0,
            616.39678779176,
            791.4196105733039,
            1065.9310484266796,
            954.3086502804006,
            548.5344109534059,
            647.6241193778995,
            352.3932462462923,
            692.8347566339322,
            293.33428030150174,
            84.11896337925236,
            839.6296802757748,
            403.43524883182926,
            675.0229625723854,
            998.5294186953131,
            686.4495611477948,
            229.53866776645714
        ],
        [
            845.1745381872315,
            189.06612599828665,
            481.11641002983885,
            406.9017080327877,
            650.2099660878785,
            1071.8740597663514,
            928.8535944916184,
            944.4834567105979,
            463.87606103354807,
            469.7286450707472,
            295.3811097548386,
            284.80344099044873,
            423.38752933925673,
            829.044027781396,
            955.7949570906931,
            985.2152049171796,
            984.4942864232377,
            543.9209501388966,
            435.62483859394433,
            410.5995616169116,
            127.75758294520135,
            302.33259830855155,
            1057.2312897374916,
            410.3291361821629,
