{
    "depot": [
        327,
        655
    ],
    "final_destination": [
        252,
        938
    ],
    "requests": [
        [
            [
                150,
                579
            ],
            [
                198,
                387
            ]
        ],
        [
            [
                664,
                426
            ],
            [
                370,
                514
            ]
        ],
        [
            [
                423,
                52
            ],
            [
                432,
                188
            ]
        ],
        [
            [
                445,
                243
            ],
            [
                417,
                495
            ]
        ],
        [
            [
                667,
                666
            ],
            [
                708,
                476
            ]
        ],
        [
            [
                979,
                444
            ],
            [
                818,
                724
            ]
        ],
        [
            [
                867,
                806
            ],
            [
                964,
                250
            ]
        ],
        [
            [
                673,
                94
            ],
            [
                850,
                870
            ]
        ],
        [
            [
                900,
                580
            ],
            [
                58,
                18
            ]
        ],
        [
            [
                539,
                28
            ],
            [
                478,
                511
            ]
        ],
        [
            [
                752,
                145
            ],
            [
                150,
                601
            ]
        ],
        [
            [
                827,
                375
            ],
            [
                692,
                876
            ]
        ],
        [
            [
                651,
                883
            ],
            [
                777,
                975
            ]
        ],
        [
            [
                162,
                553
            ],
            [
                355,
                368
            ]
        ],
        [
            [
                634,
                751
            ],
            [
                0,
                745
            ]
        ],
        [
            [
                278,
                764
            ],
            [
                631,
                945
            ]
        ],
        [
            [
                779,
                732
            ],
            [
                791,
                109
            ]
        ],
        [
            [
                75,
                329
            ],
            [
                34,
                627
            ]
        ],
        [
            [
                323,
                876
            ],
            [
                421,
                182
            ]
        ],
        [
            [
                639,
                998
            ],
            [
                658,
                980
            ]
        ],
        [
            [
                949,
                363
            ],
            [
                270,
                729
            ]
        ],
        [
            [
                876,
                439
            ],
            [
                998,
                371
            ]
        ],
        [
            [
                334,
                757
            ],
            [
                10,
                453
            ]
        ],
        [
            [
                428,
                577
            ],
            [
                798,
                461
            ]
        ],
        [
            [
                396,
                960
            ],
            [
                623,
                392
            ]
        ]
    ],
    "travel_costs": [
        [
            0,
            192.62658175859323,
            407.4432475817951,
            610.5939731114286,
            428.5650475715443,
            340.177894637497,
            685.2919086053768,
            560.7147224748071,
            659.1183505259127,
            577.8875323105699,
            661.870833320218,
            663.8712224520657,
            573.0619512757762,
            396.18177646126026,
            193.9819579239265,
            321.65975812961125,
            119.50732195141852,
            458.5117228599504,
            412.04368700418166,
            221.03619613086,
            463.6733764192203,
            687.1302642148721,
            589.963558196606,
            102.23991392797629,
            127.61269529321916,
            312.70753108935514,
            297.43066418915186,
            147.41099009232656,
            478.6585421780332,
            183.5755975068582,
            420.9536791619715,
            495.824565748814,
            754.8470043657853,
            565.4679478095995,
            691.4694497951447,
            208.65521800328884,
            185.05404615949365,
            426.69192633561744,
            552.1775076911409,
            288.36261893664374,
            339.1592546282646,
            420.13807254282494,
            716.5277384721404,
            294.33484333323497,
            482.24993519958093,
            463.8814503728297,
            93.40770846134703,
            728.6267906136859,
            375.8896114552782,
            509.38884950497294,
            395.96085665126037,
            292.76953393411685
        ],
        [
            192.62658175859323,
            0,
            536.2881688047947,
            593.5132685964147,
            447.125262091061,
            524.2690149150529,
            839.9202343079967,
            752.0757940527005,
            713.2699348773926,
            750.0006666663704,
            674.4790582367995,
            742.13206371912,
            707.0678892440244,
            586.0179178148054,
            28.635642126552703,
            513.6535797597444,
            224.9644416346726,
            647.3407139984322,
            261.00766272276377,
            343.7120888185343,
            643.9580731693641,
            827.6817021053444,
            739.3754120877973,
            256.00781238079435,
            278.0071941515183,
            453.51626211195554,
            197.9090700296477,
            229.40139493908922,
            482.0840175737006,
            279.9017684831591,
            567.4266472417382,
            683.5561425369535,
            877.973234216169,
            758.0771728524742,
            568.4936235350402,
            334.97462590470934,
            22.0,
            618.0396427414669,
            741.5827667900596,
            294.1870153490803,
            223.7319825147938,
            604.4145928086118,
            794.8465260665106,
            125.53883861180172,
            480.67660646218263,
            647.1978059295318,
            192.09372712298546,
            873.1368735771041,
            188.35073665903195,
            658.6562077442222,
            508.6236329546632,
            373.20905669610966
        ],
        [
            407.4432475817951,
            536.2881688047947,
            0,
            444.9235889453379,
            285.3944638566067,
            240.01874926763537,
            315.5138665732459,
            430.8236298069083,
            332.1219655488026,
            281.80134847086873,
            417.16783193338387,
            294.45712760943655,
            170.79227148791014,
            457.18486414141057,
            517.8156042453722,
            326.3816784073518,
            513.069196112961,
            326.8960079291272,
            596.9338321790783,
            564.6069429257844,
            572.5460680154916,
            291.880112374927,
            212.3982109152523,
            467.39811724053834,
            280.17316074170986,
            597.4780330689991,
            467.6291265522284,
            306.8876015742572,
            332.36726673967155,
            256.4566240127169,
            66.60330322138684,
            335.4400095397089,
            347.81604333325396,
            481.3855004048211,
            730.5477397131552,
            204.50183373260984,
            542.974216699099,
            450.87026958982335,
            560.5086975239545,
            314.39624679693617,
            736.6525639675735,
            520.0480747007914,
            341.49377739572355,
            661.2873807959743,
            344.3617284194049,
            554.0324900220203,
            497.03621598430834,
            338.4981536138713,
            654.5571021690927,
            138.49548729110273,
            53.2634959423431,
            657.1818621964547
        ],
        [
            610.5939731114286,
            593.5132685964147,
            444.9235889453379,
            0,
            192.26284092356482,
            660.7056833416827,
            680.2940540677979,
            875.0154284354077,
            253.5034516530298,
            711.5567440478658,
            118.45674315968677,
            341.89179574830393,
            517.2475229520196,
            861.7105082334787,
            564.9088422037665,
            730.1520389617493,
            726.6147534973398,
            767.5519526390381,
            444.78421734589466,
            830.0457818698917,
            970.3463299255579,
            611.0621899610546,
            595.8003021147271,
            710.5955248944366,
            525.0238089839355,
            908.401343019703,
            403.5467754796215,
            465.0301065522532,
            136.2974687952788,
            443.0406301909567,
            510.8825696772205,
            779.4927838023902,
            576.0946102854981,
            922.7421091507638,
            366.5801413060997,
            462.28346282340664,
            613.1313073070074,
            866.796977382824,
            988.5570292097468,
            323.2336616133907,
            811.8977768167616,
            916.9040298744465,
            372.3882382675371,
            694.2233070129524,
            130.01538370516005,
            957.2925362709143,
            694.0734831413746,
            657.5606435911443,
            575.6474615595903,
            554.892782436391,
            394.4616584663204,
            902.3508186952567
        ],
        [
            428.5650475715443,
            447.125262091061,
            285.3944638566067,
            192.26284092356482,
            0,
            477.7164430915058,
            570.5760247329009,
            703.6000284252411,
            272.3692346796899,
            566.2102083148978,
            234.65080438813757,
            322.2623155133098,
            404.1633333195875,
            672.3362254110662,
            419.7487343637858,
            542.0193723475205,
            547.1105921109553,
            592.1798713228947,
            379.86313324669976,
            644.6495171796844,
            779.5261381121227,
            518.0887954781497,
            473.47333610246733,
            525.848837594988,
            334.43235489408016,
            718.672387113906,
            285.91082525850607,
            281.18677067031444,
            56.51548460377916,
            253.55078386784766,
            351.365906143439,
            608.6788972849313,
            519.0472040190565,
            746.4274914551313,
            447.653884156052,
            270.0240730009086,
            463.88468394634464,
            679.4836274701547,
            803.7711116978514,
            154.02921800749365,
            670.8420082254837,
            726.2231062146124,
            371.04177662360337,
            562.4739993990833,
            65.55150646628955,
            767.1623035577283,
            516.5471904869873,
            567.6204717943143,
            483.0372656431385,
            414.889141819836,
            232.13142829009604,
            721.3002148897504
        ],
        [
            340.177894637497,
            524.2690149150529,
            240.01874926763537,
            660.7056833416827,
            477.7164430915058,
            0,
            382.9203572546124,
            244.13111231467406,
            572.0314676658969,
            248.36465126905642,
            650.7134546019469,
            527.8882457490412,
            332.0858322783434,
            217.5890622251036,
            517.4881641158569,
            91.18113840043894,
            401.15458367068425,
            130.0,
            681.1996770404402,
            403.0334973671544,
            333.1786307673408,
            413.92390605037536,
            308.56117707838746,
            345.2100809652001,
            255.0333311549688,
            399.8462204398086,
            545.7123784559042,
            333.63602922945836,
            532.6434079194072,
            302.88776799336085,
            194.3733520830466,
            161.75598906995683,
            511.1408807755451,
            274.05291459862275,
            889.2609290866208,
            244.4299490651667,
            521.0700528719723,
            211.48285982556604,
            327.9954267973869,
            431.4487223297804,
            671.662117437034,
            281.3129929455801,
            570.6356105256664,
            634.2002838220745,
            542.9290929762375,
            314.1289544120376,
            401.9676603907335,
            443.3801980242239,
            690.66489703763,
            243.2817296880306,
            277.5103601669675,
            496.1945183091002
        ],
        [
            685.2919086053768,
            839.9202343079967,
            315.5138665732459,
            680.2940540677979,
            570.5760247329009,
            382.9203572546124,
            0,
            378.93007270471423,
            464.9042912256242,
            157.2800050864699,
            605.5212630453203,
            375.40644640176333,
            166.9281282468596,
            548.0009124079995,
            824.2390429966298,
            461.81598066762484,
            770.584842830431,
            350.633712012978,
            911.2853559670539,
            785.468013352549,
            650.0123075757874,
            86.37708029332781,
            103.1212878119741,
            716.9337486825405,
            566.8244878266993,
            778.5531452637,
            783.077263110097,
            613.0097878500799,
            603.9412223056147,
            564.309312345632,
            272.88275870783775,
            322.98761586166114,
            194.57903278616638,
            445.1033587831033,
            1014.7497228380996,
            505.460186364861,
            843.7357406202489,
            518.645350890182,
            568.1241061599128,
            628.6111675749962,
            1024.2275137878303,
            610.0040983468882,
            384.1471072388806,
            962.5559723984887,
            616.4478891195914,
            624.7695575170096,
            764.1374221957723,
            75.43208866258443,
            969.0417947642919,
            181.79658962697843,
            359.77770914830177,
            878.9567679926015
        ],
        [
            560.7147224748071,
            752.0757940527005,
            430.8236298069083,
            875.0154284354077,
            703.6000284252411,
            244.13111231467406,
            378.93007270471423,
            0,
            737.9566382925219,
            228.39658491317246,
            844.3151070542324,
            670.9292063996022,
            432.852168759728,
            229.31419493786248,
            749.0220290485454,
            239.40342520523805,
            590.4955545980004,
            114.97825881443848,
            924.5501608890671,
            548.4851866732591,
            298.0738163609813,
            450.52524901496923,
            367.1103376370652,
            535.2476062534049,
            495.13836450026776,
            495.5370823661939,
            789.3807699709944,
            576.4312621640155,
            755.7440042765804,
            547.0109688114125,
            366.30724808553816,
            95.524865872714,
            564.3979092803232,
            66.21933252457322,
            1129.3471565466484,
            488.2069233429612,
            745.7305143280648,
            188.48076824970767,
            191.47062437878034,
            673.7863162754197,
            869.1432563162416,
            273.8923146055763,
            701.1312288009998,
            852.0152580793374,
            767.001955668954,
            271.9503631179778,
            601.945180228233,
            454.29725951187515,
            926.8538180317324,
            351.8323464379022,
            480.5538471389028,
            629.0063592683305
        ],
        [
            659.1183505259127,
            713.2699348773926,
            332.1219655488026,
            253.5034516530298,
            272.3692346796899,
            572.0314676658969,
            464.9042912256242,
            737.9566382925219,
            0,
            536.4000372856065,
            149.37201879870273,
            94.03190947758108,
            320.4325201973108,
            789.3066577699697,
            686.8784463061859,
            658.1565163393886,
            777.7692459849516,
            646.7456996378097,
            642.5177040362389,
            856.7520061254598,
            904.6391545804327,
            385.40498180485423,
            400.2923931328199,
            744.6408530291632,
            541.5847117487716,
            909.2221950656507,
            558.0985576042998,
            517.8889842427621,
            258.68320393871727,
            475.748883340781,
            383.60005213763986,
            646.4711903867023,
            330.17722513825817,
            795.9302733280097,
            619.6781422641919,
            460.341177823579,
            728.4078527857865,
            782.2307843597055,
            887.1172414061177,
            419.76183723630714,
            936.3386139639869,
            852.0357973700401,
            118.94956914591998,
            832.1117713384423,
            266.92320993124594,
            886.1269660720185,
            752.0864312032229,
            427.029273001278,
            753.9562321514427,
            387.7034949545851,
            302.1655175561897,
            943.173897009454
        ],
        [
            577.8875323105699,
            750.0006666663704,
            281.80134847086873,
            711.5567440478658,
            566.2102083148978,
            248.36465126905642,
            157.2800050864699,
            228.39658491317246,
            536.4000372856065,
            0,
            659.564250092438,
            459.4877582700109,
            217.60974242896387,
            392.18618027666395,
            738.4937372787937,
            316.22302256477155,
            648.6447409792205,
            194.28072472584614,
            862.3375209278556,
            648.4944101532411,
            492.79306001606795,
            222.46348014898985,
            143.0279692927226,
            593.0303533546997,
            472.0095338020197,
            631.2020278801392,
            728.04738856753,
            534.0936247513165,
            610.4817769598042,
            490.4222670311779,
            218.35750502329887,
            165.71059109181888,
            336.14877658560647,
            294.27877939124323,
            1012.3280100836882,
            427.60378857068144,
            750.2939423985775,
            361.77340974704043,
            413.70762622895893,
            584.7811556471361,
            915.0,
            453.4159238491741,
            483.44803236749243,
            867.2744663599867,
            622.7720289158786,
            467.5082886965749,
            647.3801047298256,
            230.8354392202376,
            899.0155727238543,
            156.73225577397906,
            334.7730574583325,
            740.3161486824397
        ],
        [
            661.870833320218,
            674.4790582367995,
            417.16783193338387,
            118.45674315968677,
            234.65080438813757,
            650.7134546019469,
            605.5212630453203,
            844.3151070542324,
            149.37201879870273,
            659.564250092438,
            0,
            243.01851781294363,
            450.946781782507,
            862.3044705902898,
            646.3389203815595,
            729.2146460405194,
            780.9078050576777,
            743.7849151468454,
            553.0795602804355,
            875.0771394568596,
            975.1410154434075,
            529.4572692862002,
            531.4978833447975,
            757.2753792379626,
            560.1089179793515,
            942.906676188052,
            495.13836450026776,
            514.5454304529387,
            192.4811679100062,
            482.6727669964403,
            478.81624868001296,
            749.8379825002198,
            479.48826888673716,
            897.5995766487415,
            481.10393887391945,
            486.83672827756124,
            692.567686222798,
            861.691940312778,
            976.4491794251251,
            386.5953957304717,
            897.0005574134277,
            921.6034939169882,
            264.6979410573494,
            783.4704844472444,
            194.0103090044444,
            959.4086720475274,
            750.8408619674345,
            573.0008725996846,
            678.576451109232,
            504.5493038346203,
            373.56659379553736,
            954.1849925459946
        ],
        [
            663.8712224520657,
            742.13206371912,
            294.45712760943655,
            341.89179574830393,
            322.2623155133098,
            527.8882457490412,
            375.40644640176333,
            670.9292063996022,
            94.03190947758108,
            459.4877582700109,
            243.01851781294363,
            0,
            241.91940806805889,
            744.8791848346951,
            717.3311648046528,
            617.3815675900925,
            779.639019033809,
            587.6206259143734,
            701.5589782762387,
            847.5859838388079,
            860.4522066913421,
            293.82477771624366,
            319.07992729095326,
            741.126170095214,
            540.0,
            889.3598821624462,
            604.5494189890517,
            531.1167479942617,
            322.8761372415125,
            484.4842618702903,
            333.91166496545156,
            582.7495173743175,
            236.57768280207665,
            731.5934663458935,
            705.524627493612,
            457.20017497809425,
            755.2085804597297,
            733.45824693707,
            830.3764206671574,
            455.34382613581136,
            962.0311845257409,
            809.0988814724687,
            53.0754180388624,
            864.7820534678087,
            333.0615558721841,
            840.2743599563181,
            757.2185945947181,
            334.0538878684096,
            803.3853371826,
            319.3305497443049,
            278.6574958618555,
            937.469466169432
        ],
        [
            573.0619512757762,
            707.0678892440244,
            170.79227148791014,
            517.2475229520196,
            404.1633333195875,
            332.0858322783434,
            166.9281282468596,
            432.852168759728,
            320.4325201973108,
            217.60974242896387,
            450.946781782507,
            241.91940806805889,
            0,
            537.6244042079935,
            688.4104880084267,
            422.64050918008326,
            672.8461934201605,
            360.21243731997924,
            753.4056012534019,
            710.6454812351936,
            650.7480311149624,
            122.58874336577563,
            80.60397012554654,
            623.6769997362417,
            447.2191856349636,
            726.6264514865943,
            629.1144569949096,
            477.67143519369046,
            437.0286031829038,
            427.20018726587654,
            156.0833110873805,
            349.11602655850675,
            185.45619428857046,
            495.53405533827845,
            847.8266332216746,
            374.5624113549036,
            713.726137954888,
            518.8699258966549,
            602.0797289396147,
            472.05190392582887,
            905.996136857106,
            602.7569991298318,
            268.4250360901531,
            832.0775204270334,
            449.53865239821147,
            628.1608074370766,
            659.9734843158474,
            171.04677722775133,
            820.7149322389596,
            90.75791976461336,
            204.707107839469,
            804.7322536098576
        ],
        [
            396.18177646126026,
            586.0179178148054,
            457.18486414141057,
            861.7105082334787,
            672.3362254110662,
            217.5890622251036,
            548.0009124079995,
            229.31419493786248,
            789.3066577699697,
            392.18618027666395,
            862.3044705902898,
            744.8791848346951,
            537.6244042079935,
            0,
            589.9330470485613,
            133.09019498069722,
            391.52266856466946,
            197.9520143873257,
            799.1820818812193,
            328.0746866187637,
            115.62439189029278,
            599.3362995847991,
            497.75596430379414,
            341.1231449198368,
            378.6357088284199,
            266.37192044207666,
            671.7328337962944,
            463.8124621007935,
            728.6878618448369,
            453.10043036836765,
            410.9720185122096,
            230.58620947489464,
            706.1572062933295,
            199.42417105255822,
            1048.7487783067975,
            410.2596738652241,
            574.9130369021041,
            41.59326868617084,
            156.01281998605114,
            594.0042087392984,
            665.4660021368485,
            65.14598989960933,
            786.55959723342,
            668.0007485025747,
            737.767578577427,
            97.25224933131365,
            410.9464685333116,
            618.5086903188992,
            771.8685121184826,
            446.8702272472401,
            491.7977226462116,
            402.7728888592181
        ],
        [
            193.9819579239265,
            28.635642126552703,
            517.8156042453722,
            564.9088422037665,
            419.7487343637858,
            517.4881641158569,
            824.2390429966298,
            749.0220290485454,
            686.8784463061859,
            738.4937372787937,
            646.3389203815595,
            717.3311648046528,
            688.4104880084267,
            589.9330470485613,
            0,
            511.84763357858753,
            240.78413569004087,
            642.4406587382216,
            240.3018934590404,
            360.90164865237176,
            652.345000747304,
            809.6104001308285,
            723.0435671520769,
            266.8332812825267,
            267.0805122055894,
            469.4731089210542,
            169.85876486069245,
            211.62466774929618,
            454.00991178607546,
            261.51290599127225,
            551.4027566126234,
            677.9210868530349,
            857.3289916945537,
            757.5176565598983,
            545.0146787014089,
            318.77892025665693,
            49.47726750741192,
            620.6681883260974,
            745.861247149897,
            267.34621747838514,
            251.21305698549986,
            611.2487218800544,
            769.9201257273381,
            147.85127662620977,
            452.4621531133847,
            654.4807101817439,
            206.4945519862449,
            855.581673483017,
            181.94504664870652,
            642.6196386666066,
            488.3052324110402,
            395.3795644693843
        ],
        [
            321.65975812961125,
            513.6535797597444,
            326.3816784073518,
            730.1520389617493,
            542.0193723475205,
            91.18113840043894,
            461.81598066762484,
            239.40342520523805,
            658.1565163393886,
            316.22302256477155,
            729.2146460405194,
            617.3815675900925,
            422.64050918008326,
            133.09019498069722,
            511.84763357858753,
            0,
            356.23728047468586,
            146.23952953972463,
            700.4034551599527,
            335.18054836162554,
            247.05060210410335,
            499.768946614333,
            394.8518709592244,
            300.0599940011997,
            269.65162710430656,
            316.7412192942371,
            567.9718302873832,
            354.7745763157219,
            598.1412876570217,
            335.5964838909967,
            284.78237305001863,
            185.9704277566732,
            599.917494327345,
            246.6110297614444,
            932.236557961551,
            286.2446506050375,
            506.7109629759357,
            137.800580550301,
            265.75364531836624,
            473.8459665334295,
            634.0283905315282,
            194.02319448973105,
            660.9183005485625,
            612.6793614934325,
            607.5606965563194,
            230.25420734483873,
            364.66422912043345,
            526.2090839200707,
            691.5056037372366,
            333.1606219228197,
            359.1684841407999,
            425.31517725094176
        ],
        [
            119.50732195141852,
            224.9644416346726,
            513.069196112961,
            726.6147534973398,
            547.1105921109553,
            401.15458367068425,
            770.584842830431,
            590.4955545980004,
            777.7692459849516,
            648.6447409792205,
            780.9078050576777,
            779.639019033809,
            672.8461934201605,
            391.52266856466946,
            240.78413569004087,
            356.23728047468586,
            0,
            502.0209158989294,
            480.03541536015865,
            120.70211265756703,
            430.2057647219526,
            781.691755105553,
            680.6092858608381,
            56.435804238089844,
            239.72692798265277,
            228.77936969928038,
            385.39460297207074,
            266.39069052802876,
            596.2314986647385,
            302.79035651750866,
            517.5364721447175,
            541.4794548272354,
            857.2000933271064,
            581.7387729900767,
            777.7634601856788,
            322.50426353770894,
            207.25105548585273,
            428.8822682275405,
            541.7767067713413,
            403.41665805962947,
            278.64852413031014,
            396.6988782439396,
            831.9819709585057,
            279.8303057211638,
            599.3104370858229,
            437.09953099951963,
            35.90264614203249,
            820.2737347983294,
            410.54232424927886,
            601.8380180746311,
            507.35490536704185,
            175.93180496999398
        ],
        [
            458.5117228599504,
            647.3407139984322,
            326.8960079291272,
            767.5519526390381,
            592.1798713228947,
            130.0,
            350.633712012978,
            114.97825881443848,
            646.7456996378097,
            194.28072472584614,
            743.7849151468454,
            587.6206259143734,
            360.21243731997924,
            197.9520143873257,
            642.4406587382216,
            146.23952953972463,
            502.0209158989294,
            0,
            811.1874012828354,
            478.1966122841106,
            300.59274775017445,
            406.2769991028288,
            308.6389476394708,
            445.7016939613311,
            383.7004039612156,
            445.72749522550214,
            675.7114768893599,
            463.4706031670186,
            645.2480143324735,
            432.68117592518394,
            265.6633207652121,
            39.81205847478877,
            516.283836663516,
            155.1934276958918,
            1014.7103034856797,
            373.4193353322776,
            642.4966925984911,
            168.24089871371942,
            243.00823031329617,
            558.8130277651014,
            779.1084648494073,
            259.37039152532424,
            623.1155591060137,
            752.3629443293975,
            656.2499523809507,
            275.94383486499567,
            509.0088407876625,
            422.234531984299,
            818.0476758722561,
            271.66523517005265,
            374.080205303622,
            565.8312469279158
        ],
        [
            412.04368700418166,
            261.00766272276377,
            596.9338321790783,
            444.78421734589466,
            379.86313324669976,
            681.1996770404402,
            911.2853559670539,
            924.5501608890671,
            642.5177040362389,
            862.3375209278556,
            553.0795602804355,
            701.5589782762387,
            753.4056012534019,
            799.1820818812193,
            240.3018934590404,
            700.4034551599527,
            480.03541536015865,
            811.1874012828354,
            0,
            600.5938727626182,
            875.0182855232226,
            874.6610772179131,
            808.5177796437131,
            500.2649298121947,
            431.4081594035977,
            707.9562133352598,
            135.988970140964,
            348.20970692960293,
            383.83590243748694,
            380.15786194684966,
            649.8445968075753,
            841.471330468246,
            892.503221282702,
            945.14866555479,
            311.46428366668306,
            442.19113514406865,
            282.15066896961275,
            824.559276219727,
            954.0020964337551,
            282.7030243913213,
            422.7067541452348,
            829.8144370881963,
            749.0367147209807,
            300.8072472531206,
            375.93217473368776,
            873.8935861991437,
            445.0,
            923.9550854884667,
            140.00357138301865,
            734.9510187760814,
            551.6094632980837,
            634.2002838220747
        ],
        [
            221.03619613086,
            343.7120888185343,
            564.6069429257844,
            830.0457818698917,
            644.6495171796844,
            403.0334973671544,
            785.468013352549,
            548.4851866732591,
            856.7520061254598,
            648.4944101532411,
            875.0771394568596,
            847.5859838388079,
            710.6454812351936,
            328.0746866187637,
            360.90164865237176,
            335.18054836162554,
            120.70211265756703,
            478.1966122841106,
            600.5938727626182,
            0,
            338.73293314940605,
            809.3485034272937,
            704.8248009257336,
            119.50732195141853,
            316.9006153354708,
            111.28791488746656,
            504.7236867831745,
            365.03835414925925,
            696.5809357138623,
            392.4245150344203,
            555.1801509420163,
            517.811741852191,
            895.9670752879259,
            527.0341544909589,
            897.9916480680653,
            396.54760117796695,
            324.8907508686574,
            369.0,
            464.66869918254656,
            509.00687618145196,
            348.5541564807398,
            315.63428204173255,
            898.5059821726287,
            381.47345910298924,
            700.8851546437547,
            350.7720057245162,
            156.26259949200895,
            843.0005931196016,
            526.2109843019243,
            630.7535176279241,
            569.434807506531,
            94.26027795418386
        ],
        [
            463.6733764192203,
            643.9580731693641,
            572.5460680154916,
            970.3463299255579,
            779.5261381121227,
            333.1786307673408,
            650.0123075757874,
            298.0738163609813,
            904.6391545804327,
            492.79306001606795,
            975.1410154434075,
            860.4522066913421,
            650.7480311149624,
            115.62439189029278,
            652.345000747304,
            247.05060210410335,
            430.2057647219526,
            300.59274775017445,
            875.0182855232226,
            338.73293314940605,
            0,
            706.629322912657,
            607.1655457945551,
            388.7235521549987,
            470.9161284135424,
            245.9532475898621,
            753.5263764461068,
            553.7300786484333,
            836.0316979636598,
            549.8117859777108,
            526.5405967254568,
            327.2873355325562,
            815.5544126543612,
            246.78938388836747,
            1139.2809135590749,
            512.9229961699905,
            629.8650649147006,
            133.0150367439712,
            139.90353819685905,
            691.0542670442026,
            687.2626863143378,
            53.600373133029585,
            901.9007705950805,
            709.6943003857365,
            844.6182569658318,
            26.1725046566048,
            456.64209179618996,
            722.5025951510487,
            832.2655826117046,
            560.0446410778341,
            606.2111843244069,
            391.62354372534855
        ],
        [
            687.1302642148721,
            827.6817021053444,
            291.880112374927,
            611.0621899610546,
            518.0887954781497,
            413.92390605037536,
            86.37708029332781,
            450.52524901496923,
            385.40498180485423,
            222.46348014898985,
            529.4572692862002,
            293.82477771624366,
            122.58874336577563,
            599.3362995847991,
            809.6104001308285,
            499.768946614333,
            781.691755105553,
            406.2769991028288,
            874.6610772179131,
            809.3485034272937,
            706.629322912657,
            0,
            105.38026380684383,
            730.3841455015298,
            563.2379603684398,
            813.7677801436968,
            751.383390819893,
            598.3661086659238,
            545.8149869690278,
            548.1313711146261,
            266.1766330841233,
            384.0338526744745,
            113.99122773266372,
            516.575260731677,
            955.4611452068577,
            493.7053777304841,
            833.6935887962675,
            573.7752173107514,
            635.710625992676,
            594.0210433982958,
            1022.9980449639187,
            663.2103738633767,
            299.1320778519081,
            952.3239994875694,
            558.1621628165062,
            682.1803280658276,
            771.3604864134537,
            49.64876634922564,
            943.3032386247806,
            180.01388835309345,
            327.28733553255614,
            903.5673743556703
        ],
        [
            589.963558196606,
            739.3754120877973,
            212.3982109152523,
            595.8003021147271,
            473.47333610246733,
            308.56117707838746,
