{
    "depot": [
        583,
        401
    ],
    "final_destination": [
        330,
        108
    ],
    "requests": [
        [
            [
                965,
                770
            ],
            [
                369,
                109
            ]
        ],
        [
            [
                252,
                490
            ],
            [
                229,
                371
            ]
        ],
        [
            [
                279,
                861
            ],
            [
                261,
                516
            ]
        ],
        [
            [
                424,
                41
            ],
            [
                238,
                198
            ]
        ],
        [
            [
                710,
                890
            ],
            [
                932,
                437
            ]
        ],
        [
            [
                985,
                764
            ],
            [
                519,
                670
            ]
        ],
        [
            [
                478,
                642
            ],
            [
                254,
                5
            ]
        ],
        [
            [
                589,
                834
            ],
            [
                759,
                326
            ]
        ],
        [
            [
                822,
                232
            ],
            [
                408,
                397
            ]
        ],
        [
            [
                319,
                997
            ],
            [
                84,
                762
            ]
        ],
        [
            [
                246,
                767
            ],
            [
                763,
                661
            ]
        ],
        [
            [
                661,
                3
            ],
            [
                801,
                488
            ]
        ],
        [
            [
                610,
                452
            ],
            [
                120,
                424
            ]
        ],
        [
            [
                395,
                159
            ],
            [
                552,
                646
            ]
        ],
        [
            [
                509,
                558
            ],
            [
                886,
                248
            ]
        ],
        [
            [
                76,
                797
            ],
            [
                623,
                204
            ]
        ],
        [
            [
                72,
                901
            ],
            [
                437,
                943
            ]
        ],
        [
            [
                459,
                758
            ],
            [
                40,
                435
            ]
        ],
        [
            [
                499,
                832
            ],
            [
                628,
                279
            ]
        ],
        [
            [
                390,
                510
            ],
            [
                140,
                390
            ]
        ],
        [
            [
                909,
                88
            ],
            [
                141,
                200
            ]
        ],
        [
            [
                491,
                191
            ],
            [
                822,
                602
            ]
        ],
        [
            [
                672,
                906
            ],
            [
                824,
                525
            ]
        ],
        [
            [
                133,
                32
            ],
            [
                768,
                108
            ]
        ],
        [
            [
                256,
                934
            ],
            [
                513,
                391
            ]
        ]
    ],
    "travel_costs": [
        [
            0,
            531.1167479942617,
            342.7564733159682,
            551.3764594177013,
            393.54923453108125,
            505.22272316276513,
            541.6391787897179,
            262.88020085202305,
            433.0415684434925,
            292.71487833726525,
            651.8527441071334,
            497.5188438642299,
            405.5712021334848,
            57.706152185014034,
            306.4441221495364,
            173.5655495770978,
            643.3234023413108,
            714.9272690281159,
            377.9219496139381,
            439.10932579484125,
            221.65288177689007,
            451.9347298006649,
            229.26840166058645,
            512.7826050091793,
            581.9458737717795,
            625.3143209618663,
            362.0220987729893,
            355.2689122340991,
            341.91958118832565,
            400.2923931328199,
            350.85182057387135,
            276.508589378341,
            514.8368673667417,
            191.31387822110554,
            175.04570831642803,
            615.8912241621891,
            316.2277660168379,
            234.71898091121645,
            463.5709222977644,
            246.95343690663628,
            339.4377704381173,
            201.0198995124612,
            561.3198731561176,
            544.063415421401,
            130.034610777285,
            443.1365478043986,
            485.55638189606776,
            312.28512612674973,
            271.02951868754076,
            346.5169548521399,
            70.71067811865476,
            387.1149700024529
        ],
        [
            531.1167479942617,
            0,
            766.0084855926858,
            692.009392999835,
            907.8116544746492,
            281.824413420839,
            20.8806130178211,
            503.5404651068273,
            381.40791811392694,
            556.6803391534498,
            684.7225715572695,
            719.0062586653888,
            825.0484834238531,
            476.601510698403,
            835.596194342698,
            502.87175303450874,
            889.4099167425558,
            902.5574773940992,
            506.14227248867485,
            470.10637094172637,
            631.0507111159926,
            684.2952579113785,
            748.27601859207,
            323.02476685232665,
            1112.145673911471,
            727.720413345675,
            890.0207862741186,
            837.1959149446443,
            748.4196683679552,
            925.0475663445637,
            334.6311402126228,
            457.0732982793898,
            1044.3878589872634,
            489.4609279605472,
            670.3566215082834,
            881.0363216122252,
            229.532132826757,
            326.2207841324645,
            913.0941901030802,
            431.2134042443486,
            527.9441258315126,
            661.3017465575,
            555.6194741007554,
            983.7936775564275,
            595.5249784853696,
            908.3088681720553,
            1001.9361257086201,
            220.61958208645035,
            282.6764935398768,
            690.6902344756294,
            589.8686294421835,
            917.3161941228335
        ],
        [
            342.7564733159682,
            766.0084855926858,
            0,
            371.9811823197512,
            480.8170130101471,
            608.0822312812635,
            782.5375390356681,
            272.360055808483,
            481.5651565468582,
            625.6708399789782,
            511.4078607139315,
            277.0649743291274,
            635.963835449784,
            360.01111093964863,
            360.568994784632,
            265.8439391823707,
            353.8714455844099,
            448.68808765109867,
            338.6340207362515,
            421.8684629123158,
            139.44174410842686,
            770.2291866710842,
            382.7819222481647,
            591.1480356052957,
            473.2071428032337,
            444.01801765243715,
            398.55990766759265,
            121.2023102090055,
            27.51363298439521,
            292.33542378576016,
            682.0623138687549,
            322.0077638815562,
            485.0041236938094,
            532.8648984498791,
            181.61773041198373,
            319.69985924300937,
            538.8524844519138,
            549.0036429751627,
            147.58048651498612,
            338.13606728652894,
            678.6162391219355,
            468.4410315077021,
            489.31993623804055,
            219.01826407859232,
            431.15774375511336,
            150.14659503298768,
            310.51731030652707,
            580.8993028055722,
            573.0698037761194,
            642.0124609382593,
            279.14512354687486,
            389.8820334408858
        ],
        [
            551.3764594177013,
            692.009392999835,
            371.9811823197512,
            0,
            832.7214420200792,
            431.9745362865732,
            712.6324438306187,
            295.90876972472444,
            311.1735849971845,
            830.957279286968,
            141.76036117335482,
            99.62429422585639,
            939.1954003294521,
            526.1577710155007,
            711.5195007868723,
            380.40636167130543,
            212.8497122384712,
            210.82931484971442,
            207.38611332488009,
            221.90313201935658,
            368.13312809362867,
            997.2106096507397,
            702.7403503428561,
            395.5679461230397,
            841.7582788425666,
            76.53757247260982,
            757.3664898845209,
            492.54441424099,
            345.469246098694,
            664.266512779321,
            778.5788335165553,
            306.72626232522055,
            856.3649922784093,
            718.7663041629039,
            481.59838039594774,
            218.69156362329116,
            523.6945674723006,
            641.5707287587238,
            465.02688094345683,
            347.4967625748476,
            862.6807057075057,
            741.6097356426762,
            178.01123560045306,
            488.4639188312684,
            678.6199230791857,
            491.0824777977728,
            675.2518048846667,
            601.6061834788602,
            640.2507321354658,
            897.8474257912644,
            525.0295229794226,
            754.7251155222013
        ],
        [
            393.54923453108125,
            907.8116544746492,
            480.8170130101471,
            832.7214420200792,
            0,
            895.8777818430369,
            915.1229425601788,
            603.4210801753615,
            809.9839504582791,
            441.4578122539004,
            961.7489277353004,
            747.5025083569953,
            240.02708180536627,
            451.1285847737871,
            121.51131634543343,
            523.9408363546404,
            832.2499624511856,
            929.2491592678468,
            717.8537455498856,
            794.5476700614005,
            470.2307943978148,
            487.2719979641761,
            164.28329190760695,
            899.8494318495733,
            291.1391419922783,
            908.6655050127082,
            87.45856161634491,
            383.30797017541914,
            502.1892073710864,
            243.402958075698,
            644.1117915393258,
            636.1336337594485,
            173.76996288196642,
            439.829512424985,
            356.3593691766782,
            797.1455325095914,
            706.6264925687402,
            584.7546494043463,
            488.9836398081228,
            618.3922703268533,
            506.2538888739523,
            257.23530084341064,
            902.0936758452527,
            550.1745177668628,
            313.4645115479581,
            449.95221968560173,
            324.6074552440224,
            687.8408246098802,
            627.8980809016699,
            350.46397817750113,
            361.1384775955063,
            115.43396380615197
        ],
        [
            505.22272316276513,
            281.824413420839,
            608.0822312812635,
            431.9745362865732,
            895.8777818430369,
            0,
            302.4913221895795,
            339.599764428658,
            133.33041663476493,
            667.4638566993721,
            405.37636832948215,
            480.02604096027954,
            888.3524075500667,
            449.27051984300056,
            795.9811555558334,
            388.1043674065006,
            640.7846752224963,
            638.0948205400198,
            283.59301824974466,
            218.82641522448796,
            496.78969393496885,
            826.3201558718024,
            732.5039249041605,
            41.2310562561766,
            1033.9695353345764,
            456.12717524830725,
            852.1983337228488,
            707.6171281137844,
            584.3603340405643,
            837.6443159241278,
            504.47299233953044,
            291.3434399467405,
            995.57069060916,
            566.1245446012741,
            578.1461752878764,
            638.9522673877916,
            235.05318547086316,
            412.17108098458345,
            751.8350883006192,
            290.68883707497264,
            665.6876144258656,
            691.4947577530867,
            278.09710534272017,
            809.8919681043886,
            616.4778990361293,
            758.2216034906945,
            894.3494842621647,
            309.01132665324747,
            382.38854585355983,
            784.1479452246241,
            536.4792633457513,
            869.4388995208346
        ],
        [
            541.6391787897179,
            20.8806130178211,
            782.5375390356681,
            712.6324438306187,
            915.1229425601788,
            302.4913221895795,
            0,
            521.4719551423642,
            402.1392793548026,
            556.410819449083,
            705.5813206144279,
            739.0060892847906,
            827.1015657100403,
            487.82066376897154,
            845.0591695260161,
            518.6636675148935,
            909.5988126641328,
            923.2215335443601,
            526.0342194192314,
            490.7341439109368,
            646.9474476338863,
            680.2587742910781,
            756.5480817502613,
            343.70481521212355,
            1123.26666468831,
            748.5592828894717,
            899.1557151016724,
            852.0475338852874,
            765.2973278406243,
            937.2112888778069,
            331.2672637010787,
            475.3861588224882,
            1053.7751183245882,
            492.8691509924313,
            683.8260012605546,
            901.0022197530924,
            244.7304639802736,
            331.710717342687,
            929.4218633107357,
            448.79059704944797,
            525.4112674848152,
            666.8163165370206,
            576.4937120212154,
            1000.6327997822178,
            602.2242107388244,
            924.0676382170301,
            1015.1019653217108,
            229.81079173963957,
            288.17008866292844,
            690.9594778277523,
            601.592054468807,
            927.0172598177447
        ],
        [
            262.88020085202305,
            503.5404651068273,
            272.360055808483,
            295.90876972472444,
            603.4210801753615,
            339.599764428658,
            521.4719551423642,
            0,
            221.77691493931465,
            535.1971599326738,
            388.9807193165235,
            263.53178176455305,
            664.6878966853542,
            231.35254483147574,
            490.0795853736412,
            89.53770155638351,
            430.84684053617013,
            481.57761575887224,
            117.5457357797381,
            191.15700353374447,
            158.64425612041552,
            701.9095383309732,
            451.1873225169342,
            327.6156284428446,
            700.8031107236897,
            366.80785160626,
            544.0312491024757,
            368.0244557091281,
            250.9282766050889,
            504.71378027551424,
            498.1375312100063,
            49.648766349225646,
            675.2369954319743,
            422.8675915697489,
            254.80384612481814,
            411.86891118412905,
            285.6326311890853,
            357.8337602854152,
            419.1515239146817,
            74.1080292545956,
            567.1860364994893,
            461.37728596019986,
            303.7795253140014,
            484.4512359360847,
            392.7709256042254,
            421.6017077764273,
            555.8174160639445,
            346.3177731506138,
            365.246492111834,
            607.6643810525675,
            253.42849090029318,
            554.1299486582546
        ],
        [
            433.0415684434925,
            381.40791811392694,
            481.5651565468582,
            311.1735849971845,
            809.9839504582791,
            133.33041663476493,
            402.1392793548026,
            221.77691493931465,
            0,
            645.5176217579191,
            315.38706378036494,
            349.48247452483224,
            834.1133016563157,
            382.57678967757573,
            702.3254231479877,
            287.36040089058895,
            514.3325772299477,
            521.3233161867978,
            150.58552387264854,
            90.02221947941518,
            380.23282341218254,
            811.7364104190472,
            650.4252455125031,
            109.87720418721983,
            922.5724903767725,
            347.6909547284772,
            757.6443756803055,
            586.4887040685438,
            456.84570699526114,
            726.4275600498648,
            524.6503597635286,
            178.31432920547917,
            894.128626093584,
            535.6902089827664,
            473.0010570812712,
            510.10685155171166,
            245.3670719554684,
            405.7831933434405,
            622.9454229705842,
            191.60636732634958,
            656.9665136062872,
            630.9167932461459,
            187.04277585621958,
            678.6766534956098,
            556.3685828657115,
            631.4562534332842,
            776.31179303164,
            328.80541358073776,
            388.2087067544982,
            747.7412654120408,
            449.4719123593821,
            770.8158016024322
        ],
        [
            292.71487833726525,
            556.6803391534498,
            625.6708399789782,
            830.957279286968,
            441.4578122539004,
            667.4638566993721,
            556.410819449083,
            535.1971599326738,
            645.5176217579191,
            0,
            915.551200097515,
            786.1303963083988,
            279.9321346326641,
            305.5225032628529,
            433.19510615887623,
            451.9347298006649,
            935.8103440334479,
            1005.0179102881699,
            639.0970192388633,
            681.4169061595111,
            513.7197679669335,
            168.24089871371942,
            333.52960888053104,
            690.4896813131968,
            717.440589874869,
            901.7538466787928,
            469.4017469076995,
            609.0730662244064,
            628.7901080646865,
            584.9888887833683,
            232.64780248263688,
            532.590837322611,
            611.6804721421144,
            113.15917991926241,
            445.66915980354753,
            908.5945190237502,
            433.03810455894063,
            256.8598839834668,
            727.7829346721452,
            494.26308783885537,
            65.96969000988257,
            200.96019506359957,
            808.5456078663715,
            807.9189315766774,
            199.61212388028937,
            700.062854320953,
            681.75142097395,
            370.0,
            293.00682585905747,
            135.2479205015737,
            347.50827328280974,
            507.3854550536505
        ],
        [
            651.8527441071334,
            684.7225715572695,
            511.4078607139315,
            141.76036117335482,
            961.7489277353004,
            405.37636832948215,
            705.5813206144279,
            388.9807193165235,
            315.38706378036494,
            915.551200097515,
            0,
            241.306858584666,
            1051.189802081432,
            617.8235994197696,
            841.4392432017893,
            478.35238057315036,
            314.7205109299361,
            265.0,
            276.9855591903665,
            244.1823089414956,
            492.1483516176804,
            1083.6886084111063,
            824.1480449530898,
            364.5408070436011,
            982.7619243743624,
            89.095454429505,
            889.4065437132784,
            632.4365580831013,
            484.4842618702903,
            803.0952620953507,
            830.2824820505368,
            383.3131878764413,
            994.1272554356408,
            802.397033892823,
            606.5649182074413,
            332.34018715767735,
            556.8051723897687,
            701.0028530612411,
            606.5723369887552,
            421.2956206750789,
            939.4093889247647,
            849.273218699377,
            129.76902558006668,
            627.4432245231436,
            781.6680881294823,
            632.8427924848319,
            816.635169460635,
            639.557659636721,
            691.2372964474646,
            995.9528101270663,
            636.2955288228891,
            889.0680513886438
        ],
        [
            497.5188438642299,
            719.0062586653888,
            277.0649743291274,
            99.62429422585639,
            747.5025083569953,
            480.02604096027954,
            739.0060892847906,
            263.53178176455305,
            349.48247452483224,
            786.1303963083988,
            241.306858584666,
            0,
            869.4371742685034,
            481.3740749147175,
            625.9912139958516,
            335.9315406448165,
            172.6267650163207,
            219.61784991206886,
            213.19005605327843,
            261.21638539724114,
            294.5929394944828,
            949.0047418216623,
            625.9400929801509,
            448.1037826218386,
            743.6356634804439,
            167.2991332912397,
            669.3974902851071,
            396.3647310243433,
            251.4478077056947,
            569.0562362368065,
            761.246346460855,
            289.72055501810706,
            762.0419935935289,
            676.4983370267809,
            403.9108812597155,
            162.077142126828,
            527.7546778570513,
            621.1811330038928,
            365.4107278118693,
            329.05470669783773,
            823.9908980079816,
            677.5677087937411,
            259.724854413281,
            390.7172890978847,
            619.7322002284535,
            391.61843674679056,
            576.6402691453312,
            599.1669216503863,
            626.6163100335004,
            840.6931663811714,
            461.156155765051,
            664.3319953155952
        ],
        [
            405.5712021334848,
            825.0484834238531,
            635.963835449784,
            939.1954003294521,
            240.02708180536627,
            888.3524075500667,
            827.1015657100403,
            664.6878966853542,
            834.1133016563157,
            279.9321346326641,
            1051.189802081432,
            869.4371742685034,
            0,
            451.88715405508043,
            308.3699077406873,
            575.4380939771019,
            986.2357730279306,
            1073.9296997476138,
            781.555500268535,
            844.6804129373428,
            574.8825967099717,
            262.16216355530787,
            253.4640013887574,
            903.0669964072433,
            528.7958017987662,
            1015.2763170684126,
            310.64449134018133,
            567.4927312309824,
            650.5144118311292,
            465.78321137627967,
            511.661020598599,
            681.9479452274932,
            407.00491397524917,
            337.53962730322496,
            468.2360515808239,
            953.4201592162817,
            665.8588439001168,
            504.80194135918293,
            685.5085703330047,
            652.1732898547747,
            332.6409475695979,
            204.56050449683585,
            966.3208576865139,
            756.4819892105826,
            277.96582523756405,
            649.0069337071832,
            556.0656436069397,
            620.2596230611823,
            546.8573854306075,
            149.91330828182,
            415.26858778385827,
            347.254949568757
        ],
        [
            57.706152185014034,
            476.601510698403,
            360.01111093964863,
            526.1577710155007,
            451.1285847737871,
            449.27051984300056,
            487.82066376897154,
            231.35254483147574,
            382.57678967757573,
            305.5225032628529,
            617.8235994197696,
            481.3740749147175,
            451.88715405508043,
            0,
            363.41986737106157,
            146.4137971640651,
            635.7523102592708,
            700.7460310269335,
            341.2286623365628,
            395.8800323330289,
            227.51703232945,
            471.05944423182933,
            286.84839201222655,
            458.21392383907323,
            635.5540889648969,
            598.0300995769361,
            419.2016221342661,
            389.51508314826526,
            354.8196725098539,
            450.4442251822083,
            322.3491895445062,
            236.23081932719958,
            571.4411605756098,
            195.1332877804297,
            209.35376758014172,
            610.5538469291632,
            259.01737393464555,
            194.36306233438492,
            490.79934800282695,
            202.48456731316588,
            343.2083915058022,
            248.34049206683954,
            520.5862080385918,
            570.2534524226924,
            173.93389548906214,
            474.0717245312148,
            532.4143123545798,
            259.69982672308424,
            226.10838109190024,
            378.54986461495395,
            114.58621208504974,
            443.5493208201315
        ],
        [
            306.4441221495364,
            835.596194342698,
            360.568994784632,
            711.5195007868723,
            121.51131634543343,
            795.9811555558334,
            845.0591695260161,
            490.0795853736412,
            702.3254231479877,
            433.19510615887623,
            841.4392432017893,
            625.9912139958516,
            308.3699077406873,
            363.41986737106157,
            0,
            414.96626368898956,
            713.3056848224329,
            809.254595291247,
            602.4093292770291,
            680.9882524684255,
            351.03561072916807,
            518.8805257474982,
            101.19288512538814,
            796.7044621438995,
            291.15803269015265,
            787.3664966202208,
            56.356011214421486,
            269.2582403567252,
            381.3200755271089,
            161.77144370994532,
            604.6924838295909,
            525.8298203791793,
            208.79894635749483,
            400.48096084583096,
            238.35477759004536,
            678.4762339242253,
            622.437145421126,
            522.5676989634932,
            381.90312907856617,
            511.6815415861705,
            499.001002003002,
            232.39836488237174,
            785.1241939973572,
            449.66765505203955,
            262.08586379276545,
            344.0726667435238,
            257.2877766237643,
            615.2869249382762,
            563.9122272127108,
            376.4704503676218,
            260.2844597743015,
            82.61961026293939
        ],
        [
            173.5655495770978,
            502.87175303450874,
            265.8439391823707,
            380.40636167130543,
            523.9408363546404,
            388.1043674065006,
            518.6636675148935,
            89.53770155638351,
            287.36040089058895,
            451.9347298006649,
            478.35238057315036,
            335.9315406448165,
            575.4380939771019,
            146.4137971640651,
            414.96626368898956,
            0,
            494.5806304335017,
            555.533977358721,
            206.15528128088303,
            274.18242102658587,
            128.3160161476345,
            617.1709649683789,
            367.44115175086193,
            384.2824482070447,
            646.5694084937827,
            453.1942188510352,
            470.3201037591313,
            336.7031333385539,
            251.5313101782758,
            450.6007101636659,
            439.9659077701362,
            112.44554237496479,
            608.9614109284757,
            341.0630440255877,
            190.05788591900102,
            471.42443721130957,
            274.0894014733149,
            300.27320892813594,
            411.4328620808017,
            97.9438614717635,
            488.0870823941154,
            371.9032132154816,
            391.6746098485323,
            484.86080476771895,
            303.3183146465112,
            405.4442008464297,
            513.4082196459266,
            316.07752213657966,
            316.7238544852597,
            519.2119027911436,
            167.04789732289362,
            484.2943319924362
        ],
        [
            643.3234023413108,
            889.4099167425558,
            353.8714455844099,
            212.8497122384712,
            832.2499624511856,
            640.7846752224963,
            909.5988126641328,
            430.84684053617013,
            514.3325772299477,
            935.8103440334479,
            314.7205109299361,
            172.6267650163207,
            986.2357730279306,
            635.7523102592708,
            713.3056848224329,
            494.5806304335017,
            0,
            104.07689465006149,
            384.98051898764953,
            424.44552065017723,
            425.3998119416604,
            1093.8784210322463,
            734.4800882256782,
            605.885302677,
            767.1205902594455,
            226.2056586383285,
            747.7920834028666,
            452.642242836437,
            336.4312708414603,
            620.519943273381,
            928.6204822208048,
            460.8448762870214,
            811.7561210117236,
            829.6565554493017,
            519.8307416842524,
            35.90264614203249,
            700.3320640953119,
            788.1027851746244,
            375.5862084794914,
            499.3766113866367,
            978.5198005150432,
            806.7577083610666,
            389.4059578383464,
            363.78565117387467,
            756.9861293313107,
            412.0012135904457,
            600.5281009245113,
            771.0648481159026,
            795.9195939289345,
            976.5167689292387,
            596.49392285253,
            734.3275835756137
        ],
        [
            714.9272690281159,
            902.5574773940992,
            448.68808765109867,
            210.82931484971442,
            929.2491592678468,
            638.0948205400198,
            923.2215335443601,
            481.57761575887224,
            521.3233161867978,
            1005.0179102881699,
            265.0,
            219.61784991206886,
            1073.9296997476138,
            700.7460310269335,
            809.254595291247,
            555.533977358721,
            104.07689465006149,
            0,
            412.57484169541897,
            432.53901558125364,
            503.98908718344296,
            1166.849604704908,
            824.4155505568779,
            600.0208329716561,
            871.1383357423779,
            186.93581786270923,
            845.8563707864355,
            552.7648686376514,
            428.88926309713094,
            722.33302568829,
            977.1878018067971,
            503.16001430956334,
            914.297544566319,
            895.8761075059431,
            605.7326142779502,
            139.51702405083043,
            731.4923102808394,
            837.8603702288347,
            479.40901117938955,
            543.5301279598032,
            1043.5540235177093,
            888.4874788087899,
            367.4084920085544,
            467.09742024549865,
            834.2781310809962,
            515.50460715691,
            704.3876773482058,
            807.403864246388,
            840.761559539921,
            1055.113737944872,
            674.2262231625228,
            833.9142641782788
        ],
        [
            377.9219496139381,
            506.14227248867485,
            338.6340207362515,
            207.38611332488009,
            717.8537455498856,
            283.59301824974466,
            526.0342194192314,
            117.5457357797381,
            150.58552387264854,
            639.0970192388633,
            276.9855591903665,
            213.19005605327843,
            781.555500268535,
            341.2286623365628,
            602.4093292770291,
            206.15528128088303,
            384.98051898764953,
            412.57484169541897,
            0,
            84.11896337925236,
            257.41989045137905,
            807.093550959243,
            567.902280326466,
            259.37039152532424,
            795.8341535772387,
            268.6726632912251,
            655.2106531490464,
            450.18773861579126,
            312.67874887814173,
            602.0307301126745,
            571.6379973374758,
            106.50821564555477,
            780.4063044337865,
            525.950568019467,
            364.5846952355516,
            375.021332726553,
            319.100297712177,
            435.7338637287674,
            475.89599704137044,
            145.57815770231468,
            665.1533657736387,
            577.7646579707,
            186.30351580150065,
            529.0463117724194,
            507.9389727122738,
            487.016426827679,
            642.2522868779837,
            395.1012528453941,
            433.0288673980062,
            719.7089689589815,
            370.9514793069304,
            662.6771461277353
        ],
        [
            439.10932579484125,
            470.10637094172637,
            421.8684629123158,
            221.90313201935658,
            794.5476700614005,
            218.82641522448796,
            490.7341439109368,
            191.15700353374447,
            90.02221947941518,
            681.4169061595111,
            244.1823089414956,
            261.21638539724114,
            844.6804129373428,
            395.8800323330289,
            680.9882524684255,
            274.18242102658587,
            424.44552065017723,
            432.53901558125364,
            84.11896337925236,
            0,
            339.9485255152609,
            849.4916126719556,
            641.049920053033,
            188.16216410320118,
            879.7476911023978,
            263.53937087274073,
            734.5944459359872,
            534.248069720425,
            395.60080889704966,
            685.6216157619303,
            586.1006739460381,
            163.22989922192565,
            862.5276807152336,
            568.8901475680519,
            444.4164713419159,
            420.8622102303793,
            314.5425249469458,
            457.75539319597317,
            556.8707210834485,
            193.40372281835738,
            700.5890378816956,
            640.1249877953524,
            127.1416532848303,
            606.8690138736694,
            567.8468103282786,
            569.425148724571,
            726.3525314886705,
            396.52112175771924,
            447.0727010229992,
            772.3580775780105,
            441.2221662609439,
            743.4628437252262
        ],
        [
            221.65288177689007,
            631.0507111159926,
            139.44174410842686,
            368.13312809362867,
            470.2307943978148,
            496.78969393496885,
            646.9474476338863,
            158.64425612041552,
            380.23282341218254,
            513.7197679669335,
            492.1483516176804,
            294.5929394944828,
            574.8825967099717,
            227.51703232945,
            351.03561072916807,
            128.3160161476345,
            425.3998119416604,
            503.98908718344296,
            257.41989045137905,
            339.9485255152609,
            0,
            668.9132978196801,
            334.6072324382723,
            486.1481255749116,
            542.7089459369544,
            444.6706646496933,
            401.54949881677106,
            212.7016690108472,
            129.13945950018532,
            347.0561914157418,
            546.8939568142987,
            205.526154053444,
            522.9923517605205,
            412.3311775745317,
            114.42464769445436,
            396.40887981981433,
            402.4052683551745,
            411.58838661944776,
            283.365488371467,
            211.51832071950648,
            560.9456301639224,
            384.61019227264376,
            435.54333883093653,
            357.9455265819088,
            331.6700167334997,
            277.3084924772409,
            397.6191645280695,
            441.6876724564542,
            434.2591392244958,
            551.8043131400841,
            171.14321488157222,
            406.45294930655876
        ],
        [
            451.9347298006649,
            684.2952579113785,
            770.2291866710842,
            997.2106096507397,
            487.2719979641761,
            826.3201558718024,
            680.2587742910781,
            701.9095383309732,
            811.7364104190472,
            168.24089871371942,
            1083.6886084111063,
            949.0047418216623,
            262.16216355530787,
            471.05944423182933,
            518.8805257474982,
            617.1709649683789,
            1093.8784210322463,
            1166.849604704908,
            807.093550959243,
            849.4916126719556,
            668.9132978196801,
            0,
            430.50319394866284,
            851.6413564406087,
            778.0179946505092,
            1068.7024843238646,
            540.4081790646769,
            736.5385258083925,
            776.5874065422385,
            679.9566162631261,
            349.7570585420686,
            700.5883241961716,
            660.2378359349001,
            281.32543432828817,
            588.6272164961454,
            1065.3173236177097,
            591.3078724319506,
            414.3235450707575,
            857.5645748280417,
            662.4296189030198,
            161.64467204334326,
            308.62922739105574,
            976.6314555655065,
            935.718974906462,
            339.7675676105652,
            826.1749209459217,
            776.1237014806338,
            521.3108477674333,
            445.18984714388984,
            142.41137595009747,
            498.6231041578398,
            579.3453201675146
        ],
        [
            229.26840166058645,
            748.27601859207,
            382.7819222481647,
            702.7403503428561,
