{
    "depot": [
        85,
        934
    ],
    "final_destination": [
        134,
        340
    ],
    "requests": [
        [
            [
                311,
                649
            ],
            [
                434,
                699
            ]
        ],
        [
            [
                162,
                101
            ],
            [
                242,
                998
            ]
        ],
        [
            [
                953,
                416
            ],
            [
                690,
                420
            ]
        ],
        [
            [
                6,
                725
            ],
            [
                581,
                102
            ]
        ],
        [
            [
                216,
                306
            ],
            [
                703,
                869
            ]
        ],
        [
            [
                573,
                535
            ],
            [
                805,
                601
            ]
        ],
        [
            [
                453,
                164
            ],
            [
                676,
                353
            ]
        ],
        [
            [
                835,
                528
            ],
            [
                143,
                134
            ]
        ],
        [
            [
                536,
                774
            ],
            [
                559,
                630
            ]
        ],
        [
            [
                470,
                11
            ],
            [
                69,
                119
            ]
        ],
        [
            [
                19,
                73
            ],
            [
                673,
                293
            ]
        ],
        [
            [
                453,
                33
            ],
            [
                962,
                382
            ]
        ],
        [
            [
                159,
                486
            ],
            [
                127,
                954
            ]
        ],
        [
            [
                46,
                595
            ],
            [
                739,
                485
            ]
        ],
        [
            [
                754,
                717
            ],
            [
                691,
                792
            ]
        ],
        [
            [
                192,
                599
            ],
            [
                764,
                812
            ]
        ],
        [
            [
                993,
                665
            ],
            [
                921,
                68
            ]
        ],
        [
            [
                565,
                159
            ],
            [
                968,
                524
            ]
        ],
        [
            [
                540,
                647
            ],
            [
                223,
                694
            ]
        ],
        [
            [
                453,
                94
            ],
            [
                422,
                17
            ]
        ],
        [
            [
                44,
                509
            ],
            [
                478,
                413
            ]
        ],
        [
            [
                321,
                370
            ],
            [
                675,
                551
            ]
        ],
        [
            [
                823,
                788
            ],
            [
                592,
                478
            ]
        ],
        [
            [
                357,
                232
            ],
            [
                273,
                226
            ]
        ],
        [
            [
                61,
                66
            ],
            [
                677,
                459
            ]
        ]
    ],
    "travel_costs": [
        [
            0,
            363.73204423036475,
            836.5512536599297,
            1010.8155123463431,
            223.4323163734378,
            641.5177316333509,
            630.353075664742,
            853.4190061159875,
            852.8399615402647,
            478.5404894050241,
            1000.0769970357281,
            863.5259115973302,
            973.254848433852,
            454.07047911089745,
            341.2359887233467,
            703.3135858207205,
            351.67314370022626,
            947.0084476919939,
            911.6057261777155,
            537.9535295915439,
            917.0736066423458,
            426.9730670662964,
            611.3853122213519,
            752.3031303935934,
            752.8532393501405,
            868.3317338436964,
            420.74457809935,
            169.5435047414085,
            793.8645980266408,
            968.62789553058,
            621.4088831035489,
            793.2773789791312,
            828.7593136731556,
            802.0997444208544,
            563.1092256392182,
            815.1570400849153,
            869.8419396649025,
            1036.259137474792,
            46.518813398452025,
            793.2950270863925,
            622.4146527838174,
            689.8731767506257,
            1203.6826824375269,
            973.5445547071793,
            276.8465278814238,
            976.9636636026952,
            652.6024823734583,
            703.4123968199593,
            681.8980862269669,
            732.5353233803814,
            759.0052700739304,
            596.0176171892907
        ],
        [
            363.73204423036475,
            0,
            567.8952368174961,
            682.9736451723448,
            314.3262636179166,
            355.9129106958611,
            285.72714256787015,
            505.3602675319855,
            537.7889920777479,
            257.390753524675,
            657.5142584005308,
            645.786342376486,
            632.1550442731592,
            222.87440409342656,
            270.4459280521709,
            448.1885763827543,
            129.07749610214788,
            682.1876574667707,
            551.9202840990716,
            229.0087334579186,
            572.8778229256218,
            301.47802573321985,
            279.17915394957413,
            530.5327511096747,
            419.5294983669206,
            634.3413907353043,
            132.77424449041314,
            355.75553403987976,
            442.8114722994425,
            610.0073770045736,
            449.51529451176634,
            496.3265054377008,
            469.9372298509664,
            541.7093316530554,
            248.72675770813242,
            582.6353919905655,
            507.7203954934251,
            703.6263212814029,
            356.20359346867906,
            458.34484834019895,
            406.0160095365699,
            481.433276789214,
            842.4137938091945,
            668.785466349262,
            98.83825170448941,
            641.6735930362104,
            289.110705439975,
            376.9615364994153,
            328.9407241434237,
            424.70342593390984,
            412.378466945111,
            356.10391741737413
        ],
        [
            836.5512536599297,
            567.8952368174961,
            0,
            851.4141178063704,
            643.2044775963551,
            211.9929244102265,
            597.7265260970104,
            297.7414986191881,
            797.030739683232,
            769.9383092170438,
            320.8800398902992,
            145.7154761856132,
            298.83942176359534,
            385.0116881342695,
            507.43669555916034,
            854.3535567901616,
            498.90279614369774,
            1004.3191723749976,
            407.1523056547758,
            664.0783086353597,
            291.08418026406036,
            424.72108494869906,
            312.4771991681953,
            953.3572258078291,
            234.9170066214875,
            106.89246933250256,
            656.9535752243077,
            900.5603810961261,
            616.883295283638,
            419.0011933157232,
            939.4173726305044,
            814.5237872524042,
            572.4508712544684,
            38.07886552931954,
            661.4000302388864,
            94.72592042308167,
            545.8800234483764,
            847.9156797701055,
            853.717751953185,
            693.0981171522544,
            870.242494940347,
            931.624924527033,
            759.7170525926083,
            910.2554586488345,
            596.1291806311783,
            273.23250172700904,
            444.0720662234904,
            682.399443141625,
            571.8644944390236,
            167.17057157286985,
            627.2073022534096,
            240.634577731464
        ],
        [
            1010.8155123463431,
            682.9736451723448,
            851.4141178063704,
            0,
            996.1375407040938,
            745.1637403953576,
            398.1971873331101,
            559.9142791535148,
            162.68988905276197,
            549.5934861331601,
            630.3284857913372,
            994.9899496979856,
            629.832517420306,
            797.0796697946826,
            924.4944564463327,
            360.83514241270905,
            782.6940653920917,
            252.19238687954083,
            465.39553070479735,
            473.21242587235594,
            594.7133763419148,
            913.7450410262154,
            633.6718393616684,
            394.06090899758124,
            623.7563626929989,
            958.2087455246898,
            591.1429607125505,
            918.8280579085514,
            263.0304164920856,
            486.805916151396,
            517.4060301156144,
            236.91559678501542,
            284.0739340383063,
            857.6852569561867,
            448.36592198783353,
            932.5583091689227,
            305.82511342268805,
            35.17101079013795,
            985.7585911367955,
            224.84883811129646,
            458.27939076506595,
            438.79038275696064,
            349.46816736292305,
            109.0366910723175,
            781.1427526387222,
            664.2002710026547,
            475.009473589738,
            309.0453041222274,
            366.285407844757,
            706.0453243241542,
            279.32955446926843,
            822.5186927967048
        ],
        [
            223.4323163734378,
            314.3262636179166,
            643.2044775963551,
            996.1375407040938,
            0,
            468.6800614491724,
            597.987458062458,
            717.3074654567594,
            852.0856764433962,
            532.2602746777183,
            851.5233408427509,
            652.1295883488189,
            823.8161202598551,
            283.7780823108085,
            136.01470508735446,
            748.0427795253423,
            224.65974272218864,
            988.8220264536991,
            795.5105279001655,
            539.6665637224527,
            773.2851996514611,
            219.31712199461313,
            474.60509900337144,
            819.4254084417936,
            605.1859218455102,
            661.2911612897907,
            428.78899239602686,
            360.86701151532264,
            748.919888906684,
            847.7936069586748,
            711.7197482155459,
            808.5647778626027,
            766.344570020562,
            606.6712454039666,
            561.1007039738945,
            609.2659517813219,
            794.6779221797972,
            1015.6697297842445,
            259.00193049473586,
            771.2904770577685,
            688.2688428223378,
            762.9764085474727,
            1126.4430744604895,
            982.7741347837763,
            219.20310216782974,
            821.1698971589253,
            565.7985507227816,
            691.2575496875241,
            635.9284550953826,
            565.9416931098115,
            721.8012191732569,
            405.7203470372172
        ],
        [
            641.5177316333509,
            355.9129106958611,
            211.9929244102265,
            745.1637403953576,
            468.6800614491724,
            0,
            424.1344126571198,
            276.2842738919463,
            657.6055048431393,
            566.9426778784606,
            389.2826736447437,
            305.11964866261894,
            361.5217835760385,
            188.80942773071476,
            335.2924096963723,
            677.0265873656662,
            293.981291921782,
            855.9263987049353,
            378.69512803837335,
            470.37963391286405,
            317.9827039321479,
            266.0695397823659,
            122.96747537458839,
            775.0954779896473,
            159.23881436383527,
            285.700892543233,
            449.4140629753368,
            692.4882670486194,
            487.51615357852506,
            418.13992873199754,
            744.4044599543987,
            658.745777975085,
            462.3948529125297,
            186.85020738548832,
            471.8315377335432,
            237.86130412490385,
            457.18486414141057,
            749.8613205119997,
            654.0833280248015,
            552.7838637297583,
            679.5741313499212,
            745.8820282055334,
            744.0893763520617,
            782.9610462851903,
            388.06313919258037,
            354.9042124292131,
            283.00706704957037,
            520.2941475742351,
            413.4730946506677,
            98.22932352408827,
            485.7262603565922,
            88.76936408468859
        ],
        [
            630.353075664742,
            285.72714256787015,
            597.7265260970104,
            398.1971873331101,
            597.987458062458,
            424.1344126571198,
            0,
            389.9243516375965,
            262.0934947685654,
            241.84705910967784,
            534.0271528677171,
            721.3598269934361,
            516.1433909293037,
            416.88967365479317,
            530.4045625746445,
            256.6807355451515,
            386.3379349740328,
            439.65895873961216,
            376.0850967533811,
            116.76043850551437,
            457.0350095999212,
            529.6385559983337,
            301.21254953935767,
            355.6810368855781,
            372.1088550411022,
            694.3378140357905,
            214.98139454380697,
            569.1484867765178,
            164.05486887014357,
            433.07389669662615,
            358.4075892053627,
            241.20530674095875,
            209.12436491236502,
            587.9634342371982,
            96.02603813549739,
            653.5074597890983,
            261.8472837361503,
            418.0071769718793,
            611.9452589897237,
            173.3666634621547,
            282.7949787390151,
            336.46693745448454,
            582.402781586764,
            395.15313487305144,
            384.4229441643669,
            539.5600059307583,
            154.62535367784935,
            103.24727599312246,
            60.083275543199214,
            430.67505151796286,
            128.80993750483694,
            480.3602814554925
        ],
        [
            853.4190061159875,
            505.3602675319855,
            297.7414986191881,
            559.9142791535148,
            717.3074654567594,
            276.2842738919463,
            389.9243516375965,
            0,
            527.6551904416368,
            615.6208248589386,
            153.9415473483361,
            443.43770701193193,
            131.0,
            436.0275220671282,
            592.7984480411534,
            629.610991009528,
            507.2928148515411,
            736.6145532094788,
            112.11155159036915,
            490.7728598853038,
            70.0,
            535.0756955796068,
            244.6630335788388,
            725.4488265894431,
            117.64352935882194,
            404.06435131053075,
            535.3372768638478,
            860.277280880996,
            348.8624370722649,
            142.22517358048822,
            748.01403730144,
            561.1354560175288,
            292.31831964486935,
            311.44823004794875,
            477.903756001143,
            386.6277279244208,
            255.03137061938085,
            553.7192429381519,
            854.620383562199,
            429.92673794496665,
            671.5861821091914,
            718.7663041629039,
            477.74470169746525,
            628.3510165504628,
            577.7542730261716,
            150.23315213360863,
            250.251873119863,
            446.1535610078664,
            343.3904483237704,
            190.37857022259624,
            370.40653341970085,
            364.33089355694227
        ],
        [
            852.8399615402647,
            537.7889920777479,
            797.030739683232,
            162.68988905276197,
            852.0856764433962,
            657.6055048431393,
            262.0934947685654,
            527.6551904416368,
            0,
            387.1911672546263,
            632.8617542560145,
            934.2810069780934,
            625.2591462745668,
            677.303477032268,
            791.8396302282426,
            205.62587385832552,
            646.9080305576675,
            209.124364912365,
            457.2318886516994,
            318.09746933919484,
            578.1695253124294,
            791.2281592562287,
            537.7359947037207,
            260.276775759959,
            562.227711874824,
            901.3989128016518,
            435.9380689960444,
            756.6696769396801,
            180.80099557248022,
            495.9758058615359,
            365.65694304908254,
            78.92401408950258,
            236.44449665830666,
            796.3039620647381,
            294.2447960457415,
            868.3530388039188,
            285.4277491765648,
            193.5071058126807,
            826.2808239333647,
            105.19030373565806,
            300.7191380674,
            292.7404994188539,
            467.9700845139569,
            133.06013678032951,
            634.1135544995077,
            657.0312016944096,
            375.0653276430654,
            161.64467204334326,
            248.09070921741508,
            638.003134788537,
            172.40939649566667,
            725.7720027667092
        ],
        [
            478.5404894050241,
            257.390753524675,
            769.9383092170438,
            549.5934861331601,
            532.2602746777183,
            566.9426778784606,
            241.84705910967784,
            615.6208248589386,
            387.1911672546263,
            0,
            765.8492018667905,
            871.0281281336441,
            745.6339584541465,
            474.41859154126746,
            521.6713524816174,
            225.32864886649455,
            385.9546605496558,
            469.8191141279801,
            615.6833601779408,
            127.06297651164951,
            685.0467137356401,
            558.8282383702527,
            457.64724406468355,
            287.34126052483305,
            570.7933075991693,
            852.5778556824005,
            126.60568707605515,
            369.6106059084344,
            386.0466293079115,
            673.5050111172151,
            192.13016421166148,
            319.8280788173546,
            443.66766841860357,
            751.0319567102322,
            145.82523787054146,
            804.4339624854236,
            500.1299831043925,
            578.9127740860448,
            446.85680032869595,
            353.17134651610684,
            156.0416611036937,
            231.14497615133232,
            804.1523487499119,
            499.1232312766057,
            323.0619135707581,
            765.5357601053004,
            365.6295939882329,
            262.7736668694182,
            301.25072614020365,
            607.842907337085,
            345.1173713390852,
            591.5741711738267
        ],
        [
            1000.0769970357281,
            657.5142584005308,
            320.8800398902992,
            630.3284857913372,
            851.5233408427509,
            389.2826736447437,
            534.0271528677171,
            153.9415473483361,
            632.8617542560145,
            765.8492018667905,
            0,
            455.24169404833737,
            27.80287754891569,
            567.755228949941,
            721.6869127260104,
            760.9809458849809,
            650.4060270323454,
            837.4037258097195,
            175.86642658563343,
            639.8406051510017,
            84.72307831990054,
            655.3472362038311,
            388.69268066172793,
            853.4272083780784,
            248.21361767638774,
            412.68147523241214,
            688.9412166505934,
            1012.9921026345665,
            464.4146853836558,
            143.5339681051144,
            889.0742376202338,
            678.4725491867745,
            399.2492955535426,
            349.3680008243457,
            625.3654931318165,
            415.2890559598218,
            347.46654515219154,
            616.2020772441456,
            1003.4430726254479,
            545.0110090631198,
            811.6661875426375,
            853.2508423670029,
            454.5877253072282,
            714.9636354388941,
            726.2905754586108,
            48.373546489791295,
            402.07959411042,
            577.6028047023317,
            482.6727669964403,
            291.6058984314275,
            493.5108914704923,
            470.2520600699161
        ],
        [
            863.5259115973302,
            645.786342376486,
            145.7154761856132,
            994.9899496979856,
            652.1295883488189,
            305.11964866261894,
            721.3598269934361,
            443.43770701193193,
            934.2810069780934,
            871.0281281336441,
            455.24169404833737,
            0,
            435.83941997024544,
            436.0837075608306,
            522.6978094463378,
            977.2210599449851,
            553.7192429381518,
            1139.7982277578783,
            552.7313995061254,
            775.1883642057586,
            434.5077674794778,
            436.71615495651173,
            423.5717176582969,
            1075.9372658291932,
            373.5304539123952,
            42.57933771208753,
            751.0665749452575,
            951.5009196001862,
            755.4137938904743,
            562.7477232295124,
            1049.5103620260259,
            946.8790841496079,
            714.1771488923459,
            138.19189556555045,
            775.789275512365,
            67.94115100585212,
            690.0115941054904,
            992.3356287063364,
            887.5950653310326,
            829.5444532995203,
            984.1468386374058,
            1049.3550400126737,
            902.0138579866721,
            1050.7149946583993,
            653.6489883721997,
            406.8722158122867,
            571.210118957989,
            811.6772757691323,
            701.6794139776368,
            296.52150006365474,
            762.863028334707,
            290.71291680969387
        ],
        [
            973.254848433852,
            632.1550442731592,
            298.83942176359534,
            629.832517420306,
            823.8161202598551,
            361.5217835760385,
            516.1433909293037,
            131.0,
            625.2591462745668,
            745.6339584541465,
            27.80287754891569,
            435.83941997024544,
            0,
            540.0416650592804,
            693.8969664150435,
            747.2998059681269,
            623.2792311636896,
            831.2785333448712,
            168.58232410309213,
            620.1330502400272,
            61.0,
            627.5802737499004,
            361.9295511560227,
            840.7883205658841,
            220.94569468536832,
            393.38657831705444,
            666.2709658990101,
            987.7985624609908,
            453.80392241583803,
            145.41320435228707,
            872.580082284715,
            668.2275061683707,
            390.0371777151506,
            326.03834130359576,
            606.3373648390804,
            393.5123886232808,
            340.58772731852804,
            617.1563821269291,
            976.993858731978,
            534.8831648126533,
            795.4401297395045,
            838.7860275421856,
            469.3069358106697,
            711.5518252383308,
            699.8721311782602,
            34.88552708502481,
            380.8214804865923,
            563.5672098339292,
            466.20381808818337,
            263.9109698364204,
            481.3023997446927,
            442.7301661283089
        ],
        [
            454.07047911089745,
            222.87440409342656,
            385.0116881342695,
            797.0796697946826,
            283.7780823108085,
            188.80942773071476,
            416.88967365479317,
            436.0275220671282,
            677.303477032268,
            474.41859154126746,
            567.755228949941,
            436.0837075608306,
            540.0416650592804,
            0,
            157.00318468107582,
            638.2679688030726,
            117.72000679578642,
            852.9929659733427,
            521.3108477674332,
            413.6205991001899,
            490.0,
            117.27744881263406,
            199.24858845171275,
            729.4518489934753,
            322.0558957696629,
            431.2818104209822,
            347.8419181179865,
            518.683911452823,
            535.0859744003761,
            570.5611273124028,
            665.3006839016476,
            656.1562313961516,
            533.8333073160572,
            352.3634487287238,
            425.1305681787655,
            377.87431773011514,
            549.0400713973435,
            809.7067370350824,
            469.0927413635815,
            580.0008620683249,
            613.726323372234,
            687.2415877986431,
            869.1190942557872,
            809.8919681043886,
            217.6235281397671,
            537.7080992508854,
            327.2460847741345,
            520.0778787835529,
            433.07389669662615,
            283.89434654462565,
            518.7031906591669,
            148.1249472573746
        ],
        [
            341.2359887233467,
            270.4459280521709,
            507.43669555916034,
            924.4944564463327,
            136.01470508735446,
            335.2924096963723,
            530.4045625746445,
            592.7984480411534,
            791.8396302282426,
            521.6713524816174,
            721.6869127260104,
            522.6978094463378,
            693.8969664150435,
            157.00318468107582,
            0,
            718.4344089755166,
            146.05478424207814,
            949.5835929500888,
            677.8325751983301,
            496.72930253811273,
            645.4843142943134,
            86.02325267042627,
            355.3167600887974,
            800.6110166616495,
            478.0062761094252,
            529.2126226763681,
            401.69640277204377,
            448.13502429513363,
            667.353729292045,
            727.5121992104325,
            711.8461912520147,
            759.0237150445301,
            674.880730203493,
            471.09447035599976,
            514.192570930386,
            476.55534830699366,
            695.9403710088961,
            940.4387274033328,
            368.02445570912806,
            701.6758510879507,
            674.4138195499852,
            750.0753295503059,
            1021.4470128205379,
            924.7296902338542,
            202.80532537386682,
            689.5360759235153,
            468.77286610895044,
            630.5370726610766,
            558.3950214677777,
            433.232039443068,
            645.4897365566707,
            269.75729832573575
        ],
        [
            703.3135858207205,
            448.1885763827543,
            854.3535567901616,
            360.83514241270905,
            748.0427795253423,
            677.0265873656662,
            256.6807355451515,
            629.610991009528,
            205.62587385832552,
            225.32864886649455,
            760.9809458849809,
            977.2210599449851,
            747.2998059681269,
            638.2679688030726,
            718.4344089755166,
            0,
            574.2542990696718,
            244.59149617270015,
            589.1392025659131,
            225.15772249691994,
            691.9031724164878,
            739.8405233562163,
            554.8855737897679,
            99.00505037623081,
            626.764708642725,
            950.8154395044287,
            320.5058501806168,
            584.041950548075,
            303.81737935806103,
            638.8693137097758,
            160.3277892319357,
            126.7162183779172,
            372.26334764518515,
            844.5176137890791,
            213.52751579129094,
            909.3013801815106,
            431.66769626646834,
            394.32093527988087,
            670.2969491203133,
            232.48440807933767,
            97.94896630388705,
            95.52486587271399,
            670.1417760444426,
            288.17529387509956,
            531.4978833447975,
            774.7412471270651,
            410.5995616169116,
            183.83960400305477,
            288.7299776607895,
            687.3441641565017,
            269.2452413692766,
            725.6231804456083
        ],
        [
            351.67314370022626,
            129.07749610214788,
            498.90279614369774,
            782.6940653920917,
            224.65974272218864,
            293.981291921782,
            386.3379349740328,
            507.2928148515411,
            646.9080305576675,
            385.9546605496558,
            650.4060270323454,
            553.7192429381518,
            623.2792311636896,
            117.72000679578642,
            146.05478424207814,
            574.2542990696718,
            0,
            803.7145015489019,
            576.8266637387701,
            351.2947480393067,
            568.4593213238745,
            173.216627377397,
            262.8345487183905,
            658.6971990224339,
            402.3853874086384,
            548.8624600025037,
            261.8472837361503,
            402.1206286675678,
            529.1927815078358,
            631.1339002145265,
            577.9454991606043,
            613.0032626340582,
            542.9290929762375,
            467.57459297955876,
            368.30693721405794,
            495.5088293865207,
            570.0850813694391,
            799.9931249704588,
            360.90164865237176,
            558.7530760541725,
            535.0233639758175,
            610.3711985341379,
            901.8880196565425,
            779.6159310840178,
            99.92997548283498,
            625.7986896758414,
            341.1627177755506,
            485.37923317752274,
            417.9007059099087,
            381.6935943921511,
            504.80194135918293,
            265.4147697472769
        ],
        [
            947.0084476919939,
            682.1876574667707,
            1004.3191723749976,
            252.19238687954083,
            988.8220264536991,
            855.9263987049353,
            439.65895873961216,
            736.6145532094788,
            209.124364912365,
            469.8191141279801,
            837.4037258097195,
            1139.7982277578783,
            831.2785333448712,
            852.9929659733427,
            949.5835929500888,
            244.59149617270015,
            803.7145015489019,
            0,
            662.7367501504651,
            453.357474847388,
            785.9013933058014,
            961.7364503854475,
            733.8998569287229,
            209.83088428541686,
            769.4056147442648,
            1107.892142764809,
            560.033034739916,
            821.5168896620446,
            389.658825127829,
            697.648192142716,
            354.5645216318181,
            198.59506539690256,
            444.7842173458946,
            1002.2280179679674,
            435.4090031223516,
            1073.2623164911736,
            490.6974628016738,
            284.6928169097352,
            912.9496152581477,
            311.31334696732813,
            327.6171546180084,
            272.1212964837556,
            601.3260346933266,
            143.19916200872126,
            770.5459103778308,
            863.6810753976262,
            573.3489338962793,
            337.81651824622196,
            442.45903765207464,
            843.2799060810117,
            377.2161184254989,
            918.4258271629778
        ],
        [
            911.6057261777155,
            551.9202840990716,
            407.1523056547758,
            465.39553070479735,
            795.5105279001655,
            378.69512803837335,
            376.0850967533811,
            112.11155159036915,
            457.2318886516994,
            615.6833601779408,
            175.86642658563343,
            552.7313995061254,
            168.58232410309213,
            521.3108477674332,
            677.8325751983301,
            589.1392025659131,
            576.8266637387701,
            662.7367501504651,
            0,
            488.6399492468867,
            129.49517365523704,
            627.6471938916002,
            322.57867257461396,
            679.8566025273271,
            220.43819995635965,
            512.5085365142712,
            555.6626674521152,
            899.027252089724,
            289.3890115398303,
            59.20304046246274,
            723.2869416766765,
            502.95526640050207,
            223.5106261456041,
            422.73987273499523,
            471.03821501020485,
            497.6102892826875,
            172.10461934532728,
            455.34382613581136,
            907.6722976933911,
            369.5294304923493,
            645.4184689021534,
            682.6492510799379,
            367.44659475902074,
            543.7223556191157,
            634.9716529105847,
            201.52667317256046,
            268.48649872945197,
            407.14125312967246,
            320.14059411452337,
            299.5880504960103,
            320.22492095400696,
            467.463367548731
        ],
        [
            537.9535295915439,
            229.0087334579186,
            664.0783086353597,
            473.21242587235594,
            539.6665637224527,
            470.37963391286405,
            116.76043850551437,
            490.7728598853038,
            318.09746933919484,
            127.06297651164951,
            639.8406051510017,
            775.1883642057586,
            620.1330502400272,
            413.6205991001899,
            496.72930253811273,
            225.15772249691994,
            351.2947480393067,
            453.357474847388,
            488.6399492468867,
            0,
            559.801750622486,
            514.8397809027581,
            353.1147122395214,
            316.1803282938393,
            453.5570526405691,
            752.9953519112851,
            118.06777714516352,
            460.440006949874,
            272.08270801357446,
            546.5400259816292,
            275.41423347387115,
            268.96282270975667,
            323.9320916488516,
            648.6740321609922,
            25.495097567963924,
            707.5485849042452,
            378.16001903955953,
            498.30613080715756,
            514.604702660207,
            256.6028059082753,
            209.34660255184463,
            278.21035207195297,
            693.1103808196787,
            445.32347793486025,
            320.4652867316521,
            640.9555366794174,
            242.07436873820413,
            165.65325230734229,
            176.81911661356077,
            498.5278327235101,
            232.6220109963801,
            509.0039292579184
        ],
        [
            917.0736066423458,
            572.8778229256218,
            291.08418026406036,
            594.7133763419148,
            773.2851996514611,
            317.9827039321479,
            457.0350095999212,
            70.0,
            578.1695253124294,
            685.0467137356401,
            84.72307831990054,
            434.5077674794778,
            61.0,
            490.0,
            645.4843142943134,
            691.9031724164878,
            568.4593213238745,
            785.9013933058014,
            129.49517365523704,
            559.801750622486,
            0,
            582.6714340003292,
            305.9411708155671,
            786.4705970346254,
            168.1071087134628,
            392.99872773330964,
            605.298273580885,
            928.2979047697997,
            403.04466253754066,
            128.2497563350512,
            814.3248737451166,
            617.2139013340513,
            341.77477964296895,
            312.56999216175564,
            546.3808195755045,
            384.81294157031675,
            296.64962497869436,
            584.8290348469371,
            919.7151733009518,
            484.4347221246636,
            737.4605074171768,
            782.4608616410152,
            468.7216658103186,
            670.9135562797939,
            642.5729530566938,
            83.00602387778852,
            319.97812425226823,
            508.0679088468391,
            408.38339829136055,
            223.21290285285926,
            428.25342964184193,
            402.8361949974208
        ],
        [
            426.9730670662964,
            301.47802573321985,
            424.72108494869906,
            913.7450410262154,
            219.31712199461313,
            266.0695397823659,
            529.6385559983337,
            535.0756955796068,
            791.2281592562287,
            558.8282383702527,
            655.3472362038311,
            436.71615495651173,
            627.5802737499004,
            117.27744881263406,
            86.02325267042627,
            739.8405233562163,
            173.216627377397,
            961.7364503854475,
            627.6471938916002,
            514.8397809027581,
            582.6714340003292,
            0,
            309.9193443462347,
            827.4551347354127,
            417.9688983644596,
            443.3260651033278,
            433.82023926967724,
            527.5651618520693,
            652.1019858887106,
            673.8085781585153,
            750.9201022745364,
            766.5409317185872,
            650.9685092229885,
            387.8479083352133,
            529.023628961883,
            390.80046059338264,
            665.0541331350404,
            926.7432222573846,
            452.67427583197167,
            695.4142650248124,
            706.185528030701,
            781.1587546715456,
            981.6363888935657,
            924.1217452262445,
            257.42183279589943,
            620.4417780904184,
            444.4907198131362,
            632.3962365479415,
            548.8761244579691,
            364.04670030093666,
            634.9716529105847,
            191.47062437878034
        ],
        [
            611.3853122213519,
            279.17915394957413,
            312.4771991681953,
            633.6718393616684,
            474.60509900337144,
            122.96747537458839,
