{
    "depot": [
        545,
        636
    ],
    "final_destination": [
        279,
        813
    ],
    "requests": [
        [
            [
                902,
                288
            ],
            [
                49,
                134
            ]
        ],
        [
            [
                916,
                425
            ],
            [
                265,
                31
            ]
        ],
        [
            [
                322,
                692
            ],
            [
                713,
                518
            ]
        ],
        [
            [
                147,
                322
            ],
            [
                794,
                982
            ]
        ],
        [
            [
                659,
                899
            ],
            [
                712,
                44
            ]
        ],
        [
            [
                655,
                683
            ],
            [
                149,
                5
            ]
        ],
        [
            [
                513,
                211
            ],
            [
                814,
                578
            ]
        ],
        [
            [
                655,
                169
            ],
            [
                238,
                735
            ]
        ],
        [
            [
                142,
                703
            ],
            [
                198,
                642
            ]
        ],
        [
            [
                927,
                521
            ],
            [
                358,
                412
            ]
        ],
        [
            [
                956,
                471
            ],
            [
                377,
                770
            ]
        ],
        [
            [
                851,
                137
            ],
            [
                2,
                746
            ]
        ],
        [
            [
                775,
                273
            ],
            [
                559,
                260
            ]
        ],
        [
            [
                661,
                219
            ],
            [
                128,
                90
            ]
        ],
        [
            [
                111,
                113
            ],
            [
                903,
                852
            ]
        ],
        [
            [
                474,
                782
            ],
            [
                681,
                509
            ]
        ],
        [
            [
                112,
                317
            ],
            [
                288,
                976
            ]
        ],
        [
            [
                309,
                785
            ],
            [
                845,
                123
            ]
        ],
        [
            [
                254,
                876
            ],
            [
                800,
                901
            ]
        ],
        [
            [
                609,
                795
            ],
            [
                122,
                377
            ]
        ],
        [
            [
                67,
                420
            ],
            [
                592,
                908
            ]
        ],
        [
            [
                507,
                90
            ],
            [
                130,
                311
            ]
        ],
        [
            [
                293,
                227
            ],
            [
                71,
                819
            ]
        ],
        [
            [
                255,
                431
            ],
            [
                410,
                323
            ]
        ],
        [
            [
                682,
                788
            ],
            [
                452,
                746
            ]
        ]
    ],
    "travel_costs": [
        [
            0,
            498.5509001095073,
            426.80440485074655,
            229.92390045404153,
            506.951674225463,
            286.6443789785525,
            119.6202324023825,
            426.2030032742613,
            479.78015798905227,
            408.53151653207857,
            398.93483177080435,
            442.88373192069275,
            585.3520308327289,
            429.7313114028346,
            432.83368630456664,
            679.6212180325156,
            162.34839081432253,
            537.8196723809942,
            279.1003403795847,
            377.2015376426772,
            171.39719951037705,
            524.5378918629235,
            547.3207469117173,
            480.4008742706449,
            355.1408171415953,
            204.628932460686,
            705.7053209378544,
            666.6520831738246,
            205.29978080845578,
            426.282770001322,
            615.1040562376418,
            744.9677845383652,
            275.18175811634023,
            322.5678223257862,
            347.05186932215196,
            291.7961617293826,
            214.895323355349,
            554.0297825929578,
            376.2605480249026,
            687.0262003737557,
            418.114816766878,
            186.07794065928394,
            426.20300327426133,
            594.2802369253078,
            367.76351096866586,
            495.99395157602476,
            276.0307953834137,
            527.114788257738,
            508.0993997241091,
            340.872410147844,
            144.04513181638595,
            319.507433403356
        ],
        [
            498.5509001095073,
            0,
            137.71347065556077,
            706.8352000289742,
            755.7651751701716,
            657.5484773003432,
            465.8690803219291,
            396.547601177967,
            274.17147918775214,
            865.9243615928586,
            234.33736364481018,
            190.80094339389416,
            159.3800489396336,
            127.88275880665071,
            250.6830668393859,
            810.1271505140413,
            653.6206851071958,
            790.5320992850322,
            773.7299270417294,
            875.0131427584389,
            585.5749311574053,
            845.3691501350164,
            441.8472586765702,
            612.0473837865823,
            662.6145184041774,
            546.2600113499066,
            866.790055319049,
            686.8900931007812,
            297.69279467262896,
            702.3531875061151,
            309.2507073556987,
            804.424017542987,
            303.05775027212223,
            800.4405037227939,
            787.9923857500147,
            557.9534030723354,
            712.7054089874722,
            1009.8336496671122,
            344.140959491892,
            798.9242767621973,
            564.0008865241259,
            312.54119728445403,
            922.1388181830325,
            174.56803831171388,
            621.428193760148,
            785.0611441155395,
            693.1810730249348,
            772.342540586753,
            986.1653005455019,
            493.24334764900783,
            642.0778768965646,
            814.7109917019653
        ],
        [
            426.80440485074655,
            137.71347065556077,
            0,
            651.2488003827723,
            775.8672566876373,
            539.1892061234164,
            366.99455036825816,
            456.2948608082278,
            365.59130186589505,
            822.4110894193974,
            96.62815324738438,
            60.959002616512684,
            295.2439669154985,
            207.32824216685967,
            327.81244637749796,
            863.347554580425,
            568.1663488803257,
            811.2213014954674,
            705.725867458463,
            801.027465197043,
            480.7795752733262,
            849.0147230761078,
            528.6832700209077,
            653.7071209647329,
            661.0272309065641,
            431.88540146663905,
            914.5326675411875,
            760.9448074597789,
            223.28905033610582,
            570.204349334517,
            432.1770470536352,
            874.4649792873355,
            183.88311504866346,
            745.5092219416202,
            750.0753295503059,
            558.1514131487978,
            639.9578111094511,
            968.7295804299567,
            393.2861553627333,
            856.2528832068245,
            427.19784643651934,
            249.56161563830284,
            835.4549658718895,
            310.2337828154761,
            489.93060733128317,
            795.4495584259256,
            581.6055364248178,
            794.2241497209715,
            932.3416755674928,
            516.1782637810314,
            564.2136120300537,
            745.8639286089656
        ],
        [
            229.92390045404153,
            706.8352000289742,
            651.2488003827723,
            0,
            409.29817981515623,
            395.4971554891388,
            333.1215994197915,
            517.5345399101398,
            620.0145159591024,
            180.33579788827288,
            628.7018371215404,
            671.4141791770561,
            766.7242007397444,
            617.0656367032602,
            581.936422644261,
            616.2483265697359,
            176.64653973401235,
            429.79646345683216,
            93.90420650854784,
            196.16319736382766,
            304.9229410851207,
            372.83910739084223,
            629.7848839087836,
            465.90342346885586,
            269.46242780766295,
            372.58019271024057,
            621.2028654151557,
            663.4530880175328,
            427.96845678157166,
            553.971118380733,
            756.3094604723651,
            708.4475986267439,
            505.0346522764551,
            94.36630754670864,
            133.70115930686615,
            282.30479981750227,
            95.44108130150245,
            324.52426719738537,
            492.74029670811376,
            632.4871540197477,
            602.6284095526861,
            402.9516099980244,
            286.02797066021355,
            772.8453920416424,
            521.6943549627503,
            373.1286641361127,
            345.7687088213738,
            426.64387959983674,
            281.30055101261354,
            379.34812507774444,
            140.76931483814218,
            128.4133949399361
        ],
        [
            506.951674225463,
            755.7651751701716,
            775.8672566876373,
            409.29817981515623,
            0,
            771.4097484476067,
            623.2054235964254,
            382.46176279466164,
            530.5402906471854,
            381.03280698648507,
            804.9850930296784,
            822.6068319677391,
            727.9017790883603,
            629.9087235465151,
            524.218465909014,
            212.07781590727492,
            564.3837347053864,
            35.35533905932738,
            490.5231900736193,
            564.2384247815812,
            661.1905927945436,
            126.50691680694774,
            428.28028205837353,
            174.1866814656046,
            153.4438007871286,
            709.4934812949306,
            212.0094337523687,
            314.01433088316213,
            598.9757924991627,
            924.2342776590793,
            629.6896060758825,
            317.00630908548175,
            714.4403404063911,
            422.90660907581,
            324.0385779502188,
            229.39267643061316,
            503.5911039722604,
            448.10824585137914,
            416.6389324103066,
            232.77671704876326,
            923.2746070373646,
            565.795899596312,
            669.0269052885692,
            725.8133368849045,
            872.7256155287297,
            60.415229867972855,
            735.8131556312376,
            20.248456731316587,
            502.77728667870423,
            263.0019011338131,
            522.3035515866229,
            508.43386983952985
        ],
        [
            286.6443789785525,
            657.5484773003432,
            539.1892061234164,
            395.4971554891388,
            771.4097484476067,
            0,
            216.03703386225246,
            703.3206949891351,
            730.0109588218522,
            552.9059594542276,
            463.36594609444484,
            520.9539327042268,
            785.8167725367026,
            636.6568934677454,
            680.0029411701099,
            958.1753492967767,
            218.89266776207924,
            798.7070802240331,
            368.09781308777156,
            405.6525606969589,
            115.39497389401325,
            761.5149374766065,
            823.1555138611416,
            765.205854656118,
            618.2556105689621,
            113.35784048754633,
            978.4298646300613,
            953.2365918280728,
            384.80774420481714,
            158.47397262642218,
            856.6411150534395,
            1029.24049667704,
            356.4631818294843,
            451.8152277203592,
            527.7973095801076,
            572.5120086076798,
            310.10482098800077,
            674.5798692519664,
            646.7773960181355,
            967.6993334708876,
            248.48541204666324,
            390.62001996825506,
            378.90632087628205,
            797.979949622796,
            141.01418368376991,
            748.9011950851727,
            67.60177512462229,
            790.9393149919911,
            593.4172225340279,
            627.5165336467239,
            257.40629362935164,
            389.6100614717233
        ],
        [
            119.6202324023825,
            465.8690803219291,
            366.99455036825816,
            333.1215994197915,
            623.2054235964254,
            216.03703386225246,
            0,
            492.89755527898495,
            514.0,
            513.389715518338,
            316.5880604192141,
            368.16436546738197,
            580.1137819428185,
            427.20018726587654,
            464.0387914819191,
            787.9314691012156,
            206.30559856678636,
            654.8320395338029,
            360.7214992206592,
            445.02808900113257,
            121.0784869413225,
            644.1374077011831,
            611.189823213705,
            582.2198897323932,
            472.76209661943074,
            108.4158659975559,
            817.702268555004,
            759.7394290149748,
            174.89711261195825,
            329.73019273339224,
            641.5372163795332,
            846.0023640628908,
            190.541334098405,
            420.2296990932459,
            458.8354824989018,
            402.0572098594925,
            291.2953827303138,
            656.0320114140773,
            433.75684432640367,
            793.3334733893433,
            300.1083137802084,
            175.93180496999398,
            469.6147357142874,
            591.3543776789007,
            261.81863951980193,
            614.593361500106,
            233.65358974344906,
            643.4353114338691,
            599.6265504461924,
            435.45952739606,
            212.55117030964567,
            397.8391634819277
        ],
        [
            426.2030032742613,
            396.547601177967,
            456.2948608082278,
            517.5345399101398,
            382.46176279466164,
            703.3206949891351,
            492.89755527898495,
            0,
            148.08105888330215,
            616.2020772441456,
            517.2001546790178,
            513.6623404533372,
            346.0057802985378,
            269.23595599399425,
            148.2160585091912,
            413.7728845635006,
            572.330324200981,
            414.77343212891543,
            609.1732101791739,
            713.6567802522443,
            591.8378156218138,
            492.5413688209346,
            121.14866899805378,
            220.5810508633958,
            339.0634158973805,
            601.2403845384972,
            470.34561760475674,
            306.4375956047169,
            366.4000545851488,
            820.6107481626109,
            259.7883754135277,
            418.24872982473005,
            474.6472374300729,
            591.777829932822,
            533.8408002391725,
            253.8227728159946,
            575.3060055309696,
            739.828358472423,
            67.20863039818622,
            403.56659921257113,
            750.3205981445531,
            342.09355445550267,
            797.4020316001208,
            343.464699787329,
            747.3078348311358,
            424.77876594764007,
            701.4627573863063,
            395.8396139852605,
            751.6834440108415,
            152.16109883935513,
            538.466340637927,
            645.8792456798716
        ],
        [
            479.78015798905227,
            274.17147918775214,
            365.59130186589505,
            620.0145159591024,
            530.5402906471854,
            730.0109588218522,
            514.0,
            148.08105888330215,
            0,
            740.489702831849,
            444.846040782651,
            426.3859753791159,
            198.59506539690256,
            158.79546593023366,
            50.35871324805669,
            546.8747571428033,
            639.1635158549024,
            562.8081378231839,
            706.52105418027,
            812.8037893612457,
            627.6878204967817,
            639.3316823058278,
            167.7647161950331,
            366.61696632861936,
            478.16733472708063,
            619.588573167711,
            607.0098845982658,
            413.69554022251674,
            353.78665887791755,
            824.7969447082112,
            137.38267721950976,
            531.9135268067546,
            438.8188692387783,
            703.0256040856549,
            657.70662152665,
            383.7421008959012,
            662.1819991512907,
            871.4000229515718,
            132.27622613304328,
            532.8883560371722,
            726.6312682509609,
            340.99266854288817,
            886.5314433227961,
            195.48913013259843,
            746.2231569711569,
            572.1477082013,
            741.6805242151097,
            543.8648729234129,
            873.8169144620629,
            289.38037252032143,
            611.6682107155806,
            745.7291733598732
        ],
        [
            408.53151653207857,
            865.9243615928586,
            822.4110894193974,
            180.33579788827288,
            381.03280698648507,
            552.9059594542276,
            513.389715518338,
            616.2020772441456,
            740.489702831849,
            0,
            805.8219406295661,
            846.4159733842456,
            907.2138667370555,
            765.2378715144722,
            709.6597776399618,
            590.8138454708048,
            341.26968807674666,
            387.1640479176753,
            186.04569331215384,
            206.08978625831998,
            475.9758397229843,
            292.76953393411685,
            713.4381542922974,
            499.3766113866367,
            294.5386222552146,
            546.6488818245218,
            576.5500845546724,
            683.1639627497926,
            600.2216257350279,
            709.1861532771209,
            871.3099333761783,
            698.0350994040343,
            683.5268831582265,
            101.19288512538814,
            82.80700453464067,
            362.4044701711059,
            244.3644818708316,
            146.45477117526764,
            608.3896777559593,
            613.1598486528613,
            775.4495470370719,
            572.8498930784573,
            309.58843647655834,
            911.377528799125,
            687.1448173420215,
            326.6129207487052,
            494.49469157919174,
            392.18363045899815,
            136.0036764208968,
            464.9989247299396,
            312.96804948748365,
            175.6957597667058
        ],
        [
            398.93483177080435,
            234.33736364481018,
            96.62815324738438,
            628.7018371215404,
            804.9850930296784,
            463.36594609444484,
            316.5880604192141,
            517.2001546790178,
            444.846040782651,
            805.8219406295661,
            0,
            57.8013840664737,
            391.4485917716399,
            290.8745434031655,
            402.4425424827748,
            912.3157348199143,
            522.8097168186528,
            840.1434401338857,
            672.0267851804717,
            760.8902680413254,
            419.76183723630714,
            865.9105034586427,
            601.7981389137058,
            698.850484724737,
            678.0,
            362.37273628130464,
            959.5066440624578,
            823.6164155722008,
            214.02102700435768,
            479.8020425133682,
            523.2150609453057,
            933.5630669644124,
            126.56223765404908,
            721.4686410371556,
            738.9736125194187,
            579.3461832100044,
            603.7391820977002,
            951.9716382329885,
            451.1596169871589,
            907.8336852089153,
            331.86895003901765,
            246.2925090212855,
            784.4399275916544,
            406.3594467955679,
            400.6607043372235,
            817.7780872583957,
            511.8534946642447,
            824.2020383376882,
            906.3884377020704,
            553.6180994151113,
            525.594901040716,
            710.7517147358844
        ],
        [
            442.88373192069275,
            190.80094339389416,
            60.959002616512684,
            671.4141791770561,
            822.6068319677391,
            520.9539327042268,
            368.16436546738197,
            513.6623404533372,
            426.3859753791159,
            846.4159733842456,
            57.8013840664737,
            0,
            350.1156951637558,
            268.26293072282647,
            387.98066962156764,
            917.7085594021667,
            573.6244415992052,
            857.9347294520719,
            719.169660094195,
            810.4498750693962,
            474.74730120349284,
            890.4616780075378,
            588.865009998047,
            706.4736371585283,
            702.140299370432,
            419.0047732425014,
            967.583588120427,
            819.1953369007907,
            247.50353532828575,
            536.0643618074233,
            491.7977226462115,
            931.8825033232463,
            177.80044994318772,
            764.9967320191636,
            777.0489045098772,
            600.903486426897,
            651.6456092079499,
            992.8449022883685,
            449.5887009256349,
            911.4521380741833,
            384.66868861398115,
            277.6130400395486,
            837.4061141405645,
            365.27386985657756,
            457.4232176005061,
            839.2806443615867,
            568.7398350739994,
            841.353671175208,
            950.9621443569665,
            565.7031023425627,
            574.1437102328998,
            758.4807182783225
        ],
        [
            585.3520308327289,
            159.3800489396336,
            295.2439669154985,
            766.7242007397444,
            727.9017790883603,
            785.8167725367026,
            580.1137819428185,
            346.0057802985378,
            198.59506539690256,
            907.2138667370555,
            391.4485917716399,
            350.1156951637558,
            0,
            155.79473675320355,
            206.9396047159654,
            740.3890868995842,
            747.0970485820433,
            760.6056797053253,
            844.7887309854459,
            950.0157893424721,
            701.0905790267047,
            833.5136471588213,
            347.19591011416014,
            565.211464851873,
            664.5690332839772,
            672.5786199397063,
            802.005610952941,
            595.5098655773892,
            405.22216128933525,
            846.9203032163061,
            167.24233913695417,
            714.3024569466354,
            442.54943226717626,
            856.3719986080815,
            825.4901574216376,
            564.5121787880223,
            790.8002276175697,
            1044.8358722785124,
            316.8485442605031,
            724.5260519815695,
            716.8884153060363,
            409.0036674652197,
            1010.391013420052,
            15.231546211727817,
            765.7003330285288,
            767.4900650822784,
            813.3400272948578,
            741.6987258988652,
            1036.1100327667907,
            478.6198909364299,
            728.067304581108,
            885.5280910281729
        ],
        [
            429.7313114028346,
            127.88275880665071,
            207.32824216685967,
            617.0656367032602,
            629.9087235465151,
            636.6568934677454,
            427.20018726587654,
            269.23595599399425,
            158.79546593023366,
            765.2378715144722,
            290.8745434031655,
            268.26293072282647,
            155.79473675320355,
            0,
            126.14277624977183,
            683.0051244317278,
            591.3391581825103,
            664.458426088495,
            692.314957226839,
            796.900244698168,
            547.7590711252531,
            723.0995782048278,
            324.5196450139806,
            484.1900453334414,
            543.4740104181616,
            523.3297239790609,
            739.18671524859,
            564.5033215137001,
            252.7231687044146,
            709.2545382301054,
            237.507894605632,
            680.9552114493288,
            307.4833328816377,
            708.387605763963,
            684.9014527652865,
            439.55659476340475,
            636.7205038319404,
            906.2328619069162,
            216.390850083824,
            672.3823317131407,
            592.9797635670209,
            254.0314941104744,
            855.2064078338049,
            165.5294535724685,
            628.4974144735999,
            661.2299146287924,
            660.8434005118006,
            646.1184102004834,
            890.9163821594034,
            368.40874039577295,
            572.763476489205,
            733.2230220062652
        ],
        [
            432.83368630456664,
            250.6830668393859,
            327.81244637749796,
            581.936422644261,
            524.218465909014,
            680.0029411701099,
            464.0387914819191,
            148.2160585091912,
            50.35871324805669,
            709.6597776399618,
            402.4425424827748,
            387.98066962156764,
            206.9396047159654,
            126.14277624977183,
            0,
            560.121415409195,
            593.2436261773066,
            557.6782226338051,
            666.5283189782712,
            772.8505677037443,
            578.3424591018716,
            627.0861184877241,
            200.89051744669285,
            368.08694625047497,
            458.01746691583713,
            569.3873900957062,
            617.8745827431325,
            438.3605821695194,
            303.48805577814755,
            774.5050032117288,
            182.28000438885226,
            554.9234181398367,
            390.24351371931857,
            667.2218521601342,
            627.1347542594016,
            359.2464335243984,
            619.8846666921195,
            843.8068499366428,
            109.9317970379817,
            548.3885483851755,
            677.6820788540892,
            290.68883707497264,
            843.9063929133373,
            207.53794833716557,
            696.0208330215411,
            561.680514171535,
            692.4463878164144,
            538.9109388386915,
            841.486779456457,
            271.69284127484843,
            566.9303308167592,
            706.2294244790429
        ],
        [
            679.6212180325156,
            810.1271505140413,
            863.347554580425,
            616.2483265697359,
            212.07781590727492,
            958.1753492967767,
            787.9314691012156,
            413.7728845635006,
            546.8747571428033,
            590.8138454708048,
            912.3157348199143,
            917.7085594021667,
            740.3890868995842,
            683.0051244317278,
            560.121415409195,
            0,
            761.137306929571,
            204.00245096566857,
            700.5626310330862,
            776.2847415736059,
            844.469063968598,
            310.1370664722293,
            396.6673669461606,
            214.75567512873786,
            349.08451698693256,
            884.1187703018186,
            65.45991139621258,
            174.4706279005151,
            725.5542708853694,
            1105.2827692495707,
            604.9479316437076,
            114.4901742508937,
            842.8724695943034,
            634.8330489191627,
            536.1063327363332,
            387.8272811445837,
            708.8053329370483,
            642.3161215476379,
            471.5007953333695,
            28.600699292150182,
            1083.228969331969,
            694.0576344944272,
            880.9642444503636,
            734.0681167303209,
            1046.7401778856108,
            264.2290672882149,
            929.1856649776727,
            198.90952717253137,
            707.1322365724815,
            365.37788657771836,
            719.0062586653887,
            719.8777674022167
        ],
        [
            162.34839081432253,
            653.6206851071958,
            568.1663488803257,
            176.64653973401235,
            564.3837347053864,
            218.89266776207924,
            206.30559856678636,
            572.330324200981,
            639.1635158549024,
            341.26968807674666,
            522.8097168186528,
            573.6244415992052,
            747.0970485820433,
            591.3391581825103,
            593.2436261773066,
            761.137306929571,
            0,
            589.295341912695,
            165.0272704737008,
            239.240464804765,
            135.6244815658294,
            544.695327683284,
            692.7864028688786,
            583.7687898474874,
            413.71729477990164,
            208.08652046684813,
            774.9380620410898,
            779.5396077172732,
            356.11374587342175,
            377.3592452822641,
            775.427623959838,
            842.2315596081638,
            396.5047288494804,
            240.63457773146402,
            309.4769781421552,
            387.7576562751534,
            97.73944955850735,
            473.37089052876917,
            528.8752215787766,
            773.6795202149273,
            434.6734406425127,
            342.6047285137787,
            268.7601160886786,
            756.2552479156756,
            347.0403434760863,
            536.5901601781381,
            172.6267650163207,
            583.2469459842889,
            404.6949468426805,
            463.4403953045095,
            42.190046219457976,
            197.44872752185563
        ],
        [
            537.8196723809942,
            790.5320992850322,
            811.2213014954674,
            429.79646345683216,
            35.35533905932738,
            798.7070802240331,
            654.8320395338029,
            414.77343212891543,
            562.8081378231839,
            387.1640479176753,
            840.1434401338857,
            857.9347294520719,
            760.6056797053253,
            664.458426088495,
            557.6782226338051,
            204.00245096566857,
            589.295341912695,
            0,
            507.7725868929909,
            576.7538469745997,
            689.5600046406405,
            112.40106761058811,
            455.5809478018149,
            202.1410398706804,
            182.87974190707948,
            739.419366800735,
            193.54069339547172,
            324.35320254315354,
            633.7207586942375,
            952.5486864197545,
            659.1881370291793,
            314.1862504948299,
            748.9492639691958,
            436.5775990588615,
            336.1859604445135,
            263.7062759966095,
            524.818063713512,
            442.87808706234273,
            450.61957347634166,
            227.56317804073663,
            954.9376943026177,
            600.5206074732157,
            682.0975003619351,
            758.2380892569299,
            902.4411338142781,
            60.82762530298219,
            761.3678480209156,
            18.973665961010276,
            503.6715199413204,
            298.0603965641863,
            547.3947387397873,
            523.3593411796526
        ],
        [
            279.1003403795847,
            773.7299270417294,
            705.725867458463,
            93.90420650854784,
            490.5231900736193,
            368.09781308777156,
            360.7214992206592,
            609.1732101791739,
            706.52105418027,
            186.04569331215384,
            672.0267851804717,
            719.169660094195,
            844.7887309854459,
            692.314957226839,
            666.5283189782712,
            700.5626310330862,
            165.0272704737008,
            507.7725868929909,
            0,
            106.3296760081587,
            300.1666203960727,
            437.9372101112213,
            722.6541358077181,
            558.2293435497635,
            358.09495947304254,
            373.0120641480648,
            701.0,
            755.2827285195922,
            484.25716308589597,
            523.4825689552614,
            843.4986662704335,
            796.2411694957754,
            545.77834328599,
            86.83893136145792,
            181.02486017119307,
            376.2047314960299,
            69.63476143421474,
            309.46728421595714,
            581.4851674806504,
            718.1824280779919,
            597.7666768899049,
            463.2062175748508,
            192.15098230297966,
            851.7863581908318,
            504.5166003215355,
            448.8128786030989,
            308.5741401997257,
            506.67247803684774,
            240.41630560342617,
            472.91119673782305,
            148.22280526288793,
            41.036569057366385
        ],
        [
            377.2015376426772,
            875.0131427584389,
            801.027465197043,
            196.16319736382766,
            564.2384247815812,
            405.6525606969589,
            445.02808900113257,
            713.6567802522443,
            812.8037893612457,
            206.08978625831998,
            760.8902680413254,
            810.4498750693962,
            950.0157893424721,
            796.900244698168,
            772.8505677037443,
            776.2847415736059,
            239.240464804765,
            576.7538469745997,
            106.3296760081587,
            0,
            364.12360538696197,
            492.85393373696434,
            825.7148418188934,
            650.1707468042529,
            445.0011235940871,
            436.9530867267103,
            769.7980254586264,
            845.0715946001261,
            582.1039426081909,
            550.305369772093,
            949.7304880859622,
            877.306103934083,
            634.3532139116188,
            141.90489773083942,
            240.60756430336934,
            475.5123552548346,
            162.3730273167314,
            283.5559909435877,
            687.3725336380558,
            796.0351751022062,
            649.4436080215125,
            563.0435151922096,
            105.62196741208713,
            957.2303797937045,
            546.5720446565118,
            516.1637337124722,
            339.5114136520303,
            578.4470589431672,
            191.67159413955946,
            574.5824570938448,
            236.86282950264695,
            67.77905281132216
        ],
        [
            171.39719951037705,
            585.5749311574053,
            480.7795752733262,
            304.9229410851207,
            661.1905927945436,
            115.39497389401325,
            121.0784869413225,
            591.8378156218138,
            627.6878204967817,
            475.9758397229843,
            419.76183723630714,
            474.74730120349284,
            701.0905790267047,
            547.7590711252531,
            578.3424591018716,
            844.469063968598,
            135.6244815658294,
            689.5600046406405,
            300.1666203960727,
            364.12360538696197,
            0,
            659.0819372430108,
            712.3405084648773,
            649.9846152025445,
            507.75190792354493,
            73.3348484691964,
            866.3261510539782,
            837.8734988051598,
            295.8800432607782,
            263.04752422328556,
            758.0303424006192,
            914.1662868428259,
            298.5196810932237,
            375.82043584669526,
            438.55444359851145,
            457.9192068476709,
            233.34309503390068,
            608.9745479082028,
            537.3313688963264,
            853.4553298210751,
            299.4745398193309,
            294.92371895118913,
            368.51322907054504,
            712.2359159716674,
            218.44221203787515,
            641.7889061054265,
            114.27160627207444,
            680.9530086577194,
            538.5350499271148,
            512.2352974952039,
            164.46884203398528,
            330.4905444940899
        ],
        [
            524.5378918629235,
            845.3691501350164,
            849.0147230761078,
            372.83910739084223,
            126.50691680694774,
            761.5149374766065,
            644.1374077011831,
            492.5413688209346,
            639.3316823058278,
            292.76953393411685,
            865.9105034586427,
            890.4616780075378,
            833.5136471588213,
            723.0995782048278,
            627.0861184877241,
            310.1370664722293,
            544.695327683284,
            112.40106761058811,
            437.9372101112213,
            492.85393373696434,
            659.0819372430108,
            0,
            550.0,
            297.1952220342716,
            188.32153355365392,
            716.6931002877034,
            286.5658737533135,
            436.4916952245483,
            653.3911539039996,
            918.8977092146872,
            746.5929279064998,
            423.02364000135975,
            763.5266858466704,
            358.42153953131776,
            257.76927667974707,
            291.1099448661966,
            467.54678910243837,
            332.4169069105842,
            517.3625421307577,
            335.5905243000762,
            941.020722407323,
            620.4167953883905,
            598.3117916270746,
            832.7622709993532,
            876.7268673880137,
            69.81403870282824,
            716.7768132410534,
            125.89678312014172,
            399.0200496215698,
            356.45196029759745,
            504.4809213439097,
            446.5344331627741
        ],
        [
            547.3207469117173,
            441.8472586765702,
            528.6832700209077,
            629.7848839087836,
            428.28028205837353,
            823.1555138611416,
