{
    "depot": [
        132,
        769
    ],
    "final_destination": [
        703,
        241
    ],
    "requests": [
        [
            [
                32,
                88
            ],
            [
                20,
                780
            ]
        ],
        [
            [
                679,
                934
            ],
            [
                359,
                450
            ]
        ],
        [
            [
                16,
                763
            ],
            [
                141,
                989
            ]
        ],
        [
            [
                83,
                66
            ],
            [
                375,
                450
            ]
        ],
        [
            [
                178,
                689
            ],
            [
                996,
                523
            ]
        ],
        [
            [
                24,
                19
            ],
            [
                841,
                319
            ]
        ],
        [
            [
                604,
                126
            ],
            [
                561,
                124
            ]
        ],
        [
            [
                271,
                51
            ],
            [
                902,
                791
            ]
        ],
        [
            [
                90,
                976
            ],
            [
                272,
                590
            ]
        ],
        [
            [
                177,
                987
            ],
            [
                961,
                151
            ]
        ],
        [
            [
                243,
                865
            ],
            [
                21,
                146
            ]
        ],
        [
            [
                506,
                532
            ],
            [
                112,
                947
            ]
        ],
        [
            [
                960,
                348
            ],
            [
                541,
                855
            ]
        ],
        [
            [
                422,
                238
            ],
            [
                553,
                421
            ]
        ],
        [
            [
                695,
                96
            ],
            [
                622,
                238
            ]
        ],
        [
            [
                240,
                98
            ],
            [
                287,
                761
            ]
        ],
        [
            [
                225,
                241
            ],
            [
                581,
                335
            ]
        ],
        [
            [
                94,
                778
            ],
            [
                650,
                912
            ]
        ],
        [
            [
                120,
                163
            ],
            [
                753,
                171
            ]
        ],
        [
            [
                150,
                278
            ],
            [
                366,
                589
            ]
        ],
        [
            [
                923,
                85
            ],
            [
                374,
                80
            ]
        ],
        [
            [
                317,
                196
            ],
            [
                165,
                941
            ]
        ],
        [
            [
                574,
                209
            ],
            [
                557,
                134
            ]
        ],
        [
            [
                775,
                21
            ],
            [
                147,
                818
            ]
        ],
        [
            [
                654,
                114
            ],
            [
                445,
                772
            ]
        ],
        [
            [
                803,
                784
            ],
            [
                46,
                367
            ]
        ],
        [
            [
                10,
                936
            ],
            [
                945,
                14
            ]
        ],
        [
            [
                893,
                389
            ],
            [
                872,
                713
            ]
        ],
        [
            [
                134,
                120
            ],
            [
                804,
                47
            ]
        ],
        [
            [
                61,
                210
            ],
            [
                517,
                241
            ]
        ]
    ],
    "travel_costs": [
        [
            0,
            688.3029856102615,
            571.3440294603594,
            116.15506876585285,
            704.7056122949497,
            92.2821759604746,
            757.7361018190963,
            797.6421503406148,
            731.3309784222189,
            211.2178969689832,
            222.59604668547013,
            146.75489770362012,
            442.7696918263489,
            928.8837386885401,
            605.0297513345935,
            877.4383169203405,
            679.635931951806,
            536.1277832755918,
            39.05124837953328,
            606.1188002363892,
            491.32982811956373,
            1045.723194731761,
            602.1245718287869,
            713.4171290346203,
            986.3837995425513,
            837.5613410371805,
            671.1676392675678,
            206.81634364817495,
            850.6003762049486,
            649.0030816567822,
            563.4909049842773,
            112.53888216967503,
            391.52266856466946,
            220.184013951967,
            401.01122178811903,
            898.3384662809447,
            839.7505582016603,
            774.6392708867786,
            770.3142216005103,
            227.24656213021132,
            1034.0043520217891,
            632.8111882702453,
            179.12007146045917,
            417.943776123057,
            546.2096667031809,
            722.5378882799158,
            155.2063143045411,
            624.4653713377548,
            537.3760322158032,
            862.1165814436004,
            295.22195040342103,
            730.2636510192741,
            175.13708916160508,
            764.1007786934914,
            51.244511901275835,
            313.01437666663173,
            411.0960958218893,
            1109.501689949141,
            742.1158939141515,
            986.340711924637,
            653.4592565722824,
            777.7049569084667
        ],
        [
            688.3029856102615,
            0,
            1065.046947322042,
            675.1896030005202,
            55.54277630799526,
            618.4795873753635,
            69.46221994724903,
            573.2608481311104,
            241.84705910967784,
            889.8921282942108,
            910.6184711502397,
            805.1397394241573,
            649.4705536050114,
            963.7344032460396,
            417.8516483155236,
            663.0482637033294,
            208.24024587000469,
            246.28844877500853,
            692.779907329882,
            115.62439189029277,
            223.66045694310827,
            891.0050504907366,
            304.7769676337108,
            555.3422368233845,
            746.0147451625871,
            622.5431711937736,
            1038.680412831589,
            848.285329355636,
            912.0975824987149,
            106.90182411914215,
            125.39936203984452,
            692.1040384219702,
            487.8247636190684,
            907.5692811019994,
            498.6912872709929,
            1057.6015317689362,
            841.3334653988275,
            530.2235377649695,
            1118.5298386721743,
            556.4207041439058,
            931.1337175722937,
            59.033888572581766,
            862.7172190237076,
            920.527022960217,
            618.3283917143059,
            608.769250208977,
            719.69021113254,
            602.0049833680781,
            1030.0,
            725.7616688693334,
            602.1270630024862,
            342.09355445550267,
            863.3064345873948,
            527.0113850762618,
            739.0027063549903,
            799.0150186323158,
            279.35103364763125,
            915.9939956135083,
            1047.0076408508203,
            773.0879639471824,
            508.56071417285074,
            688.2223477917584
        ],
        [
            571.3440294603594,
            1065.046947322042,
            0,
            684.697013283978,
            1052.9197500284624,
            557.6970503777118,
            1125.27774349269,
            811.4733513800684,
            972.7039631871559,
            590.4955545980004,
            504.7900553695565,
            441.4260980050908,
            437.64483316954625,
            649.8899906907322,
            741.9332854104875,
            838.1527307120106,
            944.2547325801445,
            828.4714841200027,
            605.4428131541409,
            952.3245245188218,
            842.720000949307,
            883.3668547098652,
            822.0024330864233,
            732.5639903789976,
            918.0332237996619,
            820.3810090439686,
            194.61757371830532,
            669.0029895299422,
            585.5091801159057,
            979.6024703929651,
            951.8928511129811,
            676.7547561709484,
            580.2206476849992,
            540.8040310500653,
            571.5522723251129,
            519.0472040190564,
            635.9787732306794,
            818.5499373892835,
            264.91130591199766,
            532.9024300939151,
            832.2337412049574,
            1026.6002142996076,
            567.1490104020282,
            159.01257811883937,
            528.2471012698509,
            698.3301511462897,
            428.47753733422246,
            606.9637550958048,
            36.400549446402586,
            766.5800675728531,
            465.8261478277062,
            906.8301935864289,
            514.0476631597502,
            809.2490345993623,
            544.4997704315402,
            284.60498941515414,
            849.8105671265803,
            957.6826196606055,
            293.4109745732085,
            895.7644779739817,
            711.6832160448918,
            693.4154598795732
        ],
        [
            116.15506876585285,
            675.1896030005202,
            684.697013283978,
            0,
            700.2128247897206,
            178.10109488714548,
            744.0430095095309,
            866.8984946347525,
            756.2863214418201,
            225.48835890129672,
            275.85684693333246,
            248.86341635523692,
            541.720407590484,
            1031.193968174756,
            663.6723589241908,
            951.8035511595866,
            701.7129042564344,
            562.2855146631468,
            79.42921376924237,
            608.9466314875222,
            503.17094510712764,
            1132.401430588994,
            641.942365014181,
            786.3078277621304,
            1061.4353489497134,
            910.0796668424144,
            787.2801280357584,
            173.1040149736568,
            953.4175370738678,
            653.7377149897351,
            554.8279012450618,
            17.46424919657298,
            464.3468531173653,
            258.26536740337446,
            476.28772816439437,
            1008.9598604503551,
            936.8890008960506,
            839.8487959150741,
            886.4423275092406,
            308.97410894765926,
            1125.8636684785597,
            617.0202589866884,
            207.53794833716557,
            533.0,
            636.6576788196307,
            801.7861310848423,
            271.0073799733136,
            708.8081545806313,
            651.2733681028268,
            945.3216383855815,
            390.8657058376956,
            771.1374715315034,
            232.13142829009604,
            829.6517341631969,
            142.0774436706967,
            429.09439520925923,
            397.1347378409499,
            1193.3323091243278,
            857.4590369224643,
            1064.7065323364932,
            723.522632679863,
            862.8168983046171
        ],
        [
            704.7056122949497,
            55.54277630799526,
            1052.9197500284624,
            700.2128247897206,
            0,
            630.2015550599664,
            75.43208866258445,
            524.4435145942792,
            188.5974549138986,
            910.0269226786645,
            925.7845321671776,
            814.8625650991706,
            629.3528422117437,
            921.2236427708528,
            380.1381327885957,
            612.7348529339587,
            160.22796260328593,
            225.36414976655007,
            712.0849668403342,
            103.81714694596457,
            222.33533232484666,
            840.2148534749906,
            267.686383665662,
            511.40003910832854,
            693.461606723833,
            573.013961435496,
            1016.8205348044462,
            873.0572718899947,
            872.0258023705492,
            74.27651041883968,
            145.67086187704115,
            716.7740229667925,
            472.89745188571277,
            924.8205231286771,
            482.4106134819175,
            1020.988736470682,
            799.1076272943465,
            481.505970887174,
            1093.7943133880337,
            557.0430863048208,
            882.1048690490264,
            101.21264743103995,
            881.4771693016218,
            912.2965526625649,
            589.0033955759508,
            565.7782251023806,
            724.3210614085441,
            566.0079504741962,
            1018.4326192733618,
            678.1777053250865,
            594.6578848379966,
            291.3365751154496,
            878.8338864654684,
            478.8527957525152,
            754.7184905645283,
            793.3977564878792,
            303.2655601943617,
            863.567021139645,
            1020.3577803888203,
            721.2503032928304,
            467.9540575740315,
            644.2243398071824
        ],
        [
            92.2821759604746,
            618.4795873753635,
            557.6970503777118,
            178.10109488714548,
            630.2015550599664,
            0,
            687.4707266495061,
            706.0063739089046,
            644.742584292367,
            300.18827425467504,
            298.00167784762556,
            187.6192953829643,
            363.6385568115681,
            853.1148808923685,
            512.7738292853878,
            786.7261276962905,
            594.2432162002356,
            450.45865515050326,
            122.38055401083948,
            529.1880573104423,
            411.9526671839861,
            959.0834166014967,
            512.2206555772619,
            622.2668237982803,
            895.8978736440889,
            746.4589740903381,
            632.178772183945,
            298.7189314389029,
            775.3870001489579,
            570.6986945841037,
            493.08214325809854,
            182.33211456021672,
            299.8032688280767,
            302.27305536550887,
            309.7256850827842,
            834.6735888956832,
            759.2555564498688,
            682.5789331645095,
            731.1497794569865,
            136.517398158623,
            950.0173682622859,
            565.2415412900931,
            266.3080922540658,
            399.1553582253406,
            460.92190227846623,
            632.8799254202964,
            130.6330739131557,
            536.4000372856065,
            522.027777038732,
            773.9179543078193,
            212.94130646729866,
            639.7632374558575,
            252.33509466580347,
            672.0610091353315,
            132.67252918370104,
            279.6032903955173,
            348.0057470789814,
            1021.7210969731417,
            694.4148615921176,
            896.6827755678147,
            561.8051263561058,
            690.1659220796113
        ],
        [
            757.7361018190963,
            69.46221994724903,
            1125.27774349269,
            744.0430095095309,
            75.43208866258445,
            687.4707266495061,
            0,
            589.7872497774092,
            249.06424873915566,
            959.2731623474097,
            980.016836590066,
            873.8861481909414,
            703.9126366247448,
            992.1375912644374,
            454.2741463037491,
            675.4035830523851,
            229.9934781684037,
            299.47453981933086,
            762.2210965330205,
            173.0664612222715,
            288.0225685601738,
            901.4194362226721,
            342.312722521381,
            581.8934610390463,
            751.0026631111238,
            637.1224372128171,
            1091.8177503594636,
            917.1068640022272,
            944.4898093679996,
            149.33519344079613,
            194.5507645834372,
            761.0105124109652,
            545.8809393997925,
            977.030705761083,
            555.8435031553397,
            1094.8972554536795,
            870.338439918633,
            547.1690780736792,
            1169.131301437097,
            622.531123719931,
            946.2520805789544,
            127.03542812932147,
            932.1630758617292,
            982.9470992886647,
            664.4132750028404,
            636.8398542804933,
            787.2312239742525,
            640.3944097195102,
            1090.561781835399,
            744.6777826684505,
            664.7285160123641,
            355.27594908746636,
            932.7191431508202,
            545.265073152499,
            808.412023661202,
            862.6992523469579,
            348.6947088786981,
            921.0135721041248,
            1095.782825198497,
            780.5024023025169,
            540.6782777216041,
            714.3703521283621
        ],
        [
            797.6421503406148,
            573.2608481311104,
            811.4733513800684,
            866.8984946347525,
            524.4435145942792,
            706.0063739089046,
            589.7872497774092,
            0,
            341.34147125715623,
            993.3257270402293,
            961.0671152422187,
            822.4609413218357,
            417.6601489249363,
            419.5473751556551,
            213.70072531463248,
            95.81753492967766,
            365.07533469134836,
            396.06312628165733,
            827.7704995951474,
            485.41219597368996,
            478.7692554874426,
            321.6240040792975,
            295.4132698441287,
            88.25531145489205,
            200.66389809828772,
            51.419840528729765,
            687.433633160322,
            1004.4580628378667,
            390.75567814172575,
            470.03829631211966,
            549.4588246629588,
            876.7964415986187,
            406.2031511448428,
            979.355910790352,
            396.7581127084864,
            557.9184528226325,
            305.6435832796102,
            43.046486500061775,
            728.7173663362223,
            570.5436004373373,
            357.8742796010912,
            583.3429523016456,
            957.1337419608609,
            731.7171584704024,
            299.37601774357273,
            113.43720729989785,
            709.7281169574727,
            210.261741645978,
            787.3449053623197,
            155.64703659241314,
            520.5890893977706,
            234.55489762526813,
            925.7137786594731,
            47.67598976424087,
            829.2846314746222,
            665.2796404520433,
            607.8198746339248,
            358.9219970968623,
            645.2852082606574,
            215.03720608304042,
            144.20124826089406,
            151.74320413119003
        ],
        [
            731.3309784222189,
            241.84705910967784,
            972.7039631871559,
            756.2863214418201,
            188.5974549138986,
            644.742584292367,
            249.06424873915566,
            341.34147125715623,
            0,
            942.5423067427795,
            940.7082438248322,
            814.4814301136645,
            535.3372768638478,
            750.2866119024116,
            240.35390573069537,
            426.3812847675189,
            56.302753041036986,
            195.48913013259843,
            748.2365935985756,
            188.0026595556563,
            257.23530084341064,
            652.8859012109236,
            152.12166183683374,
            341.7206461424302,
            504.89206767387424,
            388.146879415512,
            905.7113226630215,
            922.6841279657951,
            707.9039482867714,
            153.39491516996256,
            263.4027334710101,
            771.0006485081578,
            408.5890355846569,
            946.9656804763307,
            412.33117757453164,
            865.1063518435175,
            629.8603019717945,
            299.0468190768797,
            972.5024421563165,
            539.0009276429865,
            697.2087205421343,
            267.44158240632663,
            909.9983516468587,
            848.124990788504,
            465.2139292841521,
            397.70592150482247,
            710.1802588075791,
            420.42359591250346,
            940.7241891224016,
            496.7131969255498,
            546.3231644365815,
            107.00467279516349,
            896.2901315980222,
            297.80026863654774,
            776.9588148673004,
            741.6987258988652,
            387.91880593753126,
            675.0148146522416,
            894.1168827396115,
            533.0150091695355,
            310.8311438707518,
            471.93643639795386
        ],
        [
            211.2178969689832,
            889.8921282942108,
            590.4955545980004,
            225.48835890129672,
            910.0269226786645,
            300.18827425467504,
            959.2731623474097,
            993.3257270402293,
            942.5423067427795,
            0,
            87.69264507357501,
            189.02380802428036,
            608.4340555886068,
            1072.9790305499916,
            809.2391488305543,
            1067.9068311421179,
            890.721056223552,
            747.2951224248691,
            198.04039991880444,
            813.5533172447888,
            700.5740503330109,
            1219.7417759509592,
            812.3601418090378,
            906.9426663246139,
            1175.2659273543159,
            1030.1164982660941,
            738.3989436612163,
            89.44271909999159,
            994.6748212355635,
            857.1300951430885,
            766.5487590492858,
            208.12496246245908,
            590.7935341555458,
            52.63078946776307,
            598.2482762198316,
            1012.9387938074047,
            997.8226295289159,
            973.5219566090947,
            832.8079010191966,
            426.75519914817676,
            1199.6941276842192,
            832.863134014227,
            36.400549446402586,
            466.94967608940476,
            722.768289287791,
            909.7626063979548,
            291.6058984314275,
            807.4416387578732,
            563.6452785218731,
            1042.8777493071755,
            475.3367227555641,
            939.9319124277035,
            82.76472678623425,
            962.8359154082277,
            167.96725871431016,
            409.4398612739117,
            610.5874220781166,
            1287.038849452494,
            825.0412110919067,
            1171.6812706534145,
            850.0317641123772,
            957.0757545774524
        ],
        [
            222.59604668547013,
            910.6184711502397,
            504.7900553695565,
            275.85684693333246,
            925.7845321671776,
            298.00167784762556,
            980.016836590066,
            961.0671152422187,
            940.7082438248322,
            87.69264507357501,
            0,
            138.70832707519762,
            561.4855296443534,
            1010.6483067813451,
            788.0520287392197,
            1030.6333004517176,
            891.2294878424972,
            747.5426409242484,
            224.87774456357394,
            825.9691277523634,
            709.5139181157758,
            1170.521251408961,
            803.2938441193235,
            873.437461985688,
            1136.1161912410191,
            994.815560795065,
            658.0919388656877,
            174.61385970191483,
            932.8772695269191,
            868.0656657189018,
            785.6112270073537,
            259.8037721050255,
            567.0035273258889,
            36.05551275463989,
            572.3399339553374,
            941.3060076298249,
            941.8704794184813,
            944.5766247372418,
            751.0266306862893,
            408.2082801707971,
            1146.1029622158735,
            855.3461287689329,
            76.32168761236875,
            387.19504129056196,
            679.5086460082756,
            871.220982300128,
            251.34836382996411,
            767.0202083387373,
            478.90917719333794,
            998.815298240871,
            440.59618700120404,
            928.1476175695329,
            47.539457296018846,
            933.8142213524056,
            171.64206943520574,
            343.582595601116,
            633.6884092359588,
            1239.5777506877089,
            747.0615771139619,
            1129.9243337498312,
            819.8268109790018,
            912.7935144379588
        ],
        [
            146.75489770362012,
            805.1397394241573,
            441.4260980050908,
            248.86341635523692,
            814.8625650991706,
            187.6192953829643,
            873.8861481909414,
            822.4609413218357,
            814.4814301136645,
            189.02380802428036,
            138.70832707519762,
            0,
            424.3324168620635,
            883.9558812520002,
            652.0506115325711,
            892.0005605379405,
            767.0058669919025,
            624.2595614005444,
            172.53985046939158,
            712.6941840649465,
            594.3214618369423,
            1034.7946656221222,
            673.0802329588947,
            734.7768368695354,
            997.6773025382505,
            856.1086379660002,
            565.8277122941223,
            243.5775030662725,
            805.6525305614077,
            752.9316037994421,
            679.8154161241123,
            238.65037188322168,
            430.90718258112156,
            160.56151469141042,
            435.4870836201689,
            827.0266017486983,
            809.7653981246667,
            806.352900410236,
            663.1417646325709,
            276.52486325826106,
            1012.580860968644,
            752.4925248798156,
            154.5477272560163,
            298.1677380267691,
            541.5126960653831,
            732.6458899086243,
            112.92475370794484,
            628.6048043087167,
            409.7047717564442,
            861.2409651195187,
            302.1671722738921,
            795.8555145250926,
            108.90362712049586,
            795.5859475883169,
            106.88779163215975,
            222.38030488332367,
            535.5492507697121,
            1103.1794958210564,
            647.1050919286603,
            991.8896107934593,
            681.5071533006826,
            775.226418538481
        ],
        [
            442.7696918263489,
            649.4705536050114,
            437.64483316954625,
            541.720407590484,
            629.3528422117437,
            363.6385568115681,
            703.9126366247448,
            417.6601489249363,
            535.3372768638478,
            608.4340555886068,
            561.4855296443534,
            424.3324168620635,
            0,
            489.8693703427476,
            305.76461534978176,
            475.20206228508727,
            509.0304509555396,
            404.5268841498671,
            479.8541445064323,
            534.0009363287671,
            437.32367875522124,
            611.3084327898642,
            385.5087547644022,
            330.0802932621092,
            577.4790039473297,
            443.427558909006,
            389.50353015088325,
            639.7124353957801,
            412.57484169541897,
            555.0927850368802,
            549.2804383919018,
            545.6189146281496,
            168.32409215557945,
            584.8709259315256,
            154.5477272560163,
            490.0826460914526,
            396.9811078628302,
            411.6904176684223,
            473.1775565260889,
            241.0808992848666,
            593.4526097339198,
            619.8556283522802,
            572.2420816402793,
            324.89075086865734,
            120.54044964243329,
            316.0569568922665,
            316.8627463113958,
            210.79373804740976,
            406.369290178281,
            437.41284846241086,
            151.15885683611134,
            470.88002718314567,
            532.5053990336625,
            401.25428346623295,
            458.9956426808428,
            247.63077353188558,
            488.69724779253664,
            679.0029455017113,
            408.30993130219105,
            569.2354521636895,
            291.207829565072,
            351.411439768258
        ],
        [
            928.8837386885401,
            963.7344032460396,
            649.8899906907322,
            1031.193968174756,
            921.2236427708528,
            853.1148808923685,
            992.1375912644374,
            419.5473751556551,
            750.2866119024116,
            1072.9790305499916,
            1010.6483067813451,
            883.9558812520002,
            489.8693703427476,
            0,
            549.130221350091,
            365.68975922221284,
            762.1679604916492,
            742.7476018136983,
            966.8795167961725,
            860.1308040059954,
            813.0190649671139,
            265.5899094468764,
            660.7215752493632,
            410.2645487974802,
            375.7046712512369,
            385.2168220625885,
            463.40586962186825,
            1117.2484056824605,
            78.54934754662193,
            856.8897245270246,
            909.5300984574396,
            1034.5163120995242,
            609.5941272682998,
            1040.0201921116725,
            593.8257320123472,
            178.66449003649268,
            122.48265183282079,
            457.5773158713181,
            446.7807068350198,
            729.3202314484358,
            197.00253805471644,
            960.4816500069119,
            1038.22203790904,
            657.7309480327044,
            413.49486091123305,
            355.4490118146342,
            789.6188954172766,
            379.22288960451743,
            643.5806087818371,
            272.35638417338413,
            641.0280805081786,
            644.375666827977,
            991.8034079392952,
            456.2948608082278,
            939.0788039350053,
            667.0839527375846,
            914.1974622585649,
            334.33665668005955,
            375.45838650907774,
            339.02359799872335,
            455.73896037095625,
            278.38462601228537
        ],
        [
            605.0297513345935,
            417.8516483155236,
            741.9332854104875,
            663.6723589241908,
            380.1381327885957,
            512.7738292853878,
            454.2741463037491,
            213.70072531463248,
            240.35390573069537,
            809.2391488305543,
            788.0520287392197,
            652.0506115325711,
            305.76461534978176,
            549.130221350091,
            0,
            307.7222773866072,
            229.61707253599414,
            197.02284131541703,
            631.8100980516218,
            311.1735849971845,
            274.92544443903336,
            523.8415791057445,
            113.08846094982461,
            154.74172029546523,
            414.3645737753168,
            263.05892875931806,
            665.7905075922906,
            810.5232877592106,
            494.61298001568866,
            311.23624467596954,
            362.0842443410097,
            674.809602776961,
            221.16283593768642,
            801.849112988223,
            217.14741536569116,
            640.8595790030761,
            426.7575424055209,
            179.76929659983654,
            732.2629309203082,
            382.6277564422111,
            545.9761899570346,
            411.41827864109297,
            773.8094080585993,
            628.3709095749102,
            225.055548698538,
            200.0,
            540.1425737710368,
            186.25251676151925,
            711.5195007868723,
            337.7128958153656,
            355.4391649776372,
            165.13025161974412,
            748.5038410055088,
            170.41420128616042,
            641.8917354196111,
            534.4950888455385,
            397.51352178259293,
            568.9507887330855,
            654.31261641512,
            427.08898370245987,
            95.04735661763561,
            281.0160137785746
        ],
        [
            877.4383169203405,
            663.0482637033294,
            838.1527307120106,
            951.8035511595866,
            612.7348529339587,
            786.7261276962905,
            675.4035830523851,
            95.81753492967766,
            426.3812847675189,
            1067.9068311421179,
            1030.6333004517176,
            892.0005605379405,
            475.20206228508727,
            365.68975922221284,
            307.7222773866072,
            0,
            455.00439558316356,
            491.8587195526781,
            909.0242020980519,
            578.8903177632185,
            574.5859378717861,
            228.2651966463569,
            391.00383629831566,
            165.55965692160635,
            109.65856099730655,
            44.77722635447623,
            696.42515750079,
            1083.8934449474266,
            353.62833596871167,
            561.5131343076491,
            644.1676800337005,
            960.9791881201174,
            488.06966715828594,
            1050.887719977734,
            477.195976512795,
            522.4270283972681,
            266.54267950930483,
            136.89411966918084,
            725.1717038053815,
            650.3575939435166,
            271.6265819097976,
            675.8520548167328,
            1031.5473813645208,
            774.4656222196052,
            354.6674498738219,
            159.66527487215248,
            780.1852344155201,
            264.7961480082367,
            817.2398668689627,
            94.81033698917012,
            592.6972245590492,
            321.3985065304442,
            997.4592723515082,
            143.1362986806631,
            906.4149160290776,
            720.7468348872578,
            703.3078984342491,
            263.10454196003536,
            641.8862827635437,
            119.50732195141852,
            229.5844071360248,
            145.2205219657332
        ],
        [
            679.635931951806,
            208.24024587000469,
            944.2547325801445,
            701.7129042564344,
            160.22796260328593,
            594.2432162002356,
            229.9934781684037,
            365.07533469134836,
            56.302753041036986,
            890.721056223552,
            891.2294878424972,
            767.0058669919025,
            509.0304509555396,
            762.1679604916492,
            229.61707253599414,
            455.00439558316356,
            0,
            143.78456106272327,
            695.4969446374297,
            136.4734406395618,
            201.24611797498108,
            683.1237076840474,
            124.63145670335398,
            351.96164563770293,
            540.5127195543135,
            414.3090633814326,
            887.4485900602918,
            868.9902185870678,
            714.9055881723125,
            108.25894882179487,
            211.15160430363773,
            716.6058888957026,
            371.5709891797259,
            896.4831286756042,
            377.0,
            867.2721602818807,
            640.3452193934144,
            322.051238159396,
            958.3804046410798,
            493.03955216594943,
            722.9453644640099,
            224.19857269840057,
            858.5947821877327,
            814.6471628870992,
            449.77549955505583,
            406.846408365614,
            664.6638248016814,
            415.2709958569223,
            911.4252574950948,
            518.1679264485597,
            506.90926209727127,
            135.20355024924459,
            846.3297229803524,
            319.03761533712606,
            725.9814047205341,
            704.4863376957711,
            331.6579563345345,
            709.9866195922286,
            881.8440905284789,
            566.30115662958,
            311.73386084928273,
            484.5802307152036
        ],
        [
            536.1277832755918,
            246.28844877500853,
            828.4714841200027,
            562.2855146631468,
            225.36414976655007,
            450.45865515050326,
            299.47453981933086,
            396.06312628165733,
            195.48913013259843,
            747.2951224248691,
            747.5426409242484,
            624.2595614005444,
            404.5268841498671,
            742.7476018136983,
            197.02284131541703,
            491.8587195526781,
            143.78456106272327,
            0,
            552.7476820394636,
            130.80137613954986,
            83.6301381082203,
            715.2202457984532,
            102.4158190906073,
            350.46397817750113,
            592.3681287847955,
            447.4036209062238,
            793.0529616614516,
            727.4957044546724,
            684.1988015189737,
            151.40013210033868,
            166.90416411821485,
            576.6680154126809,
            248.26800035445567,
            752.7018001838443,
            257.25668115716644,
            820.953713676965,
            620.9186742239276,
            355.7878581402125,
            872.2551232294368,
            352.15053599277684,
            741.4822991818482,
            225.03555274667156,
            714.986013849222,
            690.5447125277262,
            374.1443571671234,
            397.0113348507823,
            523.6831102871276,
            368.2010320463537,
            794.2707346994475,
            532.6199395441369,
            375.479693192588,
            219.3672719436516,
            702.5667228100119,
            348.8165707072988,
            582.2482288508913,
            574.7703889380524,
            218.89952032839176,
            754.9364211640607,
            800.870151772433,
            610.6365531148623,
            292.0,
            478.0
        ],
        [
            39.05124837953328,
            692.779907329882,
            605.4428131541409,
            79.42921376924237,
            712.0849668403342,
            122.38055401083948,
            762.2210965330205,
            827.7704995951474,
