{
    "depot": [
        439,
        105
    ],
    "final_destination": [
        912,
        964
    ],
    "requests": [
        [
            [
                220,
                221
            ],
            [
                592,
                129
            ]
        ],
        [
            [
                984,
                770
            ],
            [
                802,
                700
            ]
        ],
        [
            [
                128,
                664
            ],
            [
                246,
                755
            ]
        ],
        [
            [
                90,
                356
            ],
            [
                508,
                677
            ]
        ],
        [
            [
                912,
                491
            ],
            [
                694,
                607
            ]
        ],
        [
            [
                151,
                692
            ],
            [
                833,
                622
            ]
        ],
        [
            [
                66,
                459
            ],
            [
                660,
                949
            ]
        ],
        [
            [
                624,
                980
            ],
            [
                927,
                392
            ]
        ],
        [
            [
                341,
                907
            ],
            [
                704,
                250
            ]
        ],
        [
            [
                599,
                958
            ],
            [
                687,
                554
            ]
        ],
        [
            [
                874,
                274
            ],
            [
                355,
                477
            ]
        ],
        [
            [
                898,
                633
            ],
            [
                312,
                249
            ]
        ],
        [
            [
                510,
                600
            ],
            [
                600,
                860
            ]
        ],
        [
            [
                108,
                287
            ],
            [
                649,
                996
            ]
        ],
        [
            [
                895,
                160
            ],
            [
                866,
                833
            ]
        ],
        [
            [
                758,
                923
            ],
            [
                3,
                856
            ]
        ],
        [
            [
                774,
                32
            ],
            [
                599,
                435
            ]
        ],
        [
            [
                197,
                668
            ],
            [
                513,
                230
            ]
        ],
        [
            [
                162,
                576
            ],
            [
                653,
                127
            ]
        ],
        [
            [
                285,
                938
            ],
            [
                308,
                328
            ]
        ]
    ],
    "travel_costs": [
        [
            0,
            247.82453470146976,
            859.7964875480709,
            639.6889869303676,
            429.8860314083257,
            610.5120801425636,
            653.8447828039924,
            514.242160854203,
            894.3433345198029,
            807.9653457915135,
            867.8761432370404,
            466.67547610732663,
            699.6177527764714,
            500.06599564457497,
            377.7366807711425,
            459.30490961887176,
            878.0005694758975,
            342.86148806770353,
            612.8074738447632,
            546.4155927496945,
            847.1156945777832,
            154.8709139896837,
            696.9892395152166,
            678.047933408841,
            576.1466827119635,
            563.0532834466024,
            650.0192304847603,
            872.4545833451733,
            566.1386755910605,
            302.0761493398643,
            512.937618039465,
            381.36596596969684,
            192.0026041490063,
            771.9753882087175,
            915.4130215372732,
            843.9863742975949,
            868.3875862770034,
            366.742416417845,
            145.26183256451088,
            215.12786895239773,
            258.63101128828305,
            980.6171526135977
        ],
        [
            247.82453470146976,
            0,
            940.7959396170883,
            452.4522074208502,
            187.41664813991312,
            742.8081851999209,
            476.02731014092035,
            283.4783942384322,
            859.8238191629724,
            696.5895491607665,
            828.7400074812365,
            656.1440390645944,
            793.3649853629792,
            477.22217048247035,
            130.0,
            677.7506916263532,
            884.4478503563678,
            585.3520308327289,
            447.59133146208274,
            359.706825067304,
            719.9402753006669,
            383.20751558391964,
            753.7672054421046,
            534.6325841173543,
            539.3329213018616,
            611.2871665592204,
            732.5093856053995,
            850.6374080652696,
            727.3857298572747,
            484.8680232805624,
            573.5660380461869,
            289.4149270511112,
            96.16652224137046,
            743.4520831903021,
            885.8137501755095,
            889.8651583245631,
            671.0543942185312,
            435.24360994734894,
            293.13819266687165,
            443.0857704779064,
            138.53880322855397,
            1015.3388596916794
        ],
        [
            859.7964875480709,
            940.7959396170883,
            0,
            862.5381150998488,
            985.206577322746,
            288.1405906844782,
            836.6438907922534,
            969.2497098271426,
            416.77331968349415,
            657.432886308557,
            428.4495302833228,
            508.05117852436877,
            161.75598906995685,
            503.5633028726378,
            1000.3324447402473,
            616.4584333107952,
            272.91940202191563,
            767.2965528399043,
            793.5823838770617,
            844.5827372140635,
            718.9054179793055,
            751.3620964621518,
            194.99743588057768,
            738.152423283972,
            484.99999999999994,
            332.6695056659086,
            211.43556938225885,
            370.15807434121984,
            382.27346232769025,
            590.5929224093361,
            367.23970373585695,
            693.8948047074571,
            850.3087674486251,
            394.4058823090751,
            404.1051843270512,
            133.76471881628578,
            984.7624078933962,
            510.3430218980171,
            716.5479746674328,
            723.1943030749067,
            807.6756774844715,
            206.92993983471797
        ],
        [
            639.6889869303676,
            452.4522074208502,
            862.5381150998488,
            0,
            310.3353025358217,
            802.860510923286,
            36.235341863986875,
            214.17049283222934,
            588.1088334653714,
            323.13774152828387,
            555.2269806124339,
            841.7933238034143,
            770.6237733161363,
            387.32415364911077,
            377.53013124782507,
            917.7717581185422,
            681.1615080140685,
            903.7366873155033,
            69.11584478250988,
            94.33981132056604,
            315.79265349276255,
            708.1814739175263,
            674.9607395989784,
            149.01342221424215,
            380.2223033963158,
            568.8629008821018,
            706.249955752211,
            603.5304466222065,
            844.0290279368359,
            709.3461778285691,
            569.72010671908,
            294.1054232753963,
            453.9614521079956,
            511.0772935672256,
            617.7904175365624,
            757.1030312975903,
            229.1047795223836,
            523.7193905136605,
            580.156013499817,
            750.9953395328096,
            381.17712418244616,
            839.4379071736039
        ],
        [
            429.8860314083257,
            187.41664813991312,
            985.206577322746,
            310.3353025358217,
            0,
            833.0120047154182,
            341.4923132370625,
            105.75916035975324,
            821.2989711426649,
            605.4766717223712,
            788.3431993744857,
            788.2766012003656,
            854.1621625897509,
            485.73243663564415,
            71.30918594402827,
            828.5173504519986,
            876.1923304845802,
            756.856657498631,
            329.8378389451398,
            231.4821807396846,
            613.7988269783513,
            550.9382905553035,
            790.7464827617002,
            428.41218470066883,
            527.0341544909589,
            654.077212567446,
            789.1799541296015,
            822.5259874314002,
            837.7738358292171,
            623.0826590429234,
            628.9777420545182,
            291.31769599528275,
            246.44066222926767,
            717.0188282046714,
            849.7534936674282,
            910.8814412424923,
            507.51256142089727,
            515.0941661482879,
            441.3671940686122,
            607.7910825275409,
            219.79080963497998,
            1022.422613208452
        ],
        [
            610.5120801425636,
            742.8081851999209,
            288.1405906844782,
            802.860510923286,
            833.0120047154182,
            0,
            787.0971985720696,
            846.6049846297859,
            567.5077091987386,
            706.4679752118988,
            562.1903592200777,
            220.3020653557292,
            142.68847185389575,
            416.51530584121394,
            829.4769436217019,
            331.43626838353106,
            458.62838987572496,
            479.2963592601138,
            736.582649809239,
            754.801298356064,
            770.0246749293168,
            483.16042884325697,
            236.18001608942276,
            716.4160802215428,
            444.76060976664735,
            246.9412885687608,
            152.97712247261026,
            522.7504184598995,
            100.12991560967183,
            318.34729463276426,
            233.65358974344906,
            557.1759147701918,
            646.9652231766403,
            483.2235507505817,
            569.3803649582588,
            345.0797009387831,
            979.5437713548077,
            317.9701243827791,
            476.78296949450703,
            446.74041679704777,
            625.607704556138,
            473.0
        ],
        [
            653.8447828039924,
            476.02731014092035,
            836.6438907922534,
            36.235341863986875,
            341.4923132370625,
            787.0971985720696,
            0,
            248.02016047087784,
            553.7806424930362,
            286.9233347080714,
            521.018233845995,
            835.136515786491,
            749.3263641431548,
            370.600863463646,
            407.276318977669,
            914.6365398342667,
            649.4690138874987,
            907.59517407267,
            51.88448708429139,
            116.52038448271615,
            280.1285419231678,
            715.1573253487654,
            651.0491532902872,
            113.99122773266372,
            357.3149870912218,
            549.6125908310325,
            685.5829636156371,
            570.2017186926045,
            831.971153346076,
            707.9357315463036,
            553.4799002673901,
            296.3798238747031,
            471.349127505292,
            479.40066750057827,
            583.4552253600957,
            728.7701969756996,
            220.90722034374522,
            516.4813646202542,
            586.9310010554904,
            755.7969303986356,
            396.4151863892199,
            808.149119903004
        ],
        [
            514.242160854203,
            283.4783942384322,
            969.2497098271426,
            214.17049283222934,
            105.75916035975324,
            846.6049846297859,
            248.02016047087784,
            0,
            763.4166621184005,
            525.6700486046357,
            730.1301253886186,
            828.908318211369,
            850.0,
            465.850834495335,
            177.05366418123066,
            881.2729429637562,
            833.16264918682,
            826.7968311501926,
            246.66171166194403,
            151.34397906755325,
            526.6896619452484,
            620.9476628509041,
            774.4527099829918,
            346.433254754794,
            492.83668694609173,
            645.2038437579242,
            784.128815947992,
            770.0233762685391,
            863.6029180126709,
            671.3605588653537,
            628.2244821717792,
            289.56001105124994,
            323.4439673266453,
            667.8001197963355,
            792.6272768458073,
            883.1058826663991,
            401.9676603907335,
            533.5400641001573,
            502.24496015390736,
            674.3834220975483,
            275.1817581163403,
            985.261894117498
        ],
        [
            894.3433345198029,
            859.8238191629724,
            416.77331968349415,
            588.1088334653714,
            821.2989711426649,
            567.5077091987386,
            553.7806424930362,
            763.4166621184005,
            0,
            292.2635796673954,
            33.30165161069342,
            748.9566075548036,
            442.1368566405655,
            396.7316473386009,
            864.0052083176352,
            863.6208658896564,
            145.61936684383707,
            959.7937278394769,
            528.8411859906525,
            613.7263233722341,
            341.5918617297549,
            851.6014325962586,
            331.78908963376114,
            439.8965787545977,
            324.4456811239749,
            379.5115281516492,
            414.54191585411485,
            47.50789408087881,
            661.4778907869861,
            734.3704787094862,
            430.63325463786464,
            570.4121317082938,
            794.7987166572428,
            122.37646832622684,
            29.68164415931166,
            283.14837100008185,
            633.2590307291322,
            545.5730931781735,
            758.1695061132438,
            853.4928236370824,
            724.5412341613139,
            288.44410203711914
        ],
        [
            807.9653457915135,
            696.5895491607665,
            657.432886308557,
            323.13774152828387,
            605.4766717223712,
            706.4679752118988,
            286.9233347080714,
            525.6700486046357,
            292.2635796673954,
            0,
            262.9923953273174,
            827.5131418896016,
            620.7455195166534,
            350.44257732187737,
            662.3360174412985,
            930.0134407630892,
            417.306841544684,
            976.2755758493603,
            279.02867236182016,
            376.3004119051692,
            64.00781202322105,
            817.487002954787,
            505.3414687119987,
            179.24564150907545,
            284.2340584799788,
            463.25910676423837,
            568.5850859809814,
            321.7530108639234,
            780.1416538039742,
            750.6117505075443,
            494.2924235713107,
            430.2278466115368,
            658.6387477213893,
            263.2299375071156,
            320.60099812695535,
            530.1895887321817,
            341.8259791180302,
            537.9107732700656,
            698.5076950184585,
            840.0857099129828,
            579.9396520328645,
            573.837956221092
        ],
        [
            867.8761432370404,
            828.7400074812365,
            428.4495302833228,
            555.2269806124339,
            788.3431993744857,
            562.1903592200777,
            521.018233845995,
            730.1301253886186,
            33.30165161069342,
            262.9923953273174,
            0,
            737.2116385407926,
            441.61748153803876,
            368.89700459613385,
            831.4577559924496,
            851.1286624241956,
            162.8066337714775,
            942.3911077678949,
            495.6853840895453,
            580.4248444027875,
            314.63629796957633,
            829.029553152359,
            328.2879833317083,
            407.20756378043865,
            295.36756761702867,
            363.6289317422364,
            409.45329403974756,
            61.66036003787198,
            654.1712314065791,
            715.7436692000845,
            413.47309465066775,
            539.3486812814137,
            764.8856123630512,
            98.00510190801293,
            62.80127387243033,
            294.81180437696185,
            604.6651966171031,
            523.0,
            733.0620710417365,
            832.7526643607932,
            693.9603735084592,
            313.057502705174
        ],
        [
            466.67547610732663,
            656.1440390645944,
            508.05117852436877,
            841.7933238034143,
            788.2766012003656,
            220.3020653557292,
            835.136515786491,
            828.908318211369,
            748.9566075548036,
            827.5131418896016,
            737.2116385407926,
            0,
            359.8013340720126,
            488.64301898216047,
            766.110305373841,
            115.91807451816993,
            659.2852190061597,
            261.8472837361503,
            783.3039001562548,
            773.400284458184,
            887.5905587600624,
            317.0946231016855,
            432.04166465747255,
            791.0404540856302,
            544.394158675495,
            378.53533520663564,
            350.40690632463287,
            708.1108670257786,
            129.35609765295177,
            171.68575945604806,
            336.7031333385539,
            557.2880763124222,
            562.555775012576,
            646.8941180749753,
            756.2466528851548,
            559.0572421496747,
            1047.5519080217457,
            318.6628312182015,
            363.6715551153266,
            265.42418879973997,
            568.5701363947987,
            691.045584603505
        ],
        [
            699.6177527764714,
            793.3649853629792,
            161.75598906995685,
            770.6237733161363,
            854.1621625897509,
            142.68847185389575,
            749.3263641431548,
            850.0,
            442.1368566405655,
            620.7455195166534,
            441.61748153803876,
            359.8013340720126,
            0,
            389.4008217762259,
            862.447679572506,
            473.0095136463959,
            322.02484376209236,
            613.6586999301811,
            701.8732079229125,
            738.20390137143,
            684.6853291841443,
            589.6202167497312,
            117.06835610018618,
            663.3159126690691,
            392.47420297390244,
            205.65018842685268,
            65.92419889539804,
            395.60080889704966,
            242.7385424690525,
            429.33087473416117,
            225.30423875284725,
            564.9646006609618,
            700.6083071160375,
            374.6104643493024,
            440.1931394285922,
            202.54382241875462,
            922.3632689998014,
            358.6153928653928,
            557.3454942851876,
            562.1930273491482,
            664.1724173736816,
            331.2959402105616
        ],
        [
            500.06599564457497,
            477.22217048247035,
            503.5633028726378,
            387.32415364911077,
            485.73243663564415,
            416.51530584121394,
            370.600863463646,
            465.850834495335,
            396.7316473386009,
            350.44257732187737,
            368.89700459613385,
            488.64301898216047,
            389.4008217762259,
            0,
            509.4830713576262,
            584.6580197004057,
            407.2259814893937,
            626.3545321940283,
            320.30142054009065,
            348.82660448996717,
            406.04063836025085,
            478.08472052555703,
            308.64866758176686,
            306.13885738337757,
            77.02596964660685,
            184.13310403075272,
            323.74835906920055,
            379.8697145074874,
            465.99678110476253,
            400.169963890345,
            182.87974190707948,
            197.87369708983556,
            402.995037190286,
            275.13632984395207,
            419.68678797407955,
            425.47032799009617,
            567.9656679765071,
            187.47266467407988,
            370.01216196227927,
            494.14370379475645,
            338.803778019077,
            542.30987451825
        ],
        [
            377.7366807711425,
            130.0,
            1000.3324447402473,
            377.53013124782507,
            71.30918594402827,
            829.4769436217019,
            407.276318977669,
            177.05366418123066,
            864.0052083176352,
            662.3360174412985,
            831.4577559924496,
            766.110305373841,
            862.447679572506,
            509.4830713576262,
            0,
            797.1812842760421,
            909.3932042851432,
            713.1486521055762,
            391.2569488200817,
            294.0017006753532,
            674.6332336907217,
            509.136523930468,
            807.5921000108905,
            487.9221249338874,
            558.6591089385369,
            667.6795638627859,
            798.6551195603769,
            861.9443137465436,
            825.7033365561749,
            597.1473854920575,
            637.5970514360931,
            311.62316987027776,
            207.50903594783532,
            755.2436692882635,
            891.8307014226411,
            934.1734314355124,
            578.6069477633326,
            512.8206314102426,
            408.99144245326215,
            568.0008802810081,
            204.15925156602626,
            1051.0685039520497
        ],
        [
            459.30490961887176,
            677.7506916263532,
            616.4584333107952,
            917.7717581185422,
            828.5173504519986,
            331.43626838353106,
            914.6365398342667,
            881.2729429637562,
            863.6208658896564,
            930.0134407630892,
            851.1286624241956,
            115.91807451816993,
            473.0095136463959,
            584.6580197004057,
            797.1812842760421,
            0,
            775.2019091823756,
            176.13914953808538,
            863.2890593538181,
            842.8196722905797,
            988.6273312022079,
            304.58168034207176,
            547.9498152203357,
            880.469193101042,
            645.8002787240031,
            490.1122320448654,
            466.1416093849593,
            823.2533024531393,
            234.19649869287113,
            211.14213222377006,
            445.5333881989093,
            626.1701046840227,
            589.7541860809469,
            759.6216163327634,
            871.4424823245652,
            673.6245244941725,
            1131.4062046851254,
            404.0309394093477,
            388.36065712170176,
            244.23963642291972,
            610.5677685564478,
            804.179706284609
        ],
        [
            878.0005694758975,
            884.4478503563678,
            272.91940202191563,
            681.1615080140685,
            876.1923304845802,
            458.62838987572496,
            649.4690138874987,
            833.16264918682,
            145.61936684383707,
            417.306841544684,
            162.8066337714775,
            659.2852190061597,
            322.02484376209236,
            407.2259814893937,
            909.3932042851432,
            775.2019091823756,
            0,
            891.1436472309053,
            616.2353446533231,
            689.6557112066861,
            473.23778378316325,
            811.1670604752144,
            227.29936207565564,
            538.8580518095652,
            350.736368231183,
            322.41588050218616,
            310.20315923600776,
            101.39033484509261,
            557.2450089502821,
            675.1629432959129,
            375.7685457831722,
            601.1031525453847,
            808.2029448102747,
            170.09703113223344,
            131.18688958886096,
            140.5844941663198,
            757.9670177520918,
            513.2494520211395,
            735.0333325775098,
            802.8953854643829,
            746.0060321471938,
            159.3643623900902
        ],
        [
            342.86148806770353,
            585.3520308327289,
            767.2965528399043,
            903.7366873155033,
            756.856657498631,
            479.2963592601138,
            907.59517407267,
            826.7968311501926,
            959.7937278394769,
            976.2755758493603,
            942.3911077678949,
            261.8472837361503,
            613.6586999301811,
            626.3545321940283,
            713.1486521055762,
            176.13914953808538,
            891.1436472309053,
            0,
            858.7345340674265,
            818.8284313578761,
            1029.5421312408737,
            206.2353025066271,
            668.5865688151385,
            895.2725841887486,
            697.6969256059539,
            580.538543078752,
            592.9426616461325,
            924.0589808015504,
            391.1636486178131,
            228.9628790874189,
            529.200340135945,
            611.2168191403114,
            510.424333275756,
            846.0851021026194,
            972.0704706964408,
            806.2660851108645,
            1128.4577971727608,
            439.35634739923813,
            327.6049450176233,
            153.83757668398187,
            552.0615907668274,
            942.1613449935207
        ],
        [
            612.8074738447632,
            447.59133146208274,
            793.5823838770617,
            69.11584478250988,
            329.8378389451398,
            736.582649809239,
            51.88448708429139,
            246.66171166194403,
            528.8411859906525,
            279.02867236182016,
            495.6853840895453,
            783.3039001562548,
            701.8732079229125,
            320.30142054009065,
            391.2569488200817,
            863.2890593538181,
            616.2353446533231,
            858.7345340674265,
            0,
            98.43271813782245,
            283.97887245356833,
            668.240974499469,
            605.8456899244229,
            99.84988733093292,
            311.13019782721193,
            500.729467876617,
            637.6613521297962,
            541.5994830130472,
            780.4332130297889,
            657.0943615646081,
            503.0864736802213,
            247.88101984621576,
            434.4951092935339,
            446.4000448028651,
            558.4693366694361,
            689.0471681967789,
            270.1481075262235,
            464.64287361370344,
            540.0925846556311,
            707.5429315596333,
            357.6604535030397,
            773.8481763240126
        ],
        [
            546.4155927496945,
            359.706825067304,
            844.5827372140635,
            94.33981132056604,
            231.4821807396846,
            754.801298356064,
            116.52038448271615,
            151.34397906755325,
            613.7263233722341,
            376.3004119051692,
            580.4248444027875,
            773.400284458184,
            738.20390137143,
            348.82660448996717,
            294.0017006753532,
            842.8196722905797,
            689.6557112066861,
            818.8284313578761,
            98.43271813782245,
            0,
            382.3257773156291,
            620.2491434899366,
            651.9018331006595,
            197.72961336127676,
            360.4400088780379,
            532.9024300939151,
            672.5749028918638,
            622.2001285760073,
            786.8170054085002,
            632.4871540197477,
            525.4607501992895,
            216.91011963483862,
            359.76242160625947,
            522.0153254455274,
            643.0933058273893,
            749.4431265946736,
            321.9953415812098,
            459.18405895675426,
            492.8661075789245,
            665.3435202960949,
            287.7846417027844,
            844.4193271118326
        ],
        [
            847.1156945777832,
            719.9402753006669,
            718.9054179793055,
            315.79265349276255,
            613.7988269783513,
            770.0246749293168,
            280.1285419231678,
            526.6896619452484,
            341.5918617297549,
            64.00781202322105,
            314.63629796957633,
            887.5905587600624,
            684.6853291841443,
            406.04063836025085,
            674.6332336907217,
            988.6273312022079,
            473.23778378316325,
            1029.5421312408737,
            283.97887245356833,
            382.3257773156291,
            0,
            865.291858276732,
            569.1511222865154,
            187.1095935541521,
            343.29287787543745,
            526.1577710155007,
            632.5820104935011,
            375.16129864366343,
            842.7811103720824,
            805.5463984153862,
            555.9316504751281,
            466.28424807192454,
            689.5288246331694,
            324.51348200036307,
            368.59191526673504,
            590.4117207508672,
            293.6800980659057,
            592.9628993453132,
            743.8064264309633,
            890.5868851493378,
            610.43345255646,
            627.5388434192739
        ],
        [
            154.8709139896837,
            383.20751558391964,
            751.3620964621518,
            708.1814739175263,
            550.9382905553035,
            483.16042884325697,
            715.1573253487654,
            620.9476628509041,
            851.6014325962586,
            817.487002954787,
            829.029553152359,
            317.0946231016855,
            589.6202167497312,
            478.08472052555703,
            509.136523930468,
            304.58168034207176,
            811.1670604752144,
            206.2353025066271,
            668.240974499469,
            620.2491434899366,
            865.291858276732,
            0,
            608.392143276029,
            715.2565973131601,
            554.4005772002768,
            488.7617006272075,
            548.7531321095124,
            822.8146814441268,
            425.90374499410075,
            164.87874332369228,
            435.4882317583335,
            421.0380030353554,
            304.63092423455635,
            731.0437743391294,
            868.8716821257325,
            755.4415927125008,
            935.6548508932126,
            306.08005488760614,
            128.22636234409833,
            61.032778078668514,
            346.78091066262573,
            894.2175350550895
        ],
        [
            696.9892395152166,
            753.7672054421046,
            194.99743588057768,
            674.9607395989784,
            790.7464827617002,
            236.18001608942276,
            651.0491532902872,
            774.4527099829918,
            331.78908963376114,
            505.3414687119987,
            328.2879833317083,
            432.04166465747255,
            117.06835610018618,
            308.64866758176686,
            807.5921000108905,
            547.9498152203357,
            227.29936207565564,
            668.5865688151385,
            605.8456899244229,
            651.9018331006595,
            569.1511222865154,
            608.392143276029,
            0,
            558.7137012817924,
            294.89828755013144,
            142.52368224263643,
            83.93449827097318,
            286.6443789785525,
            332.3988567970714,
            460.5475002646307,
            185.85209172887994,
            499.5377863585496,
            665.9587074286213,
            257.68973592287296,
            333.2041416309227,
            147.59742545180117,
            814.0866047294968,
            333.81731530883775,
            551.7435998722594,
            592.0557406190738,
            618.4011642938588,
            286.0
        ],
        [
            678.047933408841,
            534.6325841173543,
            738.152423283972,
            149.01342221424215,
            428.41218470066883,
            716.4160802215428,
            113.99122773266372,
            346.433254754794,
            439.8965787545977,
            179.24564150907545,
            407.20756378043865,
            791.0404540856302,
            663.3159126690691,
            306.13885738337757,
            487.9221249338874,
            880.469193101042,
            538.8580518095652,
            895.2725841887486,
            99.84988733093292,
            197.72961336127676,
            187.1095935541521,
            715.2565973131601,
            558.7137012817924,
            0,
            273.36422589651335,
            471.81352248531414,
            601.878725325958,
            457.20017497809425,
            771.705902530232,
            681.7543545882197,
            484.64626275253585,
            298.60509037858014,
            510.28619420870086,
            369.24382188467285,
            469.56362721147815,
            624.8871898190904,
            263.1539473388153,
            476.45461483755196,
            588.9940576949822,
            748.3535260824259,
            431.4776935138131,
            698.0236385682077
        ],
        [
            576.1466827119635,
            539.3329213018616,
            484.99999999999994,
            380.2223033963158,
            527.0341544909589,
            444.76060976664735,
            357.3149870912218,
            492.83668694609173,
            324.4456811239749,
            284.2340584799788,
            295.36756761702867,
            544.394158675495,
            392.47420297390244,
            77.02596964660685,
            558.6591089385369,
            645.8002787240031,
            350.736368231183,
            697.6969256059539,
            311.13019782721193,
            360.4400088780379,
            343.29287787543745,
            554.4005772002768,
            294.89828755013144,
            273.36422589651335,
            0,
            198.73600579663466,
            329.6209944769902,
            311.5894735064071,
            506.7405647863609,
            469.83507744739535,
            217.18655575334307,
            251.81143738917024,
            470.74409183759275,
            204.82431496284812,
            348.7721319142342,
            390.51248379533274,
            535.7854048030797,
            258.54400012377005,
            447.0279633311545,
            568.792580823625,
            402.2449502479801,
            495.5653337351191
        ],
        [
            563.0532834466024,
            611.2871665592204,
            332.6695056659086,
            568.8629008821018,
            654.077212567446,
            246.9412885687608,
            549.6125908310325,
            645.2038437579242,
            379.5115281516492,
            463.25910676423837,
            363.6289317422364,
            378.53533520663564,
            205.65018842685268,
            184.13310403075272,
            667.6795638627859,
            490.1122320448654,
            322.41588050218616,
            580.538543078752,
            500.729467876617,
            532.9024300939151,
            526.1577710155007,
            488.7617006272075,
            142.52368224263643,
            471.81352248531414,
            198.73600579663466,
            0,
            139.8070098385628,
            343.6859031150391,
            317.0394297244429,
            357.14002856022734,
            53.46026561849464,
            363.07161827936926,
            523.534144063212,
            269.89812893015767,
            391.5941776890969,
            284.0070421662111,
            734.4943839131787,
            196.49173010587495,
            418.19851745313485,
            481.7478593621356,
            476.2740807560286,
            418.2977408497445
        ],
        [
            650.0192304847603,
            732.5093856053995,
            211.43556938225885,
            706.249955752211,
            789.1799541296015,
            152.97712247261026,
            685.5829636156371,
            784.128815947992,
            414.54191585411485,
            568.5850859809814,
            409.45329403974756,
            350.40690632463287,
            65.92419889539804,
            323.74835906920055,
            798.6551195603769,
            466.1416093849593,
            310.20315923600776,
            592.9426616461325,
            637.6613521297962,
            672.5749028918638,
            632.5820104935011,
            548.7531321095124,
            83.93449827097318,
            601.878725325958,
            329.6209944769902,
            139.8070098385628,
            0,
            369.9432388894275,
            248.46730167166868,
            393.7321424522006,
            161.0589954023059,
            499.5087586819675,
            640.7573643743784,
            333.06605951372467,
            416.8117080889163,
            213.56497840235886,
            862.3549153335881,
            299.5413160150032,
            506.02766722779097,
            526.7114959823831,
            601.715048839565,
            351.0056979594491
        ],
        [
            872.4545833451733,
            850.6374080652696,
            370.15807434121984,
            603.5304466222065,
            822.5259874314002,
            522.7504184598995,
            570.2017186926045,
            770.0233762685391,
            47.50789408087881,
            321.7530108639234,
            61.66036003787198,
            708.1108670257786,
            395.60080889704966,
            379.8697145074874,
            861.9443137465436,
            823.2533024531393,
            101.39033484509261,
            924.0589808015504,
            541.5994830130472,
            622.2001285760073,
            375.16129864366343,
            822.8146814441268,
            286.6443789785525,
            457.20017497809425,
            311.5894735064071,
            343.6859031150391,
            369.9432388894275,
            0,
            617.6876233178062,
            700.383466395374,
            395.9217094325594,
            561.9688603472615,
            781.7314116753912,
            107.33592129385205,
            48.27007354458868,
            236.41488954801474,
            663.5495460024067,
            517.6069937703701,
            733.8732860651081,
            822.0298048124533,
            713.824208051254,
