{
    "depot": {
        "x": 631,
        "y": 727,
        "node_type": "depot",
        "id": 0
    },
    "final_destination": {
        "x": 500,
        "y": 584,
        "node_type": "final",
        "id": 21
    },
    "pickup_nodes": [
        {
            "x": 16,
            "y": 112,
            "node_type": "pickup",
            "id": 1
        },
        {
            "x": 308,
            "y": 535,
            "node_type": "pickup",
            "id": 2
        },
        {
            "x": 799,
            "y": 561,
            "node_type": "pickup",
            "id": 3
        },
        {
            "x": 590,
            "y": 62,
            "node_type": "pickup",
            "id": 4
        },
        {
            "x": 651,
            "y": 582,
            "node_type": "pickup",
            "id": 5
        },
        {
            "x": 411,
            "y": 565,
            "node_type": "pickup",
            "id": 6
        },
        {
            "x": 192,
            "y": 417,
            "node_type": "pickup",
            "id": 7
        },
        {
            "x": 808,
            "y": 49,
            "node_type": "pickup",
            "id": 8
        },
        {
            "x": 79,
            "y": 349,
            "node_type": "pickup",
            "id": 9
        },
        {
            "x": 880,
            "y": 229,
            "node_type": "pickup",
            "id": 10
        },
        {
            "x": 810,
            "y": 691,
            "node_type": "pickup",
            "id": 11
        },
        {
            "x": 857,
            "y": 137,
            "node_type": "pickup",
            "id": 12
        },
        {
            "x": 466,
            "y": 573,
            "node_type": "pickup",
            "id": 13
        },
        {
            "x": 190,
            "y": 274,
            "node_type": "pickup",
            "id": 14
        },
        {
            "x": 481,
            "y": 42,
            "node_type": "pickup",
            "id": 15
        },
        {
            "x": 890,
            "y": 129,
            "node_type": "pickup",
            "id": 16
        },
        {
            "x": 161,
            "y": 746,
            "node_type": "pickup",
            "id": 17
        },
        {
            "x": 368,
            "y": 423,
            "node_type": "pickup",
            "id": 18
        },
        {
            "x": 200,
            "y": 875,
            "node_type": "pickup",
            "id": 19
        },
        {
            "x": 415,
            "y": 132,
            "node_type": "pickup",
            "id": 20
        }
    ],
    "delivery_nodes": [
        {
            "x": 612,
            "y": 793,
            "node_type": "delivery",
            "id": 1
        },
        {
            "x": 107,
            "y": 558,
            "node_type": "delivery",
            "id": 2
        },
        {
            "x": 391,
            "y": 641,
            "node_type": "delivery",
            "id": 3
        },
        {
            "x": 115,
            "y": 878,
            "node_type": "delivery",
            "id": 4
        },
        {
            "x": 138,
            "y": 523,
            "node_type": "delivery",
            "id": 5
        },
        {
            "x": 746,
            "y": 269,
            "node_type": "delivery",
            "id": 6
        },
        {
            "x": 385,
            "y": 331,
            "node_type": "delivery",
            "id": 7
        },
        {
            "x": 426,
            "y": 377,
            "node_type": "delivery",
            "id": 8
        },
        {
            "x": 951,
            "y": 776,
            "node_type": "delivery",
            "id": 9
        },
        {
            "x": 564,
            "y": 514,
            "node_type": "delivery",
            "id": 10
        },
        {
            "x": 451,
            "y": 286,
            "node_type": "delivery",
            "id": 11
        },
        {
            "x": 402,
            "y": 558,
            "node_type": "delivery",
            "id": 12
        },
        {
            "x": 734,
            "y": 879,
            "node_type": "delivery",
            "id": 13
        },
        {
            "x": 456,
            "y": 52,
            "node_type": "delivery",
            "id": 14
        },
        {
            "x": 56,
            "y": 200,
            "node_type": "delivery",
            "id": 15
        },
        {
            "x": 507,
            "y": 392,
            "node_type": "delivery",
            "id": 16
        },
        {
            "x": 345,
            "y": 339,
            "node_type": "delivery",
            "id": 17
        },
        {
            "x": 471,
            "y": 930,
            "node_type": "delivery",
            "id": 18
        },
        {
            "x": 436,
            "y": 252,
            "node_type": "delivery",
            "id": 19
        },
        {
            "x": 931,
            "y": 188,
            "node_type": "delivery",
            "id": 20
        }
    ],
    "travel_costs": [
        [
            0,
            869.7413408594535,
            375.7565701355067,
            236.1778990506944,
            666.2627109481665,
            146.37281168304446,
            273.2105415242977,
            537.420691823454,
            700.7231978463394,
            669.0201790678664,
            556.7809263974476,
            182.584227139148,
            631.8037670036481,
            225.70112981551512,
            632.2104080130284,
            701.2310603502956,
            651.6786017662388,
            470.38388577841397,
            401.97636746455635,
            455.7027539965059,
            632.9936808531346,
            68.6804193347711,
            550.5787863693987,
            254.94313091354317,
            537.640214269729,
            533.5400641001573,
            472.2171110834507,
            466.1888029543395,
            405.6168142471414,
            323.72982562624657,
            223.28905033610582,
            476.3202704063727,
            284.6085030353099,
            183.61100184901775,
            697.3162840490676,
            779.970512263124,
            357.21282171837,
            482.01659722461847,
            258.4743701027241,
            513.4685968976097,
            616.8638423509681,
            193.93297811357405
        ],
        [
            869.7413408594535,
            0,
            513.9970817037778,
            902.6017948131945,
            576.1735849550897,
            790.0158226263571,
            601.0274536158893,
            352.1377571349031,
            794.5017306463214,
            245.23050381222967,
            871.8858870288016,
            982.6886587317471,
            841.3714993984523,
            644.2212352911071,
            237.73935307390738,
            470.2393007820593,
            874.165316173091,
            650.3698947522095,
            469.70735570139834,
            784.8726011270875,
            399.50093867223893,
            904.9734802744222,
            455.1889717468999,
            648.4334969755957,
            772.371024831978,
            428.72485348997435,
            746.6920382594153,
            429.0943952092593,
            488.1854155953453,
            1146.787251411525,
            679.6381390122247,
            468.5093382207019,
            589.8406564488413,
            1050.6250520523486,
            444.0720662234904,
            96.66436778875656,
            565.2265032710338,
            399.7123966053593,
            936.0283115376373,
            442.71887242357315,
            918.1508590640212,
            676.0473356208129
        ],
        [
            375.7565701355067,
            513.9970817037778,
            0,
            491.6879091456287,
            550.6841199816824,
            346.20514149850516,
            107.28000745712129,
            165.46903033498444,
            697.2775630980822,
            295.0203382819564,
            648.7064050863071,
            525.6805113374472,
            678.0892271670448,
            162.50538452617502,
            286.43498389686965,
            522.4729658078014,
            709.6196164143154,
            257.1575392633862,
            127.05904139414872,
            356.7408022640528,
            416.9628280794345,
            398.7229614657275,
            202.31164079212053,
            134.6291201783626,
            393.5708322525947,
            170.42300314218147,
            512.4451190127583,
            218.04815981796315,
            197.2004056790959,
            686.680420574229,
            256.8598839834668,
            287.14108030722457,
            96.77293009927931,
            547.5509108749616,
            505.1663092487463,
            419.2004293890931,
            245.05101509685693,
            199.46177578674065,
            427.3101917810995,
            310.60103026229643,
            713.1185034761053,
            198.15398053029364
        ],
        [
            236.1778990506944,
            902.6017948131945,
            491.6879091456287,
            0,
            541.0009242136283,
            149.4824404403407,
            388.02061800888885,
            623.8469363553852,
            512.0790954530364,
            750.5624557623436,
            341.73820389298004,
            130.4645545732633,
            427.948595043844,
            333.21614606738376,
            673.238442158497,
            608.6747900151607,
            441.4804638939304,
            664.2808141140312,
            452.55386419740137,
            676.3113188465796,
            575.7577615629684,
            297.98154305258566,
            692.0065028596191,
            415.7691667259611,
            753.8865962464115,
            662.0913834207481,
            296.7709554521803,
            473.59898648540207,
            415.9146547069483,
            263.3040068058213,
            239.6539171388609,
            443.5414298574599,
            397.0113348507823,
            324.5751068705054,
            613.783349399444,
            826.0568987666649,
            337.37960815674677,
            505.3711507397311,
            493.7053777304841,
            476.7074574621211,
            395.6677899450498,
            299.88331063932185
        ],
        [
            666.2627109481665,
            576.1735849550897,
            550.6841199816824,
            541.0009242136283,
            0,
            523.5656596836733,
            533.9007398384085,
            533.318853970118,
            218.3872706913111,
            586.0801992901654,
            334.64757581670904,
            666.364014634644,
            277.3337339740696,
            525.8298203791793,
            452.70741102835945,
            110.81967334368028,
            307.39063095676806,
            807.401387167498,
            423.79830108201236,
            901.7033880384391,
            188.48076824970767,
            731.3309784222189,
            692.318568290639,
            612.2434156444641,
            944.1827153681643,
            645.619857191521,
            259.2006944435142,
            338.2099939386771,
            355.1351855279902,
            800.0731216582644,
            452.74717006293923,
            263.6228366435655,
            530.4337847460322,
            829.593273839657,
            134.37261625792658,
            551.5432893255071,
            340.27782766439543,
            369.80265007162944,
            876.1192841160387,
            244.57309745759034,
            363.5340424224394,
            529.7018029042379
        ],
        [
            146.37281168304446,
            790.0158226263571,
            346.20514149850516,
            149.4824404403407,
            523.5656596836733,
            0,
            240.60133000463648,
            487.7560865842681,
            555.6419710569028,
            617.6350054846308,
            420.7730979993849,
            192.77447963877376,
            490.3682289871561,
            185.21878954360977,
            554.4231236158896,
            566.1271941887264,
            512.1816084163897,
            516.7165567310573,
            324.6074552440224,
            537.8196723809943,
            508.1299046503758,
            214.57399656062705,
            544.5291544077323,
            266.6102023554237,
            612.3005797808786,
            516.3816418115579,
            327.099373279742,
            365.7280410359589,
            304.3846251044885,
            357.26180876214573,
            110.42191811411355,
            357.2338169882577,
            250.15395259719566,
            308.37963616296065,
            564.7344508704954,
            707.0707178210678,
            238.40302011509837,
            390.7492802296634,
            391.7958652155482,
            393.85911186615954,
            483.35907977403303,
            151.0132444522665
        ],
        [
            273.2105415242977,
            601.0274536158893,
            107.28000745712129,
            388.02061800888885,
            533.9007398384085,
            240.60133000463648,
            0,
            264.3198819612327,
            651.0491532902872,
            396.0807998376089,
            576.9376049452835,
            418.4220357485968,
            618.1423784210236,
            55.57877292636101,
            365.4066228190179,
            527.6637186693814,
            647.7167590853275,
            308.6438076488819,
            148.36778626103444,
            374.99466662874016,
            433.0184753564217,
            303.94900888142405,
            304.08058142538465,
            78.587530817554,
            430.7957752810489,
            276.211875197284,
            447.035792750424,
            235.44001359157284,
            188.5974549138986,
            579.7594328684959,
            161.27616066858735,
            281.85279846047297,
            11.40175425099138,
            450.47197471096916,
            514.9699020331187,
            509.16598472403865,
            197.85095400325972,
            235.44001359157284,
            369.89863476363365,
            313.99681527047375,
            642.2842050058525,
            91.00549433962766
        ],
        [
            537.420691823454,
            352.1377571349031,
            165.46903033498444,
            623.8469363553852,
            533.318853970118,
            487.7560865842681,
            264.3198819612327,
            0,
            717.5513918877169,
            131.88252348207476,
            713.2236675826175,
            676.0177512462227,
            721.5434844830905,
            315.2966856787429,
            143.0139853301068,
            473.44059817468127,
            755.0814525599209,
            330.45725896097366,
            176.10224302944013,
            458.06986366710487,
            361.8756692567214,
            563.7162406743308,
            164.63899902513984,
            299.6281028208135,
            467.38634982207174,
            118.96217886370441,
            573.4282867107272,
            211.29363454680785,
            237.3941869549463,
            839.620152211701,
            384.4385516568285,
            290.2447243275922,
            252.94465797877606,
            712.18536912801,
            450.4675349012402,
            256.09568524284043,
            315.9905061864992,
            171.73526137634053,
            583.9606151103001,
            294.5522025040723,
            773.6678874038912,
            350.3612421487286
        ],
        [
            700.7231978463394,
            794.5017306463214,
            697.2775630980822,
            512.0790954530364,
            218.3872706913111,
            555.6419710569028,
            651.0491532902872,
            717.5513918877169,
            0,
            788.3152922530427,
            193.86593305684218,
            642.0031152572392,
            100.72239075796404,
            625.7315718421119,
            657.6845748533258,
            327.0749149659754,
            114.56002793295748,
            951.0089379180407,
            577.4738089298942,
            1025.6412628204855,
            401.66901797375414,
            769.3841693198528,
            866.3036419177746,
            724.1222272517258,
            1080.5045117906727,
            820.716759911725,
            228.56946427727394,
            508.3827298404225,
            503.49577952550896,
            740.9304960655892,
            525.1295078359243,
            428.50670939904774,
            651.0890876062967,
            833.2922656547341,
            352.0127838587684,
            767.0104301768001,
            456.34416836418535,
            546.3231644365814,
            943.2550026371448,
            423.78414316724974,
            185.60711193270586,
            617.3240640052841
        ],
        [
            669.0201790678664,
            245.23050381222967,
            295.0203382819564,
            750.5624557623436,
            586.0801992901654,
            617.6350054846308,
            396.0807998376089,
            131.88252348207476,
            788.3152922530427,
            0,
            809.938886583426,
            807.0470866064757,
            806.3671620298038,
            447.15209940242926,
            133.96268137059664,
            505.81913763715977,
            840.3100618224204,
            405.3800685776251,
            298.3236497497307,
            539.7378993548629,
            399.98124956052624,
            693.7038272923107,
            210.8672568228647,
            427.3265730094491,
            530.2235377649695,
            183.73078130786905,
            671.7804700942116,
            306.52895458667524,
            348.1278500780999,
            970.934086331302,
            512.2987409705396,
            377.29696526741367,
            384.7206778950151,
            842.5704718301015,
            479.9354123212831,
            150.7647173578752,
            430.15462336234395,
            266.1879035568671,
            700.8744538075275,
            369.9432388894275,
            867.0784278253035,
            482.14728040299053
        ],
        [
            556.7809263974476,
            871.8858870288016,
            648.7064050863071,
            341.73820389298004,
            334.64757581670904,
            420.7730979993849,
            576.9376049452835,
            713.2236675826175,
            193.86593305684218,
            809.938886583426,
            0,
            467.27293951180184,
            94.83142938920619,
            538.2675914449986,
            691.4658342969666,
            440.64725121121546,
            100.4987562112089,
            885.5789067045353,
            547.5216890681136,
            937.931767241093,
            475.009473589738,
            624.4357452933008,
            840.1011843819766,
            639.4255234192642,
            1003.207854833683,
            798.1227975693967,
            139.8427688513067,
            505.39984170951226,
            477.51439768869795,
            551.5886148208644,
            425.53613242590814,
            432.77014684471936,
            580.2801047769947,
            666.195166599098,
            459.46164148925425,
            824.5101576087465,
            407.0601921092261,
            546.1913584083878,
            811.5922621612407,
            444.5953216128123,
            65.43699259593156,
            520.0240379059414
        ],
        [
            182.584227139148,
            982.6886587317471,
            525.6805113374472,
            130.4645545732633,
            666.364014634644,
            192.77447963877376,
            418.4220357485968,
            676.0177512462227,
            642.0031152572392,
            807.0470866064757,
            467.27293951180184,
            0,
            555.9901078256698,
            363.6756796927724,
            747.1873928272612,
            727.6276520308998,
            567.66539440061,
            651.3263390958483,
            516.9023118539905,
            637.146764882315,
            684.4749812812737,
            222.72853431924705,
            715.4704745829837,
            421.97274793521916,
            719.7180003306852,
            692.681745103767,
            426.82549127248717,
            556.9784555977008,
            496.03628899506936,
            164.63899902513984,
            303.0594001181946,
            541.2079082940307,
            429.13051627680824,
            202.7806696901852,
            730.5046201085931,
            899.7760832562732,
            425.6876789384442,
            583.2057955816283,
            414.7794594721392,
            576.7122332671642,
            517.3490117899134,
            327.9466420014085
        ],
        [
            631.8037670036481,
            841.3714993984523,
            678.0892271670448,
            427.948595043844,
            277.3337339740696,
            490.3682289871561,
            618.1423784210236,
            721.5434844830905,
            100.72239075796404,
            806.3671620298038,
            94.83142938920619,
            555.9901078256698,
            0,
            585.6423823460866,
            680.9243717183282,
            387.8156778677211,
            33.95585369269929,
            924.8226857079145,
            566.4953662652503,
            988.0754019810431,
            442.02827963830543,
            700.2578096672681,
            860.0819728374732,
            686.4196966870925,
            1048.6395949037974,
            816.0618849082464,
            172.46738822165773,
            510.31362905570137,
            493.3163285357581,
            645.8769232601518,
            477.47041793183377,
            432.4777450921608,
            619.8919260645359,
            752.1256543955936,
            409.9097461637135,
            803.4737083439632,
            433.04156844349245,
            550.4071220469444,
            881.9552142824488,
            436.42410565870443,
            89.87213138676526,
            572.0646816575902
        ],
        [
            225.70112981551512,
            644.2212352911071,
            162.50538452617502,
            333.21614606738376,
            525.8298203791793,
            185.21878954360977,
            55.57877292636101,
            315.2966856787429,
            625.7315718421119,
            447.15209940242926,
            538.2675914449986,
            363.6756796927724,
            585.6423823460866,
            0,
            406.91153829794507,
            531.2118221576022,
            613.9315922804429,
            350.64797161825993,
            179.1758912354003,
            402.4425424827748,
            443.9391850242554,
            264.0378760708395,
            359.31323382252424,
            101.23734488813899,
            465.0010752675739,
            331.78908963376114,
            413.2989232988637,
            255.1960031034969,
            200.03999600079982,
            525.7699116533771,
            114.38968484964019,
            287.39171873942365,
            65.73431371817918,
            406.76774700066863,
            521.0959604525831,
            554.2824189887318,
            185.58555978308226,
            263.4331034627197,
            357.035012288711,
            322.3988213377958,
            603.6969438385455,
            35.73513677041127
        ],
        [
            632.2104080130284,
            237.73935307390738,
            286.43498389686965,
            673.238442158497,
            452.70741102835945,
            554.4231236158896,
            365.4066228190179,
            143.0139853301068,
            657.6845748533258,
            133.96268137059664,
            691.4658342969666,
            747.1873928272612,
            680.9243717183282,
            406.91153829794507,
            0,
            372.1625988731269,
            714.8601261785413,
            472.89005064602486,
            232.13142829009604,
            601.0831889181396,
            266.0620228442985,
            668.9132978196801,
            295.8800432607783,
            418.4375700149307,
            608.6386448460203,
            254.3717751638338,
            556.0224815598735,
            203.16003544004417,
            257.4975728040946,
            911.6605728010837,
            444.38271793579014,
            261.27571643763605,
            354.400902933387,
            813.6098573640808,
            346.4678917302439,
            153.07514494521965,
            338.2499076126999,
            168.0773631397161,
            713.6504746723007,
            246.98178070456936,
            745.9738601318413,
            438.4062043356595
        ],
        [
            701.2310603502956,
            470.2393007820593,
            522.4729658078014,
            608.6747900151607,
            110.81967334368028,
            566.1271941887264,
            527.6637186693814,
            473.44059817468127,
            327.0749149659754,
            505.81913763715977,
            440.64725121121546,
            727.6276520308998,
            387.8156778677211,
            531.2118221576022,
            372.1625988731269,
            0,
            418.1506905411015,
            773.3149423100525,
            397.404076476324,
            879.1188770581598,
            111.60645142642963,
            762.3398192407373,
            637.2848656605615,
            605.7235342959691,
            912.6072539707319,
            590.7706830911635,
            348.93265825944127,
            304.5275028630419,
            339.4849039353591,
            871.5824688461787,
            479.2421100028669,
            245.83734460004243,
            522.0124519587632,
            874.4015096052841,
            26.925824035672523,
            453.41923205792665,
            350.9643856575763,
            326.6573127912492,
            888.0563045212842,
            214.76731594914529,
            473.0919572345317,
            542.3329235810785
        ],
        [
            651.6786017662388,
            874.165316173091,
            709.6196164143154,
            441.4804638939304,
            307.39063095676806,
            512.1816084163897,
            647.7167590853275,
            755.0814525599209,
            114.56002793295748,
            840.3100618224204,
            100.4987562112089,
            567.66539440061,
            33.95585369269929,
            613.9315922804429,
            714.8601261785413,
            418.1506905411015,
            0,
            955.0549722398183,
            599.0993239855975,
            1016.1771499103884,
            475.009473589738,
            719.8472060097199,
            892.8213707119694,
            714.9440537552572,
            1077.7875486384132,
            848.9640746227134,
            200.83824337013107,
            543.901645520585,
            526.1178575186361,
            649.8692176122825,
            504.4809213439097,
            466.2295571925916,
            649.7576471269884,
            766.0522175413371,
            440.77772176007255,
            837.0167262366983,
            464.6052087525494,
            584.0590723548432,
            903.9701322499545,
            470.3668780856067,
            71.84705978674423,
            599.2703897240376
        ],
        [
            470.38388577841397,
            650.3698947522095,
            257.1575392633862,
            664.2808141140312,
            807.401387167498,
            516.7165567310573,
            308.6438076488819,
            330.45725896097366,
            951.0089379180407,
            405.3800685776251,
            885.5789067045353,
            651.3263390958483,
            924.8226857079145,
            350.64797161825993,
            472.89005064602486,
            773.3149423100525,
            955.0549722398183,
            0,
            383.63785006174766,
            134.76646467129723,
            664.463693515304,
            453.44238884338995,
            195.6016359849784,
            252.83393759541062,
            139.78555004005244,
            224.18296099391677,
            754.8205084654232,
            471.59410513703415,
            454.2972595118751,
            790.5694150420949,
            465.0086020709725,
            543.7830449729009,
            305.6550343115585,
            588.2329470541412,
            754.0961477159262,
            556.0044963846965,
            495.0070706565715,
            446.65982581826177,
            360.49410536096144,
            565.3857090517942,
            950.9279678293199,
            375.71931012392747
        ],
        [
            401.97636746455635,
            469.70735570139834,
            127.05904139414872,
            452.55386419740137,
            423.79830108201236,
            324.6074552440224,
            148.36778626103444,
            176.10224302944013,
            577.4738089298942,
            298.3236497497307,
            547.5216890681136,
            516.9023118539905,
            566.4953662652503,
            179.1758912354003,
            232.13142829009604,
            397.404076476324,
            599.0993239855975,
            383.63785006174766,
            0,
            482.21157182299146,
            294.7710976334009,
            443.21101069355217,
            293.8468989116611,
            219.2099450298731,
            520.6092584655021,
            250.79872407968904,
            408.166632639171,
            93.55746896961246,
            74.02702209328699,
            681.5409011937581,
            216.09488656606385,
            160.1811474549986,
            139.21566003866087,
            584.7153153458528,
            381.2938499372892,
            383.500977834477,
            142.41488686229403,
            87.09190547921202,
            517.3567434565824,
            184.02445489662506,
            610.0770443148963,
            208.19462048765814
        ],
        [
            455.7027539965059,
            784.8726011270875,
            356.7408022640528,
            676.3113188465796,
            901.7033880384391,
            537.8196723809943,
            374.99466662874016,
            458.06986366710487,
            1025.6412628204855,
            539.7378993548629,
            937.931767241093,
            637.146764882315,
            988.0754019810431,
            402.4425424827748,
            601.0831889181396,
            879.1188770581598,
            1016.1771499103884,
            134.76646467129723,
            482.21157182299146,
            0,
            773.4817386338219,
            420.0809445809224,
            330.3604092502611,
            302.0546308203203,
            85.05292469985969,
            357.4185221837279,
            815.6911180097526,
            574.5963800790952,
            546.882071382853,
            757.4971947142775,
            512.6568052801016,
            640.2515130790399,
            375.8896114552782,
            534.0149810632657,
            861.896165439898,
            690.1891045213623,
            572.3093569041135,
            555.2666026333657,
            276.5248632582611,
            666.2019213421709,
            1003.1600071773196,
            417.9485614283174
        ],
        [
            632.9936808531346,
            399.50093867223893,
            416.9628280794345,
            575.7577615629684,
            188.48076824970767,
            508.1299046503758,
            433.0184753564217,
            361.8756692567214,
            401.66901797375414,
            399.98124956052624,
            475.009473589738,
            684.4749812812737,
            442.02827963830543,
            443.9391850242554,
            266.0620228442985,
            111.60645142642963,
            475.009473589738,
            664.463693515304,
            294.7710976334009,
            773.4817386338219,
            0,
            689.7318319463008,
            525.6805113374472,
            509.56550118704075,
            804.0621866497642,
            479.1763767132099,
            358.23176855214837,
            201.2486024796197,
            245.246814454337,
            837.8734988051597,
            410.03048667141815,
            158.15182578775372,
            426.1983106489279,
            812.2622729143586,
            89.89438247187641,
            365.3833603217312,
            275.7970268150112,
            218.51544567833184,
            799.9624991210526,
            121.82364302548172,
            519.029864266017,
            459.92281961216054
        ],
        [
            68.6804193347711,
            904.9734802744222,
            398.7229614657275,
            297.98154305258566,
            731.3309784222189,
            214.57399656062705,
            303.94900888142405,
            563.7162406743308,
            769.3841693198528,
            693.7038272923107,
            624.4357452933008,
            222.72853431924705,
            700.2578096672681,
            264.0378760708395,
            668.9132978196801,
            762.3398192407373,
            719.8472060097199,
            453.44238884338995,
            443.21101069355217,
            420.0809445809224,
            689.7318319463008,
            0,
            557.0008976653448,
            268.22565127146214,
            504.21622345973753,
            545.5052703686739,
            540.8622745209727,
            514.7552816630443,
            455.688490089447,
            339.42598604113977,
            283.0989226401259,
            531.949245699249,
            315.15869018638847,
            149.26486525636233,
            757.2430257189563,
            812.886830991867,
            414.5189983583382,
            526.6925099144661,
            196.596032513375,
            568.9086042590673,
            683.9488284952319,
            237.11811402758752
        ],
        [
            550.5787863693987,
            455.1889717468999,
            202.31164079212053,
            692.0065028596191,
            692.318568290639,
            544.5291544077323,
            304.08058142538465,
            164.63899902513984,
            866.3036419177746,
            210.8672568228647,
            840.1011843819766,
            715.4704745829837,
            860.0819728374732,
            359.31323382252424,
            295.8800432607783,
            637.2848656605615,
            892.8213707119694,
            195.6016359849784,
            293.8468989116611,
            330.3604092502611,
            525.6805113374472,
            557.0008976653448,
            0,
            295.8800432607783,
            320.09998437988094,
            46.75467891024384,
            701.3144801014735,
            358.9052799834519,
            366.77240899500606,
            871.69948950312,
            459.1132757827854,
            438.5430423573038,
            295.0,
            704.3933560163669,
            614.6844719040818,
            361.61443555256477,
            433.0773602949016,
            323.4269623887285,
            520.4613338183731,
            449.3072445443096,
            903.2585454896068,
            393.8591118661596
        ],
        [
            254.94313091354317,
            648.4334969755957,
            134.6291201783626,
            415.7691667259611,
            612.2434156444641,
            266.6102023554237,
            78.587530817554,
            299.6281028208135,
            724.1222272517258,
            427.3265730094491,
            639.4255234192642,
            421.97274793521916,
            686.4196966870925,
            101.23734488813899,
            418.4375700149307,
            605.7235342959691,
            714.9440537552572,
            252.83393759541062,
            219.2099450298731,
            302.0546308203203,
            509.56550118704075,
            268.22565127146214,
            295.8800432607783,
            0,
            363.79252328765637,
            279.1648258645777,
            514.2071566985431,
            310.05805907926344,
            266.3099697720684,
            576.04253315185,
            214.61127649776466,
            360.03472054789376,
            83.72574275573791,
            417.48413143495645,
            592.5757335564797,
            553.8104368825132,
            274.6943756249844,
            305.48322376196046,
            299.8683044271268,
            391.5941776890969,
            704.8467918633098,
            123.00406497347964
        ],
        [
            537.640214269729,
            772.371024831978,
            393.5708322525947,
            753.8865962464115,
            944.1827153681643,
            612.3005797808786,
            430.7957752810489,
            467.38634982207174,
            1080.5045117906727,
            530.2235377649695,
            1003.207854833683,
            719.7180003306852,
            1048.6395949037974,
            465.0010752675739,
            608.6386448460203,
            912.6072539707319,
            1077.7875486384132,
            139.78555004005244,
            520.6092584655021,
            85.05292469985969,
            804.0621866497642,
            504.21622345973753,
            320.09998437988094,
            363.79252328765637,
            0,
            355.74429018608294,
            876.9503976850687,
            610.0073770045736,
            589.6795740060868,
            842.1995013059556,
            578.0112455653436,
            680.7055163578448,
            429.84764742871397,
            619.0008077539156,
            893.6201653946715,
            680.5622675405976,
            624.3877000710376,
            586.0213306697973,
            359.77770914830177,
            703.5033759691563,
            1068.6234135559637,
            484.4182077502868
        ],
        [
            533.5400641001573,
            428.72485348997435,
            170.42300314218147,
            662.0913834207481,
            645.619857191521,
            516.3816418115579,
            276.211875197284,
            118.96217886370441,
            820.716759911725,
            183.73078130786905,
            798.1227975693967,
            692.681745103767,
            816.0618849082464,
            331.78908963376114,
            254.3717751638338,
            590.7706830911635,
            848.9640746227134,
            224.18296099391677,
            250.79872407968904,
            357.4185221837279,
            479.1763767132099,
            545.5052703686739,
            46.75467891024384,
            279.1648258645777,
            355.74429018608294,
            0,
            658.9233642844971,
            312.84660778087397,
            322.893171188243,
            851.4563993534842,
            426.0950598164686,
            392.60412631555465,
            266.3099697720684,
            694.2276283755926,
            568.3000967798615,
            333.2461552666437,
            391.56353252058597,
            276.9566753122228,
            525.8688049314202,
            402.7964746618322,
            860.8565501870796,
            367.1035276321926
        ],
        [
            472.2171110834507,
            746.6920382594153,
            512.4451190127583,
            296.7709554521803,
            259.2006944435142,
            327.099373279742,
            447.035792750424,
            573.4282867107272,
            228.56946427727394,
            671.7804700942116,
            139.8427688513067,
            426.82549127248717,
            172.46738822165773,
            413.2989232988637,
            556.0224815598735,
            348.93265825944127,
            200.83824337013107,
            754.8205084654232,
            408.166632639171,
            815.6911180097526,
            358.23176855214837,
