{
    "depot": {
        "x": 565,
        "y": 451,
        "node_type": "depot",
        "id": 0
    },
    "final_destination": {
        "x": 151,
        "y": 530,
        "node_type": "final",
        "id": 6
    },
    "pickup_nodes": [
        {
            "x": 116,
            "y": 530,
            "node_type": "pickup",
            "id": 1
        },
        {
            "x": 871,
            "y": 720,
            "node_type": "pickup",
            "id": 2
        },
        {
            "x": 697,
            "y": 205,
            "node_type": "pickup",
            "id": 3
        },
        {
            "x": 313,
            "y": 853,
            "node_type": "pickup",
            "id": 4
        },
        {
            "x": 21,
            "y": 93,
            "node_type": "pickup",
            "id": 5
        }
    ],
    "delivery_nodes": [
        {
            "x": 171,
            "y": 499,
            "node_type": "delivery",
            "id": 1
        },
        {
            "x": 168,
            "y": 919,
            "node_type": "delivery",
            "id": 2
        },
        {
            "x": 137,
            "y": 582,
            "node_type": "delivery",
            "id": 3
        },
        {
            "x": 395,
            "y": 228,
            "node_type": "delivery",
            "id": 4
        },
        {
            "x": 395,
            "y": 938,
            "node_type": "delivery",
            "id": 5
        }
    ],
    "travel_costs": [
        [
            0,
            455.8969181733958,
            407.4272941274308,
            279.17736297916423,
            474.45547736326114,
            651.2296062065974,
            396.9130887234635,
            613.7043262027734,
            447.59915102689814,
            280.4086303950005,
            515.8187666225415,
            421.470046385268
        ],
        [
            455.8969181733958,
            0,
            778.5403008194246,
            665.72216426975,
            378.33582965402576,
            447.2068872457131,
            63.13477647065839,
            392.4601890638081,
            56.08029957123982,
            411.1508239077237,
            494.2721922180126,
            35.0
        ],
        [
            407.4272941274308,
            778.5403008194246,
            0,
            543.6000367917574,
            573.6314147603842,
            1056.2334022364566,
            734.0578996237286,
            730.6230218108378,
            746.8600939935136,
            684.5728595262889,
            523.545604508337,
            744.6475676452585
        ],
        [
            279.17736297916423,
            665.72216426975,
            543.6000367917574,
            0,
            753.2330316708103,
            685.2152946337377,
            602.5877529455772,
            888.6152148146012,
            675.0770326414608,
            302.87456149369825,
            792.7755041624331,
            635.4061693121967
        ],
        [
            474.45547736326114,
            378.33582965402576,
            573.6314147603842,
            753.2330316708103,
            0,
            814.1646025221189,
            381.4184054289987,
            159.31415505221122,
            323.1361941968123,
            630.3562484817612,
            118.1058846967415,
            361.3488619049464
        ],
        [
            651.2296062065974,
            447.2068872457131,
            1056.2334022364566,
            685.2152946337377,
            814.1646025221189,
            0,
            432.8232895767047,
            838.9785456136526,
            502.5703930794173,
            397.61916452806946,
            924.0676382170301,
            455.92652916890023
        ],
        [
            396.9130887234635,
            63.13477647065839,
            734.0578996237286,
            602.5877529455772,
            381.4184054289987,
            432.8232895767047,
            0,
            420.0107141490559,
            89.69392398596463,
            351.5920931989227,
            492.84581767526447,
            36.89173349139343
        ],
        [
            613.7043262027734,
            392.4601890638081,
            730.6230218108378,
            888.6152148146012,
            159.31415505221122,
            838.9785456136526,
            420.0107141490559,
            0,
            338.4228124698452,
            727.3307363228918,
            227.7937663765187,
            389.37128810429766
        ],
        [
            447.59915102689814,
            56.08029957123982,
            746.8600939935136,
            675.0770326414608,
            323.1361941968123,
            502.5703930794173,
            89.69392398596463,
            338.4228124698452,
            0,
            438.0410939626555,
            439.6589587396122,
            53.85164807134504
        ],
        [
            280.4086303950005,
            411.1508239077237,
            684.5728595262889,
            302.87456149369825,
            630.3562484817612,
            397.61916452806946,
            351.5920931989227,
            727.3307363228918,
            438.0410939626555,
            0,
            710.0,
            388.25249516261965
        ],
        [
            515.8187666225415,
            494.2721922180126,
            523.545604508337,
            792.7755041624331,
            118.1058846967415,
            924.0676382170301,
            492.84581767526447,
            227.7937663765187,
            439.6589587396122,
            710.0,
            0,
            475.3945729601885
        ],
        [
            421.470046385268,
            35.0,
            744.6475676452585,
            635.4061693121967,
            361.3488619049464,
            455.92652916890023,
            36.89173349139343,
            389.37128810429766,
            53.85164807134504,
            388.25249516261965,
            475.3945729601885,
            0
        ]
    ],
    "incompatibilities": [
        [
            0,
            1,
            1,
            1,
            1
        ],
        [
            1,
            0,
            1,
            1,
            0
        ],
        [
            1,
            1,
            0,
            0,
            1
        ],
        [
            1,
            1,
            0,
            0,
            1
        ],
        [
            1,
            0,
            1,
            1,
            0
        ]
    ]
}