{
    "depot": {
        "x": 886,
        "y": 547,
        "node_type": "depot",
        "id": 0
    },
    "final_destination": {
        "x": 557,
        "y": 776,
        "node_type": "final",
        "id": 11
    },
    "pickup_nodes": [
        {
            "x": 240,
            "y": 81,
            "node_type": "pickup",
            "id": 1
        },
        {
            "x": 52,
            "y": 376,
            "node_type": "pickup",
            "id": 2
        },
        {
            "x": 106,
            "y": 627,
            "node_type": "pickup",
            "id": 3
        },
        {
            "x": 724,
            "y": 999,
            "node_type": "pickup",
            "id": 4
        },
        {
            "x": 848,
            "y": 490,
            "node_type": "pickup",
            "id": 5
        },
        {
            "x": 682,
            "y": 755,
            "node_type": "pickup",
            "id": 6
        },
        {
            "x": 405,
            "y": 846,
            "node_type": "pickup",
            "id": 7
        },
        {
            "x": 139,
            "y": 787,
            "node_type": "pickup",
            "id": 8
        },
        {
            "x": 404,
            "y": 862,
            "node_type": "pickup",
            "id": 9
        },
        {
            "x": 457,
            "y": 532,
            "node_type": "pickup",
            "id": 10
        }
    ],
    "delivery_nodes": [
        {
            "x": 701,
            "y": 811,
            "node_type": "delivery",
            "id": 1
        },
        {
            "x": 615,
            "y": 195,
            "node_type": "delivery",
            "id": 2
        },
        {
            "x": 542,
            "y": 119,
            "node_type": "delivery",
            "id": 3
        },
        {
            "x": 752,
            "y": 934,
            "node_type": "delivery",
            "id": 4
        },
        {
            "x": 998,
            "y": 428,
            "node_type": "delivery",
            "id": 5
        },
        {
            "x": 767,
            "y": 213,
            "node_type": "delivery",
            "id": 6
        },
        {
            "x": 220,
            "y": 813,
            "node_type": "delivery",
            "id": 7
        },
        {
            "x": 9,
            "y": 633,
            "node_type": "delivery",
            "id": 8
        },
        {
            "x": 372,
            "y": 46,
            "node_type": "delivery",
            "id": 9
        },
        {
            "x": 454,
            "y": 925,
            "node_type": "delivery",
            "id": 10
        }
    ],
    "travel_costs": [
        [
            0,
            796.5375069637336,
            851.3501042461908,
            784.0918313565063,
            480.15414191694737,
            68.5054742338158,
            291.3417237540823,
            566.3585436805912,
            784.6075452097054,
            575.8029176723578,
            429.2621576612595,
            322.3678023624568,
            444.2352980122133,
            549.1083681751718,
            409.54242759450455,
            163.41664541900252,
            354.565931809586,
            717.1554922051424,
            881.2065592129918,
            717.772248000715,
            574.0278738876711,
            400.85159348566896
        ],
        [
            796.5375069637336,
            0,
            349.81280708401744,
            562.202810380738,
            1037.7764691878497,
            732.7653103142916,
            806.0024813857585,
            782.5918476447349,
            713.187913526302,
            798.0332073291187,
            500.4897601350101,
            863.3776693892424,
            391.94514922371474,
            304.381339769704,
            994.8633071935059,
            833.6504063454896,
            543.2798542187995,
            732.2731730713614,
            598.3853273602219,
            136.5613415282671,
            870.707758091083,
            763.8808807661047
        ],
        [
            851.3501042461908,
            349.81280708401744,
            0,
            256.7430622236947,
            916.3585542788369,
            804.1218813090464,
            735.2149345599557,
            587.8001361006988,
            420.1071291944472,
            600.0833275471,
            434.0057603304362,
            781.297638547564,
            591.3797426358126,
            553.3073287062083,
            895.1893654417484,
            947.4280975356388,
            733.3443938559836,
            468.18052073959683,
            260.5724467398654,
            459.6737973824482,
            680.4447075258944,
            644.2243398071824
        ],
        [
            784.0918313565063,
            562.202810380738,
            256.7430622236947,
            0,
            721.3237830544616,
            754.54158268448,
            590.0508452667449,
            370.62379848034584,
            163.36768346279507,
            379.5115281516492,
            363.6289317422364,
            622.8009312774026,
            667.6114139227999,
            669.4475334184151,
            715.2377227188175,
            913.9283341706833,
            779.946793057065,
            218.15590755237412,
            97.18538984847466,
            638.9968701018809,
            458.15717826964146,
            474.9757888566532
        ],
        [
            480.15414191694737,
            1037.7764691878497,
            916.3585542788369,
            721.3237830544616,
            0,
            523.8864380760396,
            247.5883680627989,
            353.7937252128703,
            622.2290575021387,
            348.09337827657686,
            537.9386582129973,
            189.4016895383988,
            811.3550394247885,
            898.6233916385663,
            70.77428911688199,
            633.3379824390765,
            787.175329897984,
            537.226209338301,
            803.2315979840434,
            1015.9296235468281,
            279.95713957675736,
            278.6000717874997
        ],
        [
            68.5054742338158,
            732.7653103142916,
            804.1218813090464,
            754.54158268448,
            523.8864380760396,
            0,
            312.69953629642623,
            568.3176928444161,
            768.6936971251944,
            579.2408825350641,
            393.2492848054527,
            353.05806887819455,
            375.9175441503096,
            480.91267398562087,
            454.25983753794475,
            162.30834852218783,
            288.600069300061,
            706.1961483893834,
            851.0992891549141,
            650.9316400360333,
            586.907999604708,
            408.01593106152114
        ],
        [
            291.3417237540823,
            806.0024813857585,
            735.2149345599557,
            590.0508452667449,
            247.5883680627989,
            312.69953629642623,
            0,
            291.56474409640134,
            543.9420925061785,
            297.8808486626826,
            316.78699468254695,
            59.135437767890075,
            563.9937942921003,
            651.22653508591,
            192.2004162326398,
            454.73618725586374,
            548.624643996239,
            465.6264597292555,
            683.9685665291937,
            773.8094080585993,
            284.40112517358295,
            126.7517258265149
        ],
        [
            566.3585436805912,
            782.5918476447349,
            587.8001361006988,
            370.62379848034584,
            353.7937252128703,
            568.3176928444161,
            291.56474409640134,
            0,
            272.4646766096479,
            16.0312195418814,
            318.27660925679095,
            298.0620740718282,
            684.032893945898,
            739.7959178043632,
            357.98463654184934,
            725.515678672763,
            729.2002468458167,
            187.9201958279099,
            449.6498637829216,
            800.6803357145723,
            92.96235797353678,
            167.3439571660716
        ],
        [
            784.6075452097054,
            713.187913526302,
            420.1071291944472,
            163.36768346279507,
            622.2290575021387,
            768.6936971251944,
            543.9420925061785,
            272.4646766096479,
            0,
            275.40878707840824,
            407.6137877942796,
            562.5122220894405,
            759.6314896053217,
            780.1493446770304,
            630.3792509275667,
            931.000537056773,
            850.7996238833208,
            85.07055894961546,
            201.5341162185698,
            776.7689489159566,
            343.9026024908797,
            418.14471179246067
        ],
        [
            575.8029176723578,
            798.0332073291187,
            600.0833275471,
            379.5115281516492,
            348.09337827657686,
            579.2408825350641,
            297.8808486626826,
            16.0312195418814,
            275.40878707840824,
            0,
            334.2289634367434,
            301.34697609234445,
            699.5784444935393,
            755.7069537856588,
            355.3702294790603,
            735.657529017409,
            743.619526370845,
            190.41270965983335,
            456.58077051054175,
            816.6272099311901,
            80.43009387039157,
            175.5135322418189
        ],
        [
            429.2621576612595,
            500.4897601350101,
            434.0057603304362,
            363.6289317422364,
            537.9386582129973,
            393.2492848054527,
            316.78699468254695,
            318.27660925679095,
            407.6137877942796,
            334.2289634367434,
            0,
            370.6440340812192,
            372.20021493814323,
            421.65625810605496,
            498.62711518729105,
            550.90561805086,
            444.81569216923987,
            367.6003264416396,
            459.24394389039037,
            493.37713769488755,
            393.0114502148761,
            263.69679558159214
        ],
        [
            322.3678023624568,
            863.3776693892424,
            781.297638547564,
            622.8009312774026,
            189.4016895383988,
            353.05806887819455,
            59.135437767890075,
            298.0620740718282,
            562.5122220894405,
            301.34697609234445,
            370.6440340812192,
            0,
            621.9742759953983,
            710.0316894336477,
            133.1540461270329,
            484.6627693561782,
            601.6311162165733,
            481.0041579861862,
            714.5264165865389,
            832.7460597324973,
            272.0386002022507,
            148.1924424523734
        ],
        [
            444.2352980122133,
            391.94514922371474,
            591.3797426358126,
            667.6114139227999,
            811.3550394247885,
            375.9175441503096,
            563.9937942921003,
            684.032893945898,
            759.6314896053217,
            699.5784444935393,
            372.20021493814323,
            621.9742759953983,
            0,
            105.38026380684383,
            751.5916444453065,
            448.3056992722711,
            153.06207890917986,
            733.4500664666955,
            747.7165238243703,
            285.0438562747845,
            747.5433097821156,
            583.8878316937253
        ],
        [
            549.1083681751718,
            304.381339769704,
            553.3073287062083,
            669.4475334184151,
            898.6233916385663,
            480.91267398562087,
            651.22653508591,
            739.7959178043632,
            780.1493446770304,
            755.7069537856588,
            421.65625810605496,
            710.0316894336477,
            105.38026380684383,
            0,
            841.6204607778972,
            550.8330055470533,
            243.8462630429263,
            765.0620889836327,
            740.4626931858214,
            185.0108104949546,
            810.7897384649118,
            657.1712105684484
        ],
        [
            409.54242759450455,
            994.8633071935059,
            895.1893654417484,
            715.2377227188175,
            70.77428911688199,
            454.25983753794475,
            192.2004162326398,
            357.98463654184934,
            630.3792509275667,
            355.3702294790603,
            498.62711518729105,
            133.1540461270329,
            751.5916444453065,
            841.6204607778972,
            0,
            562.6295406393092,
            721.1560164069908,
            545.5868400172423,
            801.6545390628061,
            965.8902629181018,
            298.1358750637031,
            250.9760944791356
        ],
        [
            163.41664541900252,
            833.6504063454896,
            947.4280975356388,
            913.9283341706833,
            633.3379824390765,
            162.30834852218783,
            454.73618725586374,
            725.515678672763,
            931.000537056773,
            735.657529017409,
            550.90561805086,
            484.6627693561782,
            448.3056992722711,
            550.8330055470533,
            562.6295406393092,
            0,
            315.5724956329369,
            868.0489617527343,
            1010.0227720205124,
            733.3484846919642,
            736.8480168935789,
            561.7695256953691
        ],
        [
            354.565931809586,
            543.2798542187995,
            733.3443938559836,
            779.946793057065,
            787.175329897984,
            288.600069300061,
            548.624643996239,
            729.2002468458167,
            850.7996238833208,
            743.619526370845,
            444.81569216923987,
            601.6311162165733,
            153.06207890917986,
            243.8462630429263,
            721.1560164069908,
            315.5724956329369,
            0,
            811.9168676656496,
            866.5817907156832,
            428.8519558075957,
            777.7615315763567,
            600.8901729933682
        ],
        [
            717.1554922051424,
            732.2731730713614,
            468.18052073959683,
            218.15590755237412,
            537.226209338301,
            706.1961483893834,
            465.6264597292555,
            187.9201958279099,
            85.07055894961546,
            190.41270965983335,
            367.6003264416396,
            481.0041579861862,
            733.4500664666955,
            765.0620889836327,
            545.5868400172423,
            868.0489617527343,
            811.9168676656496,
            0,
            277.34635386101615,
            781.9162359230047,
            259.4224354214569,
            339.02507281910584
        ],
        [
            881.2065592129918,
            598.3853273602219,
            260.5724467398654,
            97.18538984847466,
            803.2315979840434,
            851.0992891549141,
            683.9685665291937,
            449.6498637829216,
            201.5341162185698,
            456.58077051054175,
            459.24394389039037,
            714.5264165865389,
            747.7165238243703,
            740.4626931858214,
            801.6545390628061,
            1010.0227720205124,
            866.5817907156832,
            277.34635386101615,
            0,
            690.1724422200585,
            532.2490018778805,
            566.35059812805
        ],
        [
            717.772248000715,
            136.5613415282671,
            459.6737973824482,
            638.9968701018809,
            1015.9296235468281,
            650.9316400360333,
            773.8094080585993,
            800.6803357145723,
            776.7689489159566,
            816.6272099311901,
            493.37713769488755,
            832.7460597324973,
            285.0438562747845,
            185.0108104949546,
            965.8902629181018,
            733.3484846919642,
            428.8519558075957,
            781.9162359230047,
            690.1724422200585,
            0,
            882.8165154775934,
            753.077021293307
        ],
        [
            574.0278738876711,
            870.707758091083,
            680.4447075258944,
            458.15717826964146,
            279.95713957675736,
            586.907999604708,
            284.40112517358295,
            92.96235797353678,
            343.9026024908797,
            80.43009387039157,
            393.0114502148761,
            272.0386002022507,
            747.5433097821156,
            810.7897384649118,
            298.1358750637031,
            736.8480168935789,
            777.7615315763567,
            259.4224354214569,
            532.2490018778805,
            882.8165154775934,
            0,
            181.1353085403285
        ],
        [
            400.85159348566896,
            763.8808807661047,
            644.2243398071824,
            474.9757888566532,
            278.6000717874997,
            408.01593106152114,
            126.7517258265149,
            167.3439571660716,
            418.14471179246067,
            175.5135322418189,
            263.69679558159214,
            148.1924424523734,
            583.8878316937253,
            657.1712105684484,
            250.9760944791356,
            561.7695256953691,
            600.8901729933682,
            339.02507281910584,
            566.35059812805,
            753.077021293307,
            181.1353085403285,
            0
        ]
    ],
    "incompatibilities": [
        [
            0,
            1,
            1,
            0,
            1,
            1,
            1,
            1,
            1,
            1
        ],
        [
            1,
            0,
            1,
            1,
            0,
            1,
            1,
            0,
            1,
            1
        ],
        [
            1,
            1,
            0,
            1,
            1,
            0,
            1,
            0,
            1,
            1
        ],
        [
            0,
            1,
            1,
            0,
            1,
            0,
            1,
            0,
            0,
            1
        ],
        [
            1,
            0,
            1,
            1,
            0,
            1,
            1,
            1,
            1,
            1
        ],
        [
            1,
            1,
            0,
            0,
            1,
            0,
            1,
            0,
            1,
            1
        ],
        [
            1,
            1,
            1,
            1,
            1,
            1,
            0,
            1,
            0,
            1
        ],
        [
            1,
            0,
            0,
            0,
            1,
            0,
            1,
            0,
            0,
            1
        ],
        [
            1,
            1,
            1,
            0,
            1,
            1,
            0,
            0,
            0,
            1
        ],
        [
            1,
            1,
            1,
            1,
            1,
            1,
            1,
            1,
            1,
            0
        ]
    ]
}