{
    "depot": [
        959,
        121
    ],
    "final_destination": [
        966,
        551
    ],
    "requests": [
        [
            [
                905,
                702
            ],
            [
                121,
                125
            ]
        ],
        [
            [
                13,
                447
            ],
            [
                278,
                209
            ]
        ],
        [
            [
                421,
                698
            ],
            [
                766,
                918
            ]
        ],
        [
            [
                143,
                441
            ],
            [
                751,
                972
            ]
        ],
        [
            [
                780,
                90
            ],
            [
                12,
                279
            ]
        ],
        [
            [
                801,
                367
            ],
            [
                203,
                72
            ]
        ],
        [
            [
                290,
                872
            ],
            [
                55,
                465
            ]
        ],
        [
            [
                843,
                514
            ],
            [
                747,
                643
            ]
        ],
        [
            [
                837,
                505
            ],
            [
                320,
                286
            ]
        ],
        [
            [
                488,
                688
            ],
            [
                798,
                324
            ]
        ]
    ],
    "travel_costs": [
        [
            0,
            583.5040702514423,
            1000.5958224977757,
            788.9062048177844,
            876.5021391873495,
            181.6645259812713,
            292.36962906567436,
            1005.7643859274398,
            409.7621261170925,
            402.9143829649173,
            737.1092185015733,
            838.0095464850027,
            686.6622168140607,
            820.0353650910429,
            876.0507976139282,
            960.0900999385424,
            757.5862987145425,
            967.239370580003,
            563.4074901880521,
            659.9590896411686,
            259.09457732650446,
            430.05697296986125
        ],
        [
            583.5040702514423,
            0,
            927.7332590782762,
            484.01652864339246,
            805.4594961883558,
            624.6350934745822,
            350.7720057245162,
            638.0634764660958,
            197.95959183631388,
            208.40585404445818,
            417.23494580391986,
            973.4397772846556,
            797.6076729821498,
            256.8598839834668,
            310.83114387075176,
            988.118413956546,
            943.2412204733209,
            882.4222345340127,
            168.65645555388625,
            717.8307599984832,
            392.8523895816341,
            162.85576440519384
        ],
        [
            1000.5958224977757,
            927.7332590782762,
            0,
            479.02505153697336,
            130.1383878799795,
            846.0130022641496,
            792.0505034402794,
            507.3006997826832,
            832.6998258676412,
            826.0387400116292,
            532.6405917689714,
            339.6292095800948,
            356.1867487709222,
            888.1722805852478,
            905.6870320370057,
            168.00297616411441,
            420.38672671719786,
            45.69463863518345,
            759.7183688709916,
            346.6554485364394,
            794.577875352693,
            958.6579160472206
        ],
        [
            788.9062048177844,
            484.01652864339246,
            479.02505153697336,
            0,
            378.59344949430914,
            706.0771912475293,
            503.94543355407046,
            217.80036730914847,
            460.36941688170384,
            458.59023103419895,
            67.7421582177598,
            646.7835804965986,
            509.48012718849003,
            409.1760012512953,
            428.92423573400464,
            585.527112950374,
            662.8725367670621,
            433.87210096985956,
            330.6070174693816,
            424.19924563817887,
            531.0414296455598,
            564.4767488568506
        ],
        [
            876.5021391873495,
            805.4594961883558,
            130.1383878799795,
            378.59344949430914,
            0,
            727.303237996367,
            662.148019705564,
            455.3789630626342,
            703.7961352550893,
            696.944761082254,
            424.30413620420904,
            316.76489704511135,
            268.41944787961995,
            784.6387703905536,
            807.2329279706075,
            208.33866659840174,
            373.84622507121827,
            91.21403400793103,
            636.8830347873933,
            235.27430798963155,
            665.3675675895241,
            830.3186135454268
        ],
        [
            181.6645259812713,
            624.6350934745822,
            846.0130022641496,
            706.0771912475293,
            727.303237996367,
            0,
            277.7948883618991,
            922.8347631076757,
            428.6548728289461,
            418.8961685191212,
            665.4832830357199,
            659.9287840365807,
            515.911814169825,
            828.1183490298956,
            882.4766285857094,
            790.9140281977554,
            577.2806942900481,
            816.2413858657254,
            553.9837542744372,
            500.0159997440082,
            234.69128658729537,
            497.10864003756757
        ],
        [
            292.36962906567436,
            350.7720057245162,
            792.0505034402794,
            503.94543355407046,
            662.148019705564,
            277.7948883618991,
            0,
            718.4330170586538,
            152.88230767489088,
            142.61837188805654,
            448.34138778390735,
            721.7783593320044,
            546.3451290164487,
            552.110496187131,
            607.062599737457,
            793.8923100773807,
            666.8050689669358,
            752.4094629920598,
            281.2329994861912,
            487.7724879490437,
            43.10452412450461,
            247.14570601165622
        ],
        [
            1005.7643859274398,
            638.0634764660958,
            507.3006997826832,
            217.80036730914847,
            455.3789630626342,
            922.8347631076757,
            718.4330170586538,
            0,
            658.7662711462997,
            658.7093440964687,
            270.29613389761977,
            765.8785804551528,
            663.1085883925799,
            478.2175237274351,
            471.72131603310015,
            654.9297672269905,
            804.7167203432523,
            469.97233961159884,
            511.1653352879086,
            586.7674155915613,
            747.2402558749094,
            748.3428358713671
        ],
        [
            409.7621261170925,
            197.95959183631388,
            832.6998258676412,
            460.36941688170384,
            703.7961352550893,
            428.6548728289461,
            152.88230767489088,
            658.7662711462997,
            0,
            10.816653826391969,
            395.3492127221199,
            820.1249904740131,
            642.0669746996804,
            411.2724158024703,
            467.1487985642262,
            863.5890226259248,
            777.7943172844606,
            789.5220072930204,
            160.80111939908875,
            570.5374659038615,
            195.25624189766637,
            128.4445405612866
        ],
        [
            402.9143829649173,
            208.40585404445818,
            826.0387400116292,
            458.59023103419895,
            696.944761082254,
            418.8961685191212,
            142.61837188805654,
            658.7093440964687,
            10.816653826391969,
            0,
            394.06852196033117,
            810.589908646783,
            632.5322126184564,
            419.0584684742691,
            474.85260871137683,
            855.3952302883154,
            767.7532155582287,
            783.022349617174,
            164.75436261295178,
            561.4712815451918,
            185.15398996510984,
            136.95619737711763
        ],
        [
            737.1092185015733,
            417.23494580391986,
            532.6405917689714,
            67.7421582177598,
            424.30413620420904,
            665.4832830357199,
            448.34138778390735,
            270.29613389761977,
            395.3492127221199,
            394.06852196033117,
            0,
            672.0550572683759,
            523.0114721495122,
            360.81019941237804,
            387.07234465923807,
            627.5802737499004,
            678.7348525013283,
            487.0503054100264,
            262.88020085202305,
            435.69255215117,
            478.1171404582772,
            497.24541224630724
        ],
        [
            838.0095464850027,
            973.4397772846556,
            339.6292095800948,
            646.7835804965986,
            316.76489704511135,
            659.9287840365807,
            721.7783593320044,
            765.8785804551528,
            820.1249904740131,
            810.589908646783,
            672.0550572683759,
            0,
            178.05897899291685,
            1022.1907845407333,
            1055.608355404598,
            188.67167248953936,
            97.63708311906906,
            346.3466471614818,
            812.5269226308751,
            255.9726547895302,
            705.6415520645025,
            946.3091461039568
        ],
        [
            686.6622168140607,
            797.6076729821498,
            356.1867487709222,
            509.48012718849003,
            268.41944787961995,
            515.911814169825,
            546.3451290164487,
            663.1085883925799,
            642.0669746996804,
            632.5322126184564,
            523.0114721495122,
            178.05897899291685,
            0,
            860.7119146381093,
            897.7182185964591,
            275.056357861439,
            156.18578680533003,
            339.50699550966544,
            638.9968701018809,
            87.70974860299168,
            532.5645500782041,
            768.3150395508343
        ],
        [
            820.0353650910429,
            256.8598839834668,
            888.1722805852478,
            409.1760012512953,
            784.6387703905536,
            828.1183490298956,
            552.110496187131,
            478.2175237274351,
            411.2724158024703,
            419.0584684742691,
            360.81019941237804,
            1022.1907845407333,
            860.7119146381093,
            0,
            56.04462507680822,
            988.3506462789408,
            1016.2111001165063,
            843.0480413357236,
            275.65558220358974,
            773.5244016836185,
            594.8613283783036,
            417.9581318744738
        ],
        [
            876.0507976139282,
            310.83114387075176,
            905.6870320370057,
            428.92423573400464,
            807.2329279706075,
            882.4766285857094,
            607.062599737457,
            471.72131603310015,
            467.1487985642262,
            474.85260871137683,
            387.07234465923807,
            1055.608355404598,
            897.7182185964591,
            56.04462507680822,
            0,
            1013.0992054088288,
            1053.7096374238968,
            861.0836196328438,
            329.02431521089744,
            810.1586264429947,
            649.702239491292,
            472.7219055639373
        ],
        [
            960.0900999385424,
            988.118413956546,
            168.00297616411441,
            585.527112950374,
            208.33866659840174,
            790.9140281977554,
            793.8923100773807,
            654.9297672269905,
            863.5890226259248,
            855.3952302883154,
            627.5802737499004,
            188.67167248953936,
            275.056357861439,
            988.3506462789408,
            1013.0992054088288,
            0,
            281.6558183315232,
            190.90573590125575,
            820.1957083525858,
            308.0795351853155,
            787.2871140822768,
            992.0181449953424
        ],
        [
            757.5862987145425,
            943.2412204733209,
            420.38672671719786,
            662.8725367670621,
            373.84622507121827,
            577.2806942900481,
            666.8050689669358,
            804.7167203432523,
            777.7943172844606,
            767.7532155582287,
            678.7348525013283,
            97.63708311906906,
            156.18578680533003,
            1016.2111001165063,
            1053.7096374238968,
            281.6558183315232,
            0,
            419.94404389156415,
            788.6551844754462,
            243.89546941261534,
            646.1648396500696,
            900.8940004240234
        ],
        [
            967.239370580003,
            882.4222345340127,
            45.69463863518345,
            433.87210096985956,
            91.21403400793103,
            816.2413858657254,
            752.4094629920598,
            469.97233961159884,
            789.5220072930204,
            783.022349617174,
            487.0503054100264,
            346.3466471614818,
            339.50699550966544,
            843.0480413357236,
            861.0836196328438,
            190.90573590125575,
            419.94404389156415,
            0,
            714.5264165865389,
            319.790556458442,
            756.2605371166738,
            915.0502718430283
        ],
        [
            563.4074901880521,
            168.65645555388625,
            759.7183688709916,
            330.6070174693816,
            636.8830347873933,
            553.9837542744372,
            281.2329994861912,
            511.1653352879086,
            160.80111939908875,
            164.75436261295178,
            262.88020085202305,
            812.5269226308751,
            638.9968701018809,
            275.65558220358974,
            329.02431521089744,
            820.1957083525858,
            788.6551844754462,
            714.5264165865389,
            0,
            556.5770386927582,
            323.0510795524447,
            237.53947040439402
        ],
        [
            659.9590896411686,
            717.8307599984832,
            346.6554485364394,
            424.19924563817887,
            235.27430798963155,
            500.0159997440082,
            487.7724879490437,
            586.7674155915613,
            570.5374659038615,
            561.4712815451918,
            435.69255215117,
            255.9726547895302,
            87.70974860299168,
            773.5244016836185,
            810.1586264429947,
            308.0795351853155,
            243.89546941261534,
            319.790556458442,
            556.5770386927582,
            0,
            479.5080812666248,
            698.2413622809809
        ],
        [
            259.09457732650446,
            392.8523895816341,
            794.577875352693,
            531.0414296455598,
            665.3675675895241,
            234.69128658729537,
            43.10452412450461,
            747.2402558749094,
            195.25624189766637,
            185.15398996510984,
            478.1171404582772,
            705.6415520645025,
            532.5645500782041,
            594.8613283783036,
            649.702239491292,
            787.2871140822768,
            646.1648396500696,
            756.2605371166738,
            323.0510795524447,
            479.5080812666248,
            0,
            282.4057364856458
        ],
        [
            430.05697296986125,
            162.85576440519384,
            958.6579160472206,
            564.4767488568506,
            830.3186135454268,
            497.10864003756757,
            247.14570601165622,
            748.3428358713671,
            128.4445405612866,
            136.95619737711763,
            497.24541224630724,
            946.3091461039568,
            768.3150395508343,
            417.9581318744738,
            472.7219055639373,
            992.0181449953424,
            900.8940004240234,
            915.0502718430283,
            237.53947040439402,
            698.2413622809809,
            282.4057364856458,
            0
        ]
    ],
    "incompatibilities": [
        [
            0,
            0,
            0,
            0,
            0,
            0,
            0,
            0,
            0,
            0
        ],
        [
            0,
            0,
            0,
            0,
            0,
            0,
            0,
            0,
            0,
            0
        ],
        [
            0,
            0,
            0,
            0,
            0,
            0,
            0,
            0,
            0,
            0
        ],
        [
            0,
            0,
            0,
            0,
            0,
            0,
            0,
            0,
            0,
            0
        ],
        [
            0,
            0,
            0,
            0,
            0,
            0,
            0,
            0,
            0,
            0
        ],
        [
            0,
            0,
            0,
            0,
            0,
            0,
            0,
            0,
            0,
            0
        ],
        [
            0,
            0,
            0,
            0,
            0,
            0,
            0,
            0,
            0,
            0
        ],
        [
            0,
            0,
            0,
            0,
            0,
            0,
            0,
            0,
            0,
            0
        ],
        [
            0,
            0,
            0,
            0,
            0,
            0,
            0,
            0,
            0,
            0
        ],
        [
            0,
            0,
            0,
            0,
            0,
            0,
            0,
            0,
            0,
            0
        ]
    ]
}