{
    "depot": {
        "x": 903,
        "y": 913,
        "node_type": "depot",
        "id": 0
    },
    "final_destination": {
        "x": 692,
        "y": 183,
        "node_type": "final",
        "id": 26
    },
    "pickup_nodes": [
        {
            "x": 104,
            "y": 944,
            "node_type": "pickup",
            "id": 1
        },
        {
            "x": 810,
            "y": 285,
            "node_type": "pickup",
            "id": 2
        },
        {
            "x": 935,
            "y": 888,
            "node_type": "pickup",
            "id": 3
        },
        {
            "x": 791,
            "y": 244,
            "node_type": "pickup",
            "id": 4
        },
        {
            "x": 267,
            "y": 968,
            "node_type": "pickup",
            "id": 5
        },
        {
            "x": 734,
            "y": 114,
            "node_type": "pickup",
            "id": 6
        },
        {
            "x": 697,
            "y": 29,
            "node_type": "pickup",
            "id": 7
        },
        {
            "x": 113,
            "y": 480,
            "node_type": "pickup",
            "id": 8
        },
        {
            "x": 730,
            "y": 827,
            "node_type": "pickup",
            "id": 9
        },
        {
            "x": 847,
            "y": 376,
            "node_type": "pickup",
            "id": 10
        },
        {
            "x": 366,
            "y": 973,
            "node_type": "pickup",
            "id": 11
        },
        {
            "x": 678,
            "y": 542,
            "node_type": "pickup",
            "id": 12
        },
        {
            "x": 62,
            "y": 857,
            "node_type": "pickup",
            "id": 13
        },
        {
            "x": 632,
            "y": 149,
            "node_type": "pickup",
            "id": 14
        },
        {
            "x": 836,
            "y": 150,
            "node_type": "pickup",
            "id": 15
        },
        {
            "x": 310,
            "y": 630,
            "node_type": "pickup",
            "id": 16
        },
        {
            "x": 730,
            "y": 313,
            "node_type": "pickup",
            "id": 17
        },
        {
            "x": 947,
            "y": 833,
            "node_type": "pickup",
            "id": 18
        },
        {
            "x": 622,
            "y": 503,
            "node_type": "pickup",
            "id": 19
        },
        {
            "x": 798,
            "y": 770,
            "node_type": "pickup",
            "id": 20
        },
        {
            "x": 77,
            "y": 743,
            "node_type": "pickup",
            "id": 21
        },
        {
            "x": 161,
            "y": 410,
            "node_type": "pickup",
            "id": 22
        },
        {
            "x": 535,
            "y": 53,
            "node_type": "pickup",
            "id": 23
        },
        {
            "x": 34,
            "y": 594,
            "node_type": "pickup",
            "id": 24
        },
        {
            "x": 975,
            "y": 993,
            "node_type": "pickup",
            "id": 25
        }
    ],
    "delivery_nodes": [
        {
            "x": 437,
            "y": 809,
            "node_type": "delivery",
            "id": 1
        },
        {
            "x": 758,
            "y": 295,
            "node_type": "delivery",
            "id": 2
        },
        {
            "x": 137,
            "y": 805,
            "node_type": "delivery",
            "id": 3
        },
        {
            "x": 17,
            "y": 189,
            "node_type": "delivery",
            "id": 4
        },
        {
            "x": 29,
            "y": 853,
            "node_type": "delivery",
            "id": 5
        },
        {
            "x": 467,
            "y": 837,
            "node_type": "delivery",
            "id": 6
        },
        {
            "x": 295,
            "y": 615,
            "node_type": "delivery",
            "id": 7
        },
        {
            "x": 795,
            "y": 314,
            "node_type": "delivery",
            "id": 8
        },
        {
            "x": 161,
            "y": 403,
            "node_type": "delivery",
            "id": 9
        },
        {
            "x": 503,
            "y": 987,
            "node_type": "delivery",
            "id": 10
        },
        {
            "x": 366,
            "y": 512,
            "node_type": "delivery",
            "id": 11
        },
        {
            "x": 157,
            "y": 379,
            "node_type": "delivery",
            "id": 12
        },
        {
            "x": 172,
            "y": 867,
            "node_type": "delivery",
            "id": 13
        },
        {
            "x": 758,
            "y": 471,
            "node_type": "delivery",
            "id": 14
        },
        {
            "x": 305,
            "y": 526,
            "node_type": "delivery",
            "id": 15
        },
        {
            "x": 170,
            "y": 472,
            "node_type": "delivery",
            "id": 16
        },
        {
            "x": 907,
            "y": 650,
            "node_type": "delivery",
            "id": 17
        },
        {
            "x": 54,
            "y": 673,
            "node_type": "delivery",
            "id": 18
        },
        {
            "x": 190,
            "y": 773,
            "node_type": "delivery",
            "id": 19
        },
        {
            "x": 856,
            "y": 222,
            "node_type": "delivery",
            "id": 20
        },
        {
            "x": 24,
            "y": 932,
            "node_type": "delivery",
            "id": 21
        },
        {
            "x": 334,
            "y": 900,
            "node_type": "delivery",
            "id": 22
        },
        {
            "x": 63,
            "y": 719,
            "node_type": "delivery",
            "id": 23
        },
        {
            "x": 686,
            "y": 453,
            "node_type": "delivery",
            "id": 24
        },
        {
            "x": 443,
            "y": 386,
            "node_type": "delivery",
            "id": 25
        }
    ],
    "travel_costs": [
        [
            0,
            799.6011505744599,
            634.8488008967174,
            40.607881008493905,
            678.3104009227634,
            638.3737149977277,
            816.6774148952571,
            907.6849673757961,
            900.8823452593574,
            193.19679086361657,
            539.9120298715338,
            540.3415586460105,
            433.8963009752445,
            842.862384971592,
            810.6398707194212,
            765.9360286603576,
            657.0677286246829,
            624.4429517578047,
            91.30169768410661,
            497.0523111303276,
            177.40913167027227,
            843.3125162121099,
            896.4223335013469,
            935.4271751451312,
            925.700815598647,
            107.6289923765897,
            477.4641347787287,
            634.7826399642637,
            773.5761113167856,
            1144.1905435721796,
            876.0570757661854,
            442.5742875495593,
            677.1026510064777,
            608.6583606589169,
            900.3688133204081,
            406.7874137679286,
            670.2014622484794,
            917.4268363199324,
            732.4459024392177,
            465.1763106608074,
            712.3012003359254,
            855.4355615708292,
            263.0304164920856,
            882.2703667243959,
            726.6147534973398,
            692.596563664591,
            879.2053230048143,
            569.1484867765178,
            862.1113617161068,
            508.61478547128377,
            699.520550091275,
            759.8822277169008
        ],
        [
            799.6011505744599,
            0,
            965.7727475964518,
            832.8847459282707,
            980.800183523637,
            164.75739740600423,
            1042.0172743289816,
            1090.3549880658134,
            464.0872762746249,
            636.8398542804933,
            935.2395415079498,
            263.60007587252323,
            700.7710039663456,
            96.6074531286277,
            954.3631384331647,
            1079.9351832401794,
            375.54227458436685,
            888.840255614022,
            850.276425640509,
            680.2977289393226,
            715.4802582880956,
            202.80532537386685,
            537.0335185069922,
            989.7686598392576,
            356.93136595149497,
            872.3772119903178,
            359.32436599818834,
            921.3669193106512,
            142.86357128393507,
            759.9960526213277,
            117.92370414806345,
            378.4415410601748,
            380.42344827836257,
            935.0834187386706,
            543.9944852661653,
            401.3103537164223,
            505.24053677431704,
            567.4803961371705,
            102.72779565434078,
            807.1214282869711,
            463.81569615527235,
            476.592068754821,
            855.1286452926249,
            275.5739465188972,
            191.4079413190581,
            1042.491246965652,
            80.89499366462674,
            234.17087777945403,
            228.70505022845472,
            761.4492760519245,
            652.9050466951531,
            961.6990173645805
        ],
        [
            634.8488008967174,
            965.7727475964518,
            0,
            615.819778831437,
            45.18849411078001,
            872.5468468798681,
            187.128298234126,
            279.8303057211638,
            723.7637736167788,
            547.872247882661,
            98.2344135219425,
            818.8284313578761,
            288.91694308226374,
            941.6411205974385,
            224.00892839349058,
            137.48090776540573,
            607.4742792909013,
            84.75848040166836,
            564.8654707096194,
            287.8680253171582,
            485.14843089512306,
            864.3222778570503,
            660.928135276446,
            359.79021665409414,
            835.258642577256,
            726.9724891631043,
            643.1990360689294,
            52.952809179494906,
            850.4875072568674,
            798.7897094980632,
            965.7044061202165,
            649.8869132395266,
            611.657583947097,
            32.64965543462902,
            659.6400533624379,
            766.1938397037659,
            498.66321300051806,
            659.7310057894808,
            863.5786009391386,
            193.13207915827965,
            559.5587547344783,
            666.7600767892451,
            377.6691673938978,
            849.7529052612883,
            789.0145752772885,
            78.00640999302557,
            1018.0397831126247,
            777.6895267393022,
            863.9241864886062,
            208.806130178211,
            380.64419081341566,
            155.97435686676192
        ],
        [
            40.607881008493905,
            832.8847459282707,
            615.819778831437,
            0,
            659.9030231784062,
            672.7733645143809,
            799.6730581931595,
            891.3613184337763,
            917.686220883805,
            213.88314566603887,
            519.507459041735,
            575.3138274020537,
            431.00464034624963,
            873.5502275198604,
            798.7052021866391,
            744.61063650743,
            676.1575260248162,
            610.4506532063014,
            56.293871780150276,
            496.1794030388606,
            180.8120571200936,
            870.1660761027173,
            909.7032483178237,
            925.8644609228718,
            947.753659977106,
            112.36102527122114,
            504.2271313604614,
            618.8521632829604,
            802.3048049214215,
            1153.8305768179314,
            906.67579652266,
            470.7706447942565,
            695.7937912916441,
            590.8265396882574,
            913.4007882632902,
            443.1986010808247,
            682.0095307251944,
            929.7123210972305,
            763.2889361179028,
            453.00993366591865,
            726.5975502298367,
            870.7933164649347,
            239.64139876073168,
            906.8550049484206,
            753.823586789376,
            670.6690689155121,
            912.0619496503513,
            601.1197883949587,
            888.2257595904321,
            501.22450059828486,
            702.8997083510563,
            745.7036945060685
        ],
        [
            678.3104009227634,
            980.800183523637,
            45.18849411078001,
            659.9030231784062,
            0,
            893.7292654937512,
            141.94717327231282,
            234.65080438813757,
            717.899714444852,
            586.1825654179762,
            143.38758663147937,
            843.8400322335981,
            318.70519292913946,
            952.4757214753561,
            185.21878954360974,
            104.21612159354233,
            616.7308975558141,
            92.097774131626,
            609.308624590199,
            309.2604080706096,
            526.0465758846834,
            871.0895476356034,
            651.5028779675498,
            319.4010018769509,
            833.9958033467555,
            771.269732324561,
            666.7390794006303,
            60.74537019394976,
            861.6478398974839,
            775.951673752947,
            975.4614292733464,
            675.7403347440495,
            619.4005166287803,
            70.11419257183242,
            649.7545690489601,
            796.8644803227209,
            502.4430315966179,
            648.2136993307068,
            878.2311768549326,
            229.38613733179255,
            561.8896688852715,
            661.5323121359984,
            422.2463735782701,
            852.7660875058295,
            800.65098513647,
            68.62215385719105,
            1030.3557638019986,
            799.4904627323581,
            869.2577293300301,
            233.89313799254563,
            375.85635554025157,
            116.2841347734075
        ],
        [
            638.3737149977277,
            164.75739740600423,
            872.5468468798681,
            672.7733645143809,
            893.7292654937512,
            0,
            973.3473172511445,
            1032.773450472077,
            511.722581092529,
            483.9938016132025,
            828.7725864192179,
            99.12618221237011,
            591.9434094573568,
            233.1222855069845,
            896.6526640790178,
            996.4361494847525,
            340.72422866594036,
            802.1184451189238,
            693.2712311931024,
            585.0213671311501,
            566.714213691522,
            294.49108645254444,
            567.9788728465171,
            953.4406116796157,
            440.6415777023317,
            708.4412466817556,
            232.76812496559745,
            833.0726258856427,
            208.49220608934044,
            818.132629834552,
            264.3274484422683,
            239.08366736354031,
            354.10874036092355,
            840.5355435673139,
            574.8573736154038,
            236.76359517459605,
            466.62297414508004,
            599.1836112578513,
            138.65785228395828,
            698.6343822057428,
            443.6304768610921,
            505.39588443120505,
            714.6495644719864,
            363.85986313414674,
            209.65209276322523,
            950.4930299586631,
            245.65219315121126,
            95.46203433826456,
            321.8959459204169,
            663.9171635076171,
            608.0296045424104,
            892.6645506571883
        ],
        [
            816.6774148952571,
            1042.0172743289816,
            187.128298234126,
            799.6730581931595,
            141.94717327231282,
            973.3473172511445,
            0,
            92.70382947861431,
            720.8307707083542,
            713.011220108071,
            285.3296339324046,
            934.5078918874896,
            431.64800474460674,
            1001.8148531540146,
            107.83784122468326,
            108.16653826391969,
            667.856271962763,
            199.04019694524018,
            749.8866581024096,
            404.8024209413773,
            659.1145575694713,
            909.5548361698706,
            644.9379815145019,
            208.1393763803476,
            848.7638069569178,
            911.4395207582344,
            755.8002381582055,
            182.584227139148,
            913.1757771645063,
            720.9119224981648,
            1021.3451914020059,
            770.7256321156057,
            666.124612966673,
            209.0956718825141,
            641.755405119427,
            903.0448493845695,
            542.0590373750815,
            634.9440920270067,
            939.6025755605398,
            357.8058132562969,
            594.7982851353894,
            668.0269455643238,
            563.2273075766125,
            880.2732530299895,
            854.5273547406192,
            162.9355700883021,
            1083.1546519311082,
            881.9274346566162,
            903.474404728767,
            342.3813663153998,
            398.32775449370837,
            80.77747210701756
        ],
        [
            907.6849673757961,
            1090.3549880658134,
            279.8303057211638,
            891.3613184337763,
            234.65080438813757,
            1032.773450472077,
            92.70382947861431,
            0,
            737.8732953563233,
            798.6820393623484,
            378.033067336708,
            1000.3484392950289,
            513.3517312720393,
            1043.4601094435761,
            136.4734406395618,
            184.2878183711555,
            714.8216560793328,
            285.9108252585061,
            841.971495954584,
            479.89686391973845,
            747.8515895550399,
            945.6193737440028,
            657.6146287910573,
            163.76812876747417,
            871.0878256524999,
            1003.2846056827543,
            822.1921916437786,
            272.90474528670256,
            956.96185921906,
            698.5699678629192,
            1060.7544484940895,
            840.0976133759697,
            710.6335201775948,
            301.3784995649159,
            653.583965531591,
            977.4456506629921,
            585.533944361896,
            643.5060217278468,
            988.8725903775471,
            446.1894216585597,
            632.9873616431847,
            688.4606016323664,
            655.5463370349955,
            910.0467020983044,
            900.3249413406251,
            250.0599928017275,
            1126.2051322916266,
            943.6153877507509,
            937.0464236098445,
            424.142664677818,
            438.1381060807197,
            154.0811474515945
        ],
        [
            900.8823452593574,
            464.0872762746249,
            723.7637736167788,
            917.686220883805,
            717.899714444852,
            511.722581092529,
            720.8307707083542,
            737.8732953563233,
            0,
            707.8827586542845,
            741.3312350090208,
            554.1281440244666,
            568.3915903670637,
            380.4339627320358,
            615.5664058409945,
            794.7509043719297,
            247.60654272454107,
            639.201063828902,
            905.6296152401377,
            509.5193813781767,
            743.85818540902,
            265.452443951831,
            84.87638069569178,
            600.3440680143345,
            138.69751259485514,
            1003.1016897603154,
            461.754263651133,
            671.0067063748321,
            325.88494902342455,
            306.4261738167939,
            382.34147041617126,
            502.7573967630909,
            226.60317738284255,
            701.91167535524,
            90.73588044428732,
            639.6475592074122,
            255.01568579207046,
            110.16805344563369,
            391.4715826212676,
            645.0627876416373,
            197.43353311937668,
            57.55866572463264,
            811.995073876683,
            201.81674856165924,
            302.9488405655317,
            786.5195483902481,
            460.67884692049836,
            474.5956173417533,
            244.17411820256464,
            573.6357729430758,
            343.12679872023983,
            650.7303589045159
        ],
        [
            193.19679086361657,
            636.8398542804933,
            547.872247882661,
            213.88314566603887,
            586.1825654179762,
            483.9938016132025,
            713.011220108071,
            798.6820393623484,
            707.8827586542845,
            0,
            465.92917916782164,
            392.18873007775227,
            289.7050223934683,
            668.6733133601191,
            685.045983858018,
            685.2481302418854,
            463.9062405271134,
            514.0,
            217.0829334609241,
            341.525987298185,
            88.72992730753249,
            658.3805890212743,
            705.443123150265,
            798.1860685328953,
            733.9652580333758,
            295.9408724728641,
            293.5523803344133,
            532.7363325323325,
            593.407954109144,
            956.7721776891299,
            701.4820026201671,
            263.1900454044568,
            483.91011562065944,
            517.1015374179427,
            709.6034103638455,
            277.72108310317384,
            481.3740749147175,
            727.3465473898945,
            559.4318546525573,
            357.0994259306503,
            520.7936251529967,
            663.0422309325402,
            250.31580054003783,
            693.3195511450691,
            542.693283540528,
            617.9813913055958,
            713.7653676103935,
            402.67232335982567,
            675.6870577419699,
            376.57934090972117,
            526.1653732430517,
            645.1201438491903
        ],
        [
            539.9120298715338,
            935.2395415079498,
            98.2344135219425,
            519.507459041735,
            143.38758663147937,
            828.7725864192179,
            285.3296339324046,
            378.033067336708,
            741.3312350090208,
            465.92917916782164,
            0,
            766.6615941861181,
            236.89026995636607,
            920.6443395796229,
            312.65636088203934,
            226.2675407565124,
            594.0412443593458,
            132.8834075421006,
            467.81299682672346,
            258.36795466930494,
            397.03526291753985,
            852.9882765900128,
            686.8420488001591,
            449.0801710162674,
            841.7202623199705,
            630.1372866288742,
            596.3128373597201,
            120.34118164618461,
            829.542645076189,
            850.8049130088519,
            946.9176310535146,
            597.428656828579,
            601.5189107584232,
            80.91971329657565,
            686.5311354920475,
            701.182572515889,
            499.85697954514956,
            690.0065217083097,
            834.689163701075,
            130.17680284904836,
            562.3735413406289,
            683.7726230261051,
            280.49242414011826,
            846.792772760845,
            767.631421972811,
            154.2627628431437,
            993.2094441757994,
            733.3109845079372,
            855.7482106320759,
            178.46568297574746,
            404.12374342520394,
            247.53585598858197
        ],
        [
            540.3415586460105,
            263.60007587252323,
            818.8284313578761,
            575.3138274020537,
            843.8400322335981,
            99.12618221237011,
            934.5078918874896,
            1000.3484392950289,
            554.1281440244666,
            392.18873007775227,
            766.6615941861181,
            0,
            532.0761223734814,
            325.37977810552394,
            865.8706600872904,
            947.7494394617177,
            347.5413644445795,
            753.7214339528896,
            597.6294838777618,
            535.1971599326738,
            477.3185519126614,
            369.3521355021519,
            599.1610801779434,
            935.3935000843227,
            503.85017614366274,
            609.3283187248071,
            178.70926109186394,
            783.1653720639083,
            284.0158446284292,
            858.1707289345169,
            357.72754995946286,
            169.4018890095385,
            364.9726017114162,
            786.3345344063174,
            605.743344990269,
            137.71347065556077,
            461.0,
            629.6959583799153,
            221.0701246211256,
            636.9207172011286,
            451.14299285259887,
            537.974906477988,
            630.0872955392769,
            432.8325311249144,
            266.41321288554735,
            896.7167891815119,
            344.4488350974641,
            79.7057087039567,
            395.3795644693843,
            610.57350089895,
            592.0287155197796,
            854.620383562199
        ],
        [
            433.8963009752445,
            700.7710039663456,
            288.91694308226374,
            431.00464034624963,
            318.70519292913946,
            591.9434094573568,
            431.64800474460674,
            513.3517312720393,
            568.3915903670637,
            289.7050223934683,
            236.89026995636607,
            532.0761223734814,
            0,
            691.8677619314259,
            395.6829538911173,
            422.644058280724,
            378.375474892335,
            234.82972554597936,
            396.2852507979574,
            68.24221567329126,
            257.65092664300664,
            633.7207586942375,
            533.5850447679358,
            509.48012718849003,
            646.0959681038104,
            540.0092591798774,
            359.6804137008297,
            259.6324324887012,
            601.5396911260303,
            749.3530543075141,
            719.6679790014281,
            362.6927073984257,
            389.89485762189787,
            256.2674384310266,
            535.3596921696663,
            478.17360864020924,
            313.4389892786154,
            545.9029217727269,
            601.382573741541,
            106.96261028976434,
            373.3430058270812,
            512.8001560062165,
            253.18965223721133,
            637.6025407728549,
            539.9120298715338,
            366.17482163578643,
            761.456499085798,
            496.4876634922564,
            639.9640614909559,
            89.35882720806043,
            282.06559520792325,
            359.2728767942272
        ],
        [
            842.862384971592,
            96.6074531286277,
            941.6411205974385,
            873.5502275198604,
            952.4757214753561,
            233.1222855069845,
            1001.8148531540146,
            1043.4601094435761,
            380.4339627320358,
            668.6733133601191,
            920.6443395796229,
            325.37977810552394,
            691.8677619314259,
            0,
            908.9356412860043,
            1048.2962367575303,
            336.2038072360276,
            861.4870863802893,
            885.3253639199547,
            662.5073584497005,
            741.1241461455699,
            114.98260738042079,
            457.8318468608316,
            932.8156302292538,
            264.4862945409459,
            923.0736698660622,
            378.05951912364276,
            894.572523611138,
            91.26335518706288,
            669.5140028408666,
            33.24154027718932,
            405.49352645880793,
            335.93600581063055,
            912.2159831969619,
            464.66869918254656,
            459.7618948977829,
            459.8271414346917,
            487.34895095814045,
            110.45361017187261,
            795.8718489807263,
            410.6214801980043,
            399.8612259271959,
            869.9850573429409,
            184.1738309315414,
            153.1012736720371,
            1016.691201889738,
            84.07734534343957,
            275.3779221361073,
            138.00362314084364,
            743.3653206869419,
            605.8068999276915,
            922.5920008324374
        ],
        [
            810.6398707194212,
            954.3631384331647,
            224.00892839349058,
            798.7052021866391,
            185.21878954360974,
            896.6526640790178,
            107.83784122468326,
            136.4734406395618,
            615.5664058409945,
            685.045983858018,
            312.65636088203934,
            865.8706600872904,
            395.6829538911173,
            908.9356412860043,
            0,
            204.00245096566857,
            578.8307179132773,
            191.049731745428,
            753.0478072473221,
            354.1412147717348,
            642.804013677575,
            812.9335766223462,
            538.4811974433276,
            136.4734406395618,
            745.4052589028333,
            911.0351255577361,
            688.2041848172677,
            192.85227507084275,
            821.8035044948397,
            616.2994402074368,
            926.9439033727984,
            707.5090105433287,
            575.0869499475709,
            231.93533581582605,
            535.1233502660858,
            847.870862808718,
            450.0277769204919,
            527.7546778570513,
            852.7156618709428,
            345.7744929863971,
            499.0571109602588,
            563.7135797548256,
            571.5120296196748,
            780.1666488642026,
            764.6829408323426,
            235.5949914577982,
            991.3389934830567,
            807.9634892741132,
            805.3949341782577,
            308.75880554244924,
            303.1336338976591,
            68.96375859826668
        ],
        [
            765.9360286603576,
            1079.9351832401794,
            137.48090776540573,
            744.61063650743,
            104.21612159354233,
            996.4361494847525,
            108.16653826391969,
            184.2878183711555,
            794.7509043719297,
            685.2481302418854,
            226.2675407565124,
            947.7494394617177,
            422.644058280724,
            1048.2962367575303,
            204.00245096566857,
            0,
            712.092690595824,
            194.4350791395421,
            691.9609815589315,
            412.8014050363686,
            621.1634245510596,
            963.1874168613291,
            723.3429338840604,
            316.24357700987383,
            916.7006054323299,
            854.3828181792983,
            770.3778293798439,
            164.64810961562844,
            957.9279722400844,
            819.9280456235168,
            1070.2607159005697,
            779.8269038703396,
            713.3764784459886,
            169.04733065032408,
            720.8564350826036,
            900.8096358276813,
            593.2486831000975,
            716.5765834856733,
            977.2333395868152,
            330.3407331831786,
            650.6435275940274,
            739.7567167657216,
            505.0158413356951,
            940.7725548717926,
            897.4658767886386,
            74.72616676907762,
            1127.327813903303,
            902.4987534617429,
            959.8385280868861,
            338.0961401731762,
            458.41575016572017,
            147.73286702694156
        ],
        [
            657.0677286246829,
            375.54227458436685,
            607.4742792909013,
            676.1575260248162,
            616.7308975558141,
            340.72422866594036,
            667.856271962763,
            714.8216560793328,
            247.60654272454107,
            463.9062405271134,
            594.0412443593458,
            347.5413644445795,
            378.375474892335,
            336.2038072360276,
            578.8307179132773,
            712.092690595824,
            0,
            526.2024325295351,
            668.5641330493283,
            336.857536653108,
            507.68494167150556,
            258.95559464896684,
            265.70848687988877,
            619.3173661379116,
            278.33792411383683,
            757.6239172571045,
            219.4766502386985,
            559.4005720411806,
            246.07722365143832,
            529.4619910815128,
            358.73388465546435,
            259.8037721050255,
            21.213203435596427,
            578.8618142527627,
            271.53268679847736,
            405.8300136756768,
            130.6139349380456,
            293.9557789872484,
            274.2498860528478,
            475.3787963298321,
            104.12012293500234,
            211.10187114282053,
            597.3349144324313,
            259.5862091868518,
            186.67886864881092,
            681.6010563372096,
            415.9326868617084,
            271.0645679538364,
            262.5452341978426,
            415.577910866302,
            277.89386463180506,
            587.9906461841039
        ],
        [
            624.4429517578047,
            888.840255614022,
            84.75848040166836,
            610.4506532063014,
            92.097774131626,
            802.1184451189238,
            199.04019694524018,
            285.9108252585061,
            639.201063828902,
            514.0,
            132.8834075421006,
            753.7214339528896,
            234.82972554597936,
            861.4870863802893,
            191.049731745428,
            194.4350791395421,
            526.2024325295351,
            0,
            563.4616224730838,
            218.54976549975981,
            462.0313842154015,
            781.8625198844104,
            577.2088010417028,
            325.0,
            750.5844389540727,
            722.7897342934527,
            576.0772517640321,
            33.28663395418648,
            770.5277412267517,
            723.7022868555825,
            884.8734372778969,
            586.2977059480959,
            529.5554739590556,
            65.00769185258002,
            576.0737799969722,
            711.1996906635998,
            414.8457544678504,
            576.7885227706945,
            786.3078277621304,
            160.46183346827368,
            475.38826237087517,
            582.134864099377,
            380.65469916973314,
            765.8824975151214,
            709.365914038728,
            155.42522317822161,
            938.9339699893704,
            708.0854468212151,
            780.848897034503,
            146.75149062275315,
            296.1384811198977,
            135.4400236266961
        ],
        [
            91.30169768410661,
            850.276425640509,
            564.8654707096194,
            56.293871780150276,
            609.308624590199,
            693.2712311931024,
            749.8866581024096,
            841.971495954584,
            905.6296152401377,
            217.0829334609241,
            467.81299682672346,
            597.6294838777618,
            396.2852507979574,
            885.3253639199547,
            753.0478072473221,
            691.9609815589315,
            668.5641330493283,
            563.4616224730838,
            0,
            463.1684358848301,
            161.77144370994532,
            874.642784226795,
            892.5945328087103,
            882.1247077369503,
            943.7637416218108,
            162.43152403397562,
            510.56439358811537,
            570.2324087597968,
            810.4838061306347,
            1131.2099716675061,
            918.2178390774164,
            480.01666637732484,
            687.4794542384521,
            540.8003328401343,
            895.9330332117461,
            469.94893339595956,
            663.7785775392273,
            911.1618956036298,
            775.7454479402377,
            408.3687059508846,
            711.6270090433611,
            856.7671795768089,
            187.3205808233575,
            907.2204803684714,
            759.3740843615878,
            617.7394272668695,
            928.2941344207665,
            616.6506304221216,
            891.3203688910066,
            461.00000000000006,
            673.6653471865685,
            698.2299048307799
        ],
        [
            497.0523111303276,
            680.2977289393226,
            287.8680253171582,
            496.1794030388606,
            309.2604080706096,
            585.0213671311501,
            404.8024209413773,
            479.89686391973845,
            509.5193813781767,
            341.525987298185,
            258.36795466930494,
            535.1971599326738,
            68.24221567329126,
            662.5073584497005,
            354.1412147717348,
            412.8014050363686,
            336.857536653108,
            218.54976549975981,
            463.1684358848301,
            0,
            319.7889929312765,
            595.503988231817,
            470.28714632658205,
            458.33284848459203,
            595.0,
            603.9114173452925,
            357.5765652276446,
            248.51559307214507,
            571.3396537962335,
            681.6311319181365,
            688.5847805463027,
            368.21325342795575,
            345.6486655550691,
            256.2225595063791,
            471.72131603310015,
            498.4144861458183,
            256.1581542719263,
            481.2494155840607,
            578.788389655494,
            139.71399357258383,
            317.83328963467625,
            453.0618059382186,
            320.67740799750766,
            592.8945943420298,
            509.4349811310566,
            365.67335150377033,
            735.9653524453445,
            490.462027072433,
            599.2804018153773,
            81.21576201698781,
            213.84573879317773,
            327.56678708318395
        ],
        [
            177.40913167027227,
            715.4802582880956,
            485.14843089512306,
            180.8120571200936,
            526.0465758846834,
            566.714213691522,
            659.1145575694713,
            747.8515895550399,
            743.85818540902,
            88.72992730753249,
            397.03526291753985,
            477.3185519126614,
            257.65092664300664,
            741.1241461455699,
            642.804013677575,
            621.1634245510596,
            507.68494167150556,
            462.0313842154015,
            161.77144370994532,
            319.7889929312765,
            0,
            721.5053707353813,
            731.6891416441822,
            763.7132969904347,
            784.0102040152284,
            284.7068667946033,
            363.10053704174,
            476.6812352086035,
            661.9259777346708,
            973.4074172719253,
            773.4662242140893,
            337.7128958153656,
            526.3401941710323,
            456.0098683142723,
            735.1584863143457,
            366.21578338460506,
            503.1779009455801,
            750.8408619674344,
            633.4705991598979,
            301.66372005927394,
