{
    "depot": {
        "x": 186,
        "y": 668,
        "node_type": "depot",
        "id": 0
    },
    "final_destination": {
        "x": 981,
        "y": 541,
        "node_type": "final",
        "id": 16
    },
    "pickup_nodes": [
        {
            "x": 364,
            "y": 144,
            "node_type": "pickup",
            "id": 1
        },
        {
            "x": 899,
            "y": 831,
            "node_type": "pickup",
            "id": 2
        },
        {
            "x": 93,
            "y": 847,
            "node_type": "pickup",
            "id": 3
        },
        {
            "x": 110,
            "y": 489,
            "node_type": "pickup",
            "id": 4
        },
        {
            "x": 1000,
            "y": 355,
            "node_type": "pickup",
            "id": 5
        },
        {
            "x": 776,
            "y": 492,
            "node_type": "pickup",
            "id": 6
        },
        {
            "x": 502,
            "y": 612,
            "node_type": "pickup",
            "id": 7
        },
        {
            "x": 246,
            "y": 982,
            "node_type": "pickup",
            "id": 8
        },
        {
            "x": 86,
            "y": 102,
            "node_type": "pickup",
            "id": 9
        },
        {
            "x": 22,
            "y": 332,
            "node_type": "pickup",
            "id": 10
        },
        {
            "x": 827,
            "y": 342,
            "node_type": "pickup",
            "id": 11
        },
        {
            "x": 102,
            "y": 33,
            "node_type": "pickup",
            "id": 12
        },
        {
            "x": 493,
            "y": 194,
            "node_type": "pickup",
            "id": 13
        },
        {
            "x": 878,
            "y": 99,
            "node_type": "pickup",
            "id": 14
        },
        {
            "x": 792,
            "y": 603,
            "node_type": "pickup",
            "id": 15
        }
    ],
    "delivery_nodes": [
        {
            "x": 545,
            "y": 862,
            "node_type": "delivery",
            "id": 1
        },
        {
            "x": 444,
            "y": 490,
            "node_type": "delivery",
            "id": 2
        },
        {
            "x": 362,
            "y": 564,
            "node_type": "delivery",
            "id": 3
        },
        {
            "x": 917,
            "y": 306,
            "node_type": "delivery",
            "id": 4
        },
        {
            "x": 127,
            "y": 211,
            "node_type": "delivery",
            "id": 5
        },
        {
            "x": 276,
            "y": 648,
            "node_type": "delivery",
            "id": 6
        },
        {
            "x": 761,
            "y": 841,
            "node_type": "delivery",
            "id": 7
        },
        {
            "x": 17,
            "y": 31,
            "node_type": "delivery",
            "id": 8
        },
        {
            "x": 855,
            "y": 261,
            "node_type": "delivery",
            "id": 9
        },
        {
            "x": 478,
            "y": 493,
            "node_type": "delivery",
            "id": 10
        },
        {
            "x": 174,
            "y": 887,
            "node_type": "delivery",
            "id": 11
        },
        {
            "x": 531,
            "y": 45,
            "node_type": "delivery",
            "id": 12
        },
        {
            "x": 365,
            "y": 215,
            "node_type": "delivery",
            "id": 13
        },
        {
            "x": 928,
            "y": 158,
            "node_type": "delivery",
            "id": 14
        },
        {
            "x": 199,
            "y": 481,
            "node_type": "delivery",
            "id": 15
        }
    ],
    "travel_costs": [
        [
            0,
            553.407625534741,
            731.3945583609437,
            201.7176244159146,
            194.46593532030232,
            872.1037782282566,
            615.691481181931,
            320.92366693654736,
            319.68109108922914,
            574.7660393586245,
            373.88768366984226,
            719.1362875004988,
            640.531810295164,
            564.7344508704954,
            895.8934088383506,
            609.4760044497241,
            408.0649458113255,
            313.4453700407776,
            204.4309174268902,
            815.7236051506663,
            460.79279508256207,
            92.19544457292888,
            600.4614891897731,
            659.0371764931019,
            783.077263110097,
            340.42473470651333,
            219.32852071721086,
            712.147456640828,
            487.08315511830216,
            900.3688133204081,
            187.45132701584166,
            805.0801202364893
        ],
        [
            553.407625534741,
            0,
            870.7433605833581,
            753.4255105848221,
            428.4168530765334,
            670.0873077442968,
            539.3032542086131,
            487.9221249338874,
            846.2670973162079,
            281.1547616527239,
            390.2665755608594,
            503.56032409235735,
            284.5434940391363,
            138.35100288758298,
            515.9660841567012,
            627.5866474041652,
            740.4626931858214,
            355.12814588539726,
            420.00476187776735,
            576.2404012215735,
            246.2884487750085,
            511.6248625702234,
            802.133405363472,
            364.93561075893916,
            504.7474616082779,
            367.14710948065493,
            766.908729902066,
            194.1391253714717,
            71.00704190430693,
            564.1737321074067,
            375.22526567383494,
            733.6879445649902
        ],
        [
            731.3945583609437,
            870.7433605833581,
            0,
            806.1587932907511,
            859.9331369356574,
            486.59736949556145,
            360.62445840513925,
            453.3982796614915,
            670.2313033572814,
            1091.975274445351,
            1009.0242811746405,
            494.27219221801266,
            1127.8355376560892,
            755.3840083030617,
            732.3011675533503,
            251.85908758669004,
            355.3547523250533,
            568.6000351741108,
            599.7149322803293,
            525.3084807996155,
            990.1434239543279,
            649.3211840068057,
            138.3618444514238,
            1190.7661399284077,
            571.6957232654448,
            539.8935080180164,
            727.1595423289169,
            867.882480523717,
            815.2373887402368,
            673.6245244941725,
            782.6237921249265,
            301.37020423392886
        ],
        [
            201.7176244159146,
            753.4255105848221,
            806.1587932907511,
            0,
            358.40340400169185,
            1031.849310703845,
            769.749309840548,
            471.70541654723456,
            204.0441128775834,
            745.032885180245,
            519.8711378793788,
            890.943881509941,
            814.0497527792757,
            765.7734651971169,
            1084.3103799189603,
            740.3627489278482,
            452.2488253163296,
            500.64957804835905,
            390.4484601070927,
            985.7266355334019,
            636.9081566442684,
            270.3516228913746,
            668.0269455643237,
            819.5315735223384,
            961.2699932901265,
            523.0114721495122,
            90.33825324855468,
            913.8096081788591,
            688.0465100558246,
            1082.5645477291414,
            381.0406802429368,
            939.244377145799
        ],
        [
            194.46593532030232,
            428.4168530765334,
            859.9331369356574,
            358.40340400169185,
            0,
            900.0311105734069,
            666.0067567224825,
            410.8442527284518,
            511.414704520705,
            387.7434718986253,
            179.98055450520204,
            731.913929366015,
            456.07017003965524,
            483.43975839808627,
            861.3501030359259,
            691.4622187798839,
            573.021814593476,
            334.00149700263324,
            262.9239433752658,
            827.488972736193,
            278.5192991517823,
            229.86300267768192,
            740.0709425453751,
            467.3467663309547,
            779.107823089975,
            368.021738488367,
            403.1128874149275,
            611.863546879531,
            374.3006812710872,
            882.4313004421365,
            89.35882720806043,
            872.5508581165915
        ],
        [
            872.1037782282566,
            670.0873077442968,
            486.59736949556145,
            1031.849310703845,
            900.0311105734069,
            0,
            262.5737991498771,
            560.4043183274019,
            980.6349983556572,
            948.3696536688634,
            978.2704125138407,
            173.4877517290486,
            953.9853248347167,
            531.949245699249,
            283.58420266298333,
            323.6788531863026,
            681.2297703418428,
            572.1546993602342,
            671.3605588653537,
            96.38464608017192,
            884.7965867926933,
            781.0409720366787,
            541.5874813915108,
            1035.0193234911123,
            172.80335644888382,
            539.933329217599,
            982.496819333274,
            562.193027349148,
            650.2499519415592,
            209.74508337503408,
            810.8495544797445,
            186.96791168540128
        ],
        [
            615.691481181931,
            539.3032542086131,
            360.62445840513925,
            769.749309840548,
            666.0067567224825,
            262.5737991498771,
            0,
            299.1253917673991,
            721.8032973047435,
            792.5906888173744,
            770.7892059441415,
            158.43295111813072,
            815.448956097192,
            410.9659353279783,
            406.0209354208228,
            112.14722466472367,
            436.1891791413446,
            332.00602404173327,
            420.21423107743504,
            233.40308481251913,
            707.2213232079473,
            523.7709423020716,
            349.3222008404275,
            888.0326570571602,
            244.13520843991344,
            298.00167784762556,
            720.0201386072475,
            509.73914897719993,
            495.63091106185055,
            366.96048833627856,
            577.1048431611019,
            210.77476129745705
        ],
        [
            320.92366693654736,
            487.9221249338874,
            453.3982796614915,
            471.70541654723456,
            410.8442527284518,
            560.4043183274019,
            299.1253917673991,
            0,
            449.9288832693452,
            658.1458804854741,
            555.6977595779922,
            422.5221887664599,
            703.7336143740756,
            418.09687872549347,
            636.0385208460254,
            290.13962156175774,
            253.67104683033892,
            135.08515832614626,
            148.0,
            515.6171060001792,
            549.0227681981868,
            228.84929538890873,
            345.7195395114369,
            756.8262680430694,
            497.80518277735916,
            121.396046064112,
            428.02920461108727,
            567.741138195921,
            419.97380870716216,
            622.5688716921205,
            330.1060435678208,
            484.23341479084235
        ],
        [
            319.68109108922914,
            846.2670973162079,
            670.2313033572814,
            204.0441128775834,
            511.414704520705,
            980.6349983556572,
            721.8032973047435,
            449.9288832693452,
            0,
            894.4271909999158,
            687.5143634863202,
            864.3847522949488,
            959.8630110593907,
            825.804456272791,
            1085.8696975236026,
            664.6480271542224,
            322.1816257951406,
            530.3470561811388,
            433.7971876349592,
            952.4793961026139,
            780.1294764332392,
            335.3445988829997,
            533.9531814681882,
            978.1830094619307,
            943.780694865073,
            541.2439376103903,
            119.20151005754919,
            979.3845005920809,
            776.1765263134412,
            1069.6261028976432,
            503.1997615261756,
            857.1499285422591
        ],
        [
            574.7660393586245,
            281.1547616527239,
            1091.975274445351,
            745.032885180245,
            387.7434718986253,
            948.3696536688634,
            792.5906888173744,
            658.1458804854741,
            894.4271909999158,
            0,
            238.73835050112913,
            778.8972974661037,
            70.83078426785913,
            417.26849869119053,
            792.0056817978012,
            865.700294559266,
            887.8519020647531,
            527.928025397402,
            538.1635439157877,
            855.6734190098464,
            116.4560002747819,
            578.1141755743411,
            1000.8726192678066,
            99.00505037623081,
            785.2655601769379,
            553.6650612057799,
            789.9170842563161,
            448.6357096799139,
            301.01494979485653,
            843.8601779915912,
            395.4870415070512,
            996.8680955873751
        ],
        [
            373.88768366984226,
            390.2665755608594,
            1009.0242811746405,
            519.8711378793788,
            179.98055450520204,
            978.2704125138407,
            770.7892059441415,
            555.6977595779922,
            687.5143634863202,
            238.73835050112913,
            0,
            805.0621094052309,
            309.517366233302,
            490.8003667480292,
            887.1442949148691,
            816.2971272765818,
            744.5998925597559,
            450.6084775056945,
            411.6114672843798,
            895.3775739876446,
            160.20611723651504,
            405.4281687302943,
            897.3304853842869,
            301.0415253748227,
            836.0203346809215,
            483.5876342505048,
            575.4380939771019,
            584.3372313998142,
            362.4058498424108,
            922.5573152926598,
            231.36551169091734,
            981.5100610793553
        ],
        [
            719.1362875004988,
            503.56032409235735,
            494.27219221801266,
            890.943881509941,
            731.913929366015,
            173.4877517290486,
            158.43295111813072,
            422.5221887664599,
            864.3847522949488,
            778.8972974661037,
            805.0621094052309,
            0,
            788.1027851746244,
            365.32177597290854,
            248.29418035870273,
            263.3362869032675,
            591.5437430993585,
            410.60077934655703,
            515.275654383166,
            96.93296652842109,
            712.1523713363595,
            630.2674035677238,
            503.34580558498743,
            867.6525802416542,
            85.70297544426332,
            380.26569658595287,
            850.5492343186254,
            419.31491745465013,
            479.13776724445336,
            209.89759407863633,
            643.1990360689296,
            251.6286947071021
        ],
        [
            640.531810295164,
            284.5434940391363,
            1127.8355376560892,
            814.0497527792757,
            456.07017003965524,
            953.9853248347167,
            815.448956097192,
            703.7336143740756,
            959.8630110593907,
            70.83078426785913,
            309.517366233302,
            788.1027851746244,
            0,
            422.8498551495554,
            778.8016435524518,
            894.9860334105778,
            939.9414875405807,
            570.8003153467945,
            591.2368391769918,
            859.5079987993132,
            179.74704448196078,
            639.1408295516725,
            1042.6624573657573,
            85.0235261559999,
            786.7610819047927,
            594.1178334303726,
            857.0297544426331,
            429.16779935125606,
            319.8327688026979,
            835.4046923497617,
            458.38084602216964,
            1015.2364256664553
        ],
        [
            564.7344508704954,
            138.35100288758298,
            755.3840083030617,
            765.7734651971169,
            483.43975839808627,
            531.949245699249,
            410.9659353279783,
            418.09687872549347,
            825.804456272791,
            417.26849869119053,
            490.8003667480292,
            365.32177597290854,
            422.8498551495554,
            0,
            396.54760117796707,
            506.63793778200227,
            670.0208951965602,
            300.02833199549667,
            392.5060509087727,
            438.5430423573038,
            366.3945960300179,
            503.1947932957971,
            700.3092174175632,
            503.1351707046527,
            368.1480680378481,
            299.37601774357273,
            762.8957989135868,
            153.7693077307692,
            129.71121771072848,
            436.4871132118335,
            410.85885654321726,
            598.7929525303383
        ],
        [
            895.8934088383506,
            515.9660841567012,
            732.3011675533503,
            1084.3103799189603,
            861.3501030359259,
            283.58420266298333,
            406.0209354208228,
            636.0385208460254,
            1085.8696975236026,
            792.0056817978012,
            887.1442949148691,
            248.29418035870273,
            778.8016435524518,
            396.54760117796707,
            0,
            511.28465652706615,
            832.5010510503874,
            584.1549451986176,
            694.6085228385842,
            210.64187617850348,
            759.3056038249684,
            814.7422905434578,
            751.1677575615184,
            863.6810753976262,
            163.62457028209423,
            561.4588141618226,
            1056.6740273140056,
            351.17659375305755,
            525.9515186782904,
            77.33692520394123,
            779.0795851516069,
            453.84248368789804
        ],
        [
            609.4760044497241,
            627.5866474041652,
            251.85908758669004,
            740.3627489278482,
            691.4622187798839,
            323.6788531863026,
            112.14722466472367,
            290.13962156175774,
            664.6480271542224,
            865.700294559266,
            816.2971272765818,
            263.3362869032675,
            894.9860334105778,
            506.63793778200227,
            511.28465652706615,
            0,
            357.8966331219113,
            365.88659445243417,
            431.76498236888085,
            322.23283507426737,
            771.9384690504806,
            517.9584925454934,
            240.01041644062033,
            963.2284256602896,
            347.7542235545098,
            332.7100840070826,
            680.1323400633145,
            616.0235385113136,
            576.9514710961399,
            465.31817071762845,
            605.4196891413427,
            198.90952717253137
        ],
        [
            408.0649458113255,
            740.4626931858214,
            355.3547523250533,
            452.2488253163296,
            573.021814593476,
            681.2297703418428,
            436.1891791413446,
            253.67104683033892,
            322.1816257951406,
            887.8519020647531,
            744.5998925597559,
            591.5437430993585,
            939.9414875405807,
            670.0208951965602,
            832.5010510503874,
            357.8966331219113,
            0,
            385.4672489330319,
            349.7041606844276,
            668.9693565478167,
            773.6439749652291,
            343.7397271192261,
            217.0184323968819,
            984.5531981564023,
            676.2403418903667,
            375.0333318519835,
            371.8413640250369,
            817.1199422361443,
            671.5720363445756,
            801.43933020535,
            514.6620250222469,
            541.4212777495912
        ],
        [
            313.4453700407776,
            355.12814588539726,
            568.6000351741108,
            500.64957804835905,
            334.00149700263324,
            572.1546993602342,
            332.00602404173327,
            135.08515832614626,
            530.3470561811388,
            527.928025397402,
            450.6084775056945,
            410.60077934655703,
            570.8003153467945,
            300.02833199549667,
            584.1549451986176,
            365.88659445243417,
            385.4672489330319,
            0,
            110.45361017187261,
            507.528324332741,
            422.29136860703176,
            230.62523712724936,
            472.95877198758035,
            626.9050964859035,
            470.4912326494512,
            34.132096331752024,
            480.1135282409776,
            453.4247456855437,
            286.12235145126294,
            586.9241859047896,
            245.16525039246488,
            539.4163512538344
        ],
        [
            204.4309174268902,
            420.00476187776735,
            599.7149322803293,
            390.4484601070927,
            262.9239433752658,
            671.3605588653537,
            420.21423107743504,
            148.0,
            433.7971876349592,
            538.1635439157877,
            411.6114672843798,
            515.275654383166,
            591.2368391769918,
            392.5060509087727,
            694.6085228385842,
            431.76498236888085,
            349.7041606844276,
            110.45361017187261,
            0,
            612.0367636016647,
            424.0683907107437,
            120.21647141718975,
            485.72626035659215,
            634.9125924093804,
            578.6691628210372,
            136.0036764208968,
            373.7285110879286,
            545.8223154104273,
            349.0128937446294,
            696.557248185675,
            182.91528093628483,
            619.4271547163556
        ],
        [
            815.7236051506663,
            576.2404012215735,
            525.3084807996155,
            985.7266355334019,
            827.488972736193,
            96.38464608017192,
            233.40308481251913,
            515.6171060001792,
            952.4793961026139,
            855.6734190098464,
            895.3775739876446,
            96.93296652842109,
            859.5079987993132,
            438.5430423573038,
            210.64187617850348,
            322.23283507426737,
            668.9693565478167,
            507.528324332741,
            612.0367636016647,
            0,
            795.6915231419774,
            726.5294212900122,
            557.2800014355441,
            941.0765112359355,
            76.60939890117922,
            477.1687332590014,
            943.1913909700406,
            465.958152627465,
            559.4506233797581,
            148.40822079655828,
            739.0189442768027,
            243.5590277530275
        ],
        [
            460.79279508256207,
            246.2884487750085,
            990.1434239543279,
            636.9081566442684,
            278.5192991517823,
            884.7965867926933,
            707.2213232079473,
            549.0227681981868,
            780.1294764332392,
            116.4560002747819,
            160.20611723651504,
            712.1523713363595,
            179.74704448196078,
            366.3945960300179,
            759.3056038249684,
            771.9384690504806,
            773.6439749652291,
            422.29136860703176,
            424.0683907107437,
            795.6915231419774,
            0,
            461.7033679755867,
            893.7874467679662,
            210.95023109728987,
            729.7150128646113,
            450.24993059410906,
            677.6319059784596,
            436.77454138262226,
            238.03361107205006,
            802.7515182171878,
            279.4351445326804,
            915.5413699008909
        ],
        [
            92.19544457292888,
            511.6248625702234,
            649.3211840068057,
            270.3516228913746,
            229.86300267768192,
            781.0409720366787,
            523.7709423020716,
            228.84929538890873,
            335.3445988829997,
            578.1141755743411,
            405.4281687302943,
            630.2674035677238,
            639.1408295516725,
            503.1947932957971,
            814.7422905434578,
            517.9584925454934,
            343.7397271192261,
            230.62523712724936,
            120.21647141718975,
            726.5294212900122,
            461.7033679755867,
            0,
            521.9904213680554,
            669.1561850569716,
            696.4265934037844,
            254.61539623518448,
            259.8557292037257,
            654.7014586817414,
            442.05203313637185,
            815.6003923490964,
            183.89671013914307,
            713.0736287368928
        ],
        [
            600.4614891897731,
            802.133405363472,
            138.3618444514238,
            668.0269455643237,
            740.0709425453751,
            541.5874813915108,
            349.3222008404275,
            345.7195395114369,
            533.9531814681882,
            1000.8726192678066,
            897.3304853842869,
            503.34580558498743,
            1042.6624573657573,
            700.3092174175632,
            751.1677575615184,
            240.01041644062033,
            217.0184323968819,
            472.95877198758035,
            485.72626035659215,
            557.2800014355441,
            893.7874467679662,
            521.9904213680554,
            0,
            1099.8345330093978,
            587.5678684203214,
            448.5454269079109,
            588.799626358577,
            828.5626107905184,
            740.7374703631509,
            703.1201888724288,
            667.4159123065616,
            372.02150475476543
        ],
        [
            659.0371764931019,
            364.93561075893916,
            1190.7661399284077,
            819.5315735223384,
            467.3467663309547,
            1035.0193234911123,
            888.0326570571602,
            756.8262680430694,
            978.1830094619307,
            99.00505037623081,
            301.0415253748227,
            867.6525802416542,
            85.0235261559999,
            503.1351707046527,
            863.6810753976262,
            963.2284256602896,
            984.5531981564023,
            626.9050964859035,
            634.9125924093804,
            941.0765112359355,
            210.95023109728987,
            669.1561850569716,
            1099.8345330093978,
            0,
            868.9902185870678,
            652.6599420831648,
            870.2786909950169,
            514.1906261300375,
            393.64959037194484,
            919.8097629401418,
            485.4111659201919,
            1090.5943333797402
        ],
        [
            783.077263110097,
            504.7474616082779,
            571.6957232654448,
            961.2699932901265,
            779.107823089975,
            172.80335644888382,
            244.13520843991344,
            497.80518277735916,
            943.780694865073,
            785.2655601769379,
            836.0203346809215,
            85.70297544426332,
            786.7610819047927,
            368.1480680378481,
            163.62457028209423,
            347.7542235545098,
            676.2403418903667,
            470.4912326494512,
            578.6691628210372,
            76.60939890117922,
            729.7150128646113,
            696.4265934037844,
            587.5678684203214,
            868.9902185870678,
            0,
            442.6657881517387,
            925.0064864637437,
            389.3995377501108,
            492.1544473028766,
            126.24579200908045,
            691.9075082697108,
            307.04397079245837
        ],
        [
            340.42473470651333,
            367.14710948065493,
            539.8935080180164,
            523.0114721495122,
            368.021738488367,
            539.933329217599,
            298.00167784762556,
            121.396046064112,
            541.2439376103903,
            553.6650612057799,
            483.5876342505048,
            380.26569658595287,
            594.1178334303726,
            299.37601774357273,
            561.4588141618226,
            332.7100840070826,
            375.0333318519835,
            34.132096331752024,
            136.0036764208968,
            477.1687332590014,
            450.24993059410906,
            254.61539623518448,
            448.5454269079109,
            652.6599420831648,
            442.6657881517387,
            0,
            497.64646085348585,
            451.12415142619,
            300.0883203325314,
            561.003565051061,
            279.2579452764057,
            505.2850680556471
        ],
        [
            219.32852071721086,
            766.908729902066,
            727.1595423289169,
            90.33825324855468,
            403.1128874149275,
            982.496819333274,
            720.0201386072475,
            428.02920461108727,
            119.20151005754919,
            789.9170842563161,
            575.4380939771019,
            850.5492343186254,
            857.0297544426331,
            762.8957989135868,
            1056.6740273140056,
            680.1323400633145,
            371.8413640250369,
            480.1135282409776,
            373.7285110879286,
            943.1913909700406,
            677.6319059784596,
            259.8557292037257,
            588.799626358577,
            870.2786909950169,
            925.0064864637437,
            497.64646085348585,
            0,
            914.556176514051,
            698.6164899284871,
            1048.7883485241432,
            406.76897620147975,
            878.0461263510023
        ],
        [
            712.147456640828,
            194.1391253714717,
            867.882480523717,
            913.8096081788591,
            611.863546879531,
            562.193027349148,
            509.73914897719993,
            567.741138195921,
            979.3845005920809,
            448.6357096799139,
            584.3372313998142,
            419.31491745465013,
            429.16779935125606,
            153.7693077307692,
            351.17659375305755,
            616.0235385113136,
            817.1199422361443,
            453.4247456855437,
            545.8223154104273,
            465.958152627465,
            436.77454138262226,
            654.7014586817414,
            828.5626107905184,
            514.1906261300375,
            389.3995377501108,
            451.12415142619,
            914.556176514051,
            0,
            237.60471375795558,
            412.7687003637751,
            548.0145983457011,
            669.7133715254608
        ],
        [
            487.08315511830216,
            71.00704190430693,
            815.2373887402368,
            688.0465100558246,
            374.3006812710872,
            650.2499519415592,
            495.63091106185055,
            419.97380870716216,
            776.1765263134412,
            301.01494979485653,
            362.4058498424108,
            479.13776724445336,
            319.8327688026979,
            129.71121771072848,
            525.9515186782904,
            576.9514710961399,
            671.5720363445756,
            286.12235145126294,
            349.0128937446294,
            559.4506233797581,
            238.03361107205006,
            442.05203313637185,
            740.7374703631509,
            393.64959037194484,
            492.1544473028766,
            300.0883203325314,
            698.6164899284871,
            237.60471375795558,
            0,
            565.8780787413486,
            313.5474445757771,
            696.9447610822539
        ],
        [
            900.3688133204081,
            564.1737321074067,
            673.6245244941725,
            1082.5645477291414,
            882.4313004421365,
            209.74508337503408,
            366.96048833627856,
            622.5688716921205,
            1069.6261028976432,
            843.8601779915912,
            922.5573152926598,
            209.89759407863633,
            835.4046923497617,
            436.4871132118335,
            77.33692520394123,
            465.31817071762845,
            801.43933020535,
            586.9241859047896,
            696.557248185675,
            148.40822079655828,
            802.7515182171878,
            815.6003923490964,
            703.1201888724288,
            919.8097629401418,
            126.24579200908045,
            561.003565051061,
            1048.7883485241432,
            412.7687003637751,
            565.8780787413486,
            0,
            797.3518671201567,
            386.64971227197367
        ],
        [
            187.45132701584166,
            375.22526567383494,
            782.6237921249265,
            381.0406802429368,
            89.35882720806043,
            810.8495544797445,
            577.1048431611019,
            330.1060435678208,
            503.1997615261756,
            395.4870415070512,
            231.36551169091734,
            643.1990360689296,
            458.38084602216964,
            410.85885654321726,
            779.0795851516069,
            605.4196891413427,
            514.6620250222469,
            245.16525039246488,
            182.91528093628483,
            739.0189442768027,
            279.4351445326804,
            183.89671013914307,
            667.4159123065616,
            485.4111659201919,
            691.9075082697108,
            279.2579452764057,
            406.76897620147975,
            548.0145983457011,
            313.5474445757771,
            797.3518671201567,
            0,
            784.298412595614
        ],
        [
            805.0801202364893,
            733.6879445649902,
            301.37020423392886,
            939.244377145799,
            872.5508581165915,
            186.96791168540128,
            210.77476129745705,
            484.23341479084235,
            857.1499285422591,
            996.8680955873751,
            981.5100610793553,
            251.6286947071021,
            1015.2364256664553,
            598.7929525303383,
            453.84248368789804,
            198.90952717253137,
            541.4212777495912,
            539.4163512538344,
            619.4271547163556,
            243.5590277530275,
            915.5413699008909,
            713.0736287368928,
            372.02150475476543,
            1090.5943333797402,
            307.04397079245837,
            505.2850680556471,
            878.0461263510023,
            669.7133715254608,
            696.9447610822539,
            386.64971227197367,
            784.298412595614,
            0
        ]
    ],
    "incompatibilities": [
        [
            0,
            1,
            1,
            0,
            1,
            1,
            0,
            1,
            1,
            1,
            0,
            0,
            0,
            0,
            1
        ],
        [
            1,
            0,
            1,
            0,
            1,
            0,
            0,
            1,
            1,
            1,
            1,
            0,
            0,
            0,
            1
        ],
        [
            1,
            1,
            0,
            0,
            1,
            1,
            1,
            0,
            1,
            0,
            0,
            0,
            1,
            0,
            1
        ],
        [
            0,
            0,
            0,
            0,
            1,
            1,
            1,
            1,
            1,
            0,
            0,
            1,
            1,
            0,
            0
        ],
        [
            1,
            1,
            1,
            1,
            0,
            0,
            1,
            1,
            0,
            0,
            0,
            1,
            0,
            0,
            0
        ],
        [
            1,
            0,
            1,
            1,
            0,
            0,
            1,
            1,
            0,
            1,
            1,
            1,
            0,
            0,
            0
        ],
        [
            0,
            0,
            1,
            1,
            1,
            1,
            0,
            0,
            1,
            0,
            0,
            1,
            1,
            1,
            0
        ],
        [
            1,
            1,
            0,
            1,
            1,
            1,
            0,
            0,
            0,
            1,
            0,
            1,
            0,
            0,
            0
        ],
        [
            1,
            1,
            1,
            1,
            0,
            0,
            1,
            0,
            0,
            0,
            1,
            0,
            1,
            0,
            0
        ],
        [
            1,
            1,
            0,
            0,
            0,
            1,
            0,
            1,
            0,
            0,
            0,
            0,
            0,
            0,
            0
        ],
        [
            0,
            1,
            0,
            0,
            0,
            1,
            0,
            0,
            1,
            0,
            0,
            0,
            1,
            1,
            1
        ],
        [
            0,
            0,
            0,
            1,
            1,
            1,
            1,
            1,
            0,
            0,
            0,
            0,
            1,
            1,
            1
        ],
        [
            0,
            0,
            1,
            1,
            0,
            0,
            1,
            0,
            1,
            0,
            1,
            1,
            0,
            1,
            0
        ],
        [
            0,
            0,
            0,
            0,
            0,
            0,
            1,
            0,
            0,
            0,
            1,
            1,
            1,
            0,
            1
        ],
        [
            1,
            1,
            1,
            0,
            0,
            0,
            0,
            0,
            0,
            0,
            1,
            1,
            0,
            1,
            0
        ]
    ]
}