{
    "depot": [
        618,
        781
    ],
    "final_destination": [
        84,
        749
    ],
    "requests": [
        [
            [
                398,
                855
            ],
            [
                983,
                993
            ]
        ],
        [
            [
                874,
                399
            ],
            [
                441,
                425
            ]
        ],
        [
            [
                657,
                869
            ],
            [
                900,
                635
            ]
        ],
        [
            [
                979,
                130
            ],
            [
                231,
                880
            ]
        ],
        [
            [
                488,
                189
            ],
            [
                719,
                765
            ]
        ],
        [
            [
                387,
                317
            ],
            [
                500,
                313
            ]
        ],
        [
            [
                393,
                102
            ],
            [
                712,
                592
            ]
        ],
        [
            [
                373,
                89
            ],
            [
                155,
                711
            ]
        ],
        [
            [
                264,
                863
            ],
            [
                770,
                169
            ]
        ],
        [
            [
                1,
                291
            ],
            [
                752,
                605
            ]
        ],
        [
            [
                703,
                996
            ],
            [
                912,
                414
            ]
        ],
        [
            [
                843,
                702
            ],
            [
                624,
                704
            ]
        ],
        [
            [
                456,
                106
            ],
            [
                617,
                763
            ]
        ],
        [
            [
                577,
                180
            ],
            [
                827,
                767
            ]
        ],
        [
            [
                699,
                91
            ],
            [
                731,
                153
            ]
        ]
    ],
    "travel_costs": [
        [
            0,
            232.11204191079793,
            459.84780090808306,
            96.25487000666513,
            744.3937130309471,
            606.1056013600271,
            518.3213289070786,
            715.3083251298002,
            734.0905938642723,
            363.37308651026973,
            787.9016436078808,
            231.19256043393784,
            238.46593048064543,
            694.1678471378518,
            602.3968791419823,
            694.7380801424376,
            422.10069888594126,
            397.5738925030164,
            317.5531451584128,
            399.46213838109867,
            102.25947388873072,
            482.64686883890585,
            211.08529081866408,
            468.2616789787522,
            630.5933713574858,
            221.2057865427575,
            470.2393007820593,
            77.23341245859852,
            18.027756377319946,
            209.46837470128995,
            638.0854174795095,
            534.9579422721005
        ],
        [
            232.11204191079793,
            0,
            659.17524225353,
            259.3781023910846,
            929.0780376265494,
            672.053569293401,
            538.1124417814551,
            753.0166000826276,
            766.4078548658019,
            134.23859355639868,
            689.7137087226845,
            336.0148806228676,
            470.567742200844,
            751.2423044530972,
            698.3308671396388,
            821.1558926294082,
            601.0565697170275,
            432.14465170819824,
            548.0912332814675,
            168.86088949191287,
            333.3781636520305,
            551.514279053589,
            409.59125967237145,
            282.46238687655386,
            780.3717063041177,
            433.3774336533918,
            677.2569674798481,
            271.8032376554775,
            237.53947040439402,
            437.93264322267646,
            776.9768336314796,
            331.409112729267
        ],
        [
            459.84780090808306,
            659.17524225353,
            0,
            517.6765399358948,
            288.7663415289254,
            439.42689949524026,
            493.85524194848836,
            565.3052272887629,
            589.152781543124,
            766.4176407155566,
            879.6550460265661,
            621.0072463345334,
            304.58168034207176,
            510.4635148568407,
            369.0121949204389,
            354.24426600863984,
            603.918040796928,
            433.7798981050182,
            237.42788378789882,
            803.0006226647648,
            397.4682377247269,
            383.76034188018957,
            251.97817365795794,
            783.7761159923158,
            252.42028444639706,
            239.4159560263267,
            40.85339643163099,
            394.3665807342199,
            445.58388660273613,
            370.9892181721728,
            284.5434940391363,
            864.0601830891179
        ],
        [
            96.25487000666513,
            259.3781023910846,
            517.6765399358948,
            0,
            806.1048318922298,
            700.6860923409283,
            614.4949145436437,
            811.1627456928727,
            830.0939705840537,
            393.0457988580974,
            874.3111574262335,
            135.07405376311175,
            249.96999819978393,
            789.0310513534938,
            693.6288632979456,
            779.1328513161283,
            348.78646762740095,
            493.75297467458364,
            337.3499666518436,
            426.14199511430456,
            121.0784869413225,
            577.741291583006,
            282.4075069823747,
            526.2774933435782,
            709.0620565225586,
            280.57262874343246,
            521.5841255253077,
            168.2676439485619,
            113.29607230614837,
            198.2523644247402,
            719.813864828957,
            585.430610747337
        ],
        [
            744.3937130309471,
            929.0780376265494,
            288.7663415289254,
            806.1048318922298,
            0,
            494.5321020924729,
            620.8325055922893,
            586.6685606030035,
            607.3853801335689,
            1023.9697261149862,
            991.1634577606258,
            908.9180381090475,
            587.9455757125825,
            523.550379619765,
            405.09751912348213,
            282.7030243913213,
            863.0092699386258,
            613.5706968231126,
            511.1418589785032,
            1059.246902284826,
            686.1668893206667,
            512.7670036186025,
            533.6037855937681,
            1008.2345957166913,
            212.60761980700502,
            526.4541765434101,
            291.7961617293826,
            674.9081418978437,
            729.2002468458167,
            654.8839591866639,
            249.06424873915563,
            1088.2031060422498
        ],
        [
            606.1056013600271,
            672.053569293401,
            439.42689949524026,
            700.6860923409283,
            494.5321020924729,
            0,
            163.04907236779974,
            128.81770064707723,
            152.3975065412817,
            710.2478440657177,
            497.56708090467555,
            835.1490884866007,
            623.8541496215281,
            88.95504482602433,
            89.45389874119518,
            232.64780248263685,
            944.1615327898081,
            240.63457773146402,
            607.1737807250903,
            737.2448711249201,
            620.594070226263,
            124.5792920191795,
            461.0694090915163,
            619.1712202614071,
            282.7083302628347,
            492.6986908852103,
            480.0010416655364,
            532.6546723722603,
            588.3170913716514,
            670.0783536273948,
            245.65219315121126,
            690.5186456570162
        ],
        [
            518.3213289070786,
            538.1124417814551,
            493.85524194848836,
            614.4949145436437,
            620.8325055922893,
            163.04907236779974,
            0,
            215.0837046361253,
            228.42942017174582,
            559.682945961372,
            386.8746567042096,
            748.9305708809062,
            596.7922586629287,
            221.99549544979513,
            234.24132854814496,
            385.25316351718647,
            901.2169550113889,
            120.74767078498866,
            603.5668977006609,
            584.213146034904,
            557.609182133867,
            113.07077429645557,
            425.73465914816006,
            457.2307951133651,
            410.60077934655703,
            464.9397810469652,
            533.8857555694851,
            453.80392241583803,
            501.8127140677088,
            629.3647591023825,
            381.0931644624448,
            527.6675089485801
        ],
        [
            715.3083251298002,
            753.0166000826276,
            565.3052272887629,
            811.1627456928727,
            586.6685606030035,
            128.81770064707723,
            215.0837046361253,
            0,
            23.853720883753127,
            771.8562042245952,
            435.18386918634747,
            946.2219612754717,
            750.0,
            63.12685640834653,
            199.84994370777292,
            306.1976485866604,
            1068.6351107838448,
            326.5470869568431,
            735.6208262413456,
            794.6873599095434,
            738.8132375641356,
            236.57979626333267,
            584.6888061182632,
            653.8539592294292,
            382.90729948644224,
            617.9724912971451,
            605.5617227005023,
            644.7984181122035,
            697.9233482267232,
            794.0913045739766,
            341.8259791180302,
            717.0006973497306
        ],
        [
            734.0905938642723,
            766.4078548658019,
            589.152781543124,
            830.0939705840537,
            607.3853801335689,
            152.3975065412817,
            228.42942017174582,
            23.853720883753127,
            0,
            781.6373839575484,
            423.30603586530634,
            965.1678610480149,
            772.4435254437699,
            84.72307831990054,
            223.37636401374252,
            326.0061349115995,
            1090.5576555139119,
            342.8119017770532,
            758.8445163536467,
            803.644822045162,
            759.4023966251357,
            257.4975728040946,
            606.5723369887552,
            659.096351074712,
            404.9802464318476,
            640.2319892039135,
            629.4013028267419,
            664.248447495363,
            716.8068080033838,
            815.9656855530139,
            363.67567969277246,
            720.5005204717066
        ],
        [
            363.37308651026973,
            134.23859355639868,
            766.4176407155566,
            393.0457988580974,
            1023.9697261149862,
            710.2478440657177,
            559.682945961372,
            771.8562042245952,
            781.6373839575484,
            0,
            629.5657233363328,
            458.7046980356752,
            600.96755320067,
            780.9692695618695,
            751.3041993759916,
            886.1201950074268,
            730.6579226970716,
            472.41189654791714,
            675.6330364924439,
            37.12142238654117,
            465.4342058766201,
            598.4947785904235,
            523.5885789434295,
            187.04277585621958,
            858.8783382994358,
            552.003623176515,
            788.3558841031123,
            393.54923453108125,
            366.8909919853579,
            571.126080651199,
            849.8170391325418,
            213.06337085477645
        ],
        [
            787.9016436078808,
            689.7137087226845,
            879.6550460265661,
            874.3111574262335,
            991.1634577606258,
            497.56708090467555,
            386.8746567042096,
            435.18386918634747,
            423.30603586530634,
            629.5657233363328,
            0,
            994.9015026624494,
            936.9551750217297,
            491.17206760971254,
            586.5978179297977,
            726.0881489185731,
            1207.11557027486,
            459.95217142655173,
            962.5679196815151,
            632.3140042731934,
            860.3487664894975,
            499.484734501466,
            772.0893730650616,
            447.34326864277284,
            778.6173643067564,
            814.0006142503825,
            919.2660115548709,
            747.4610357737719,
            776.0412360177776,
            953.3372960290602,
            742.9293371512529,
            465.4599875392084
        ],
        [
            231.19256043393784,
            336.0148806228676,
            621.0072463345334,
            135.07405376311175,
            908.9180381090475,
            835.1490884866007,
            748.9305708809062,
            946.2219612754717,
            965.1678610480149,
            458.7046980356752,
            994.9015026624494,
            0,
            325.63169378916416,
            923.6389987435567,
            825.6706365131316,
            905.0088397358337,
            280.0160709673643,
            628.2396039728791,
            411.254179310071,
            486.0452653817337,
            231.5534495532295,
            712.5292976432619,
            404.10023509025575,
            617.6803380390216,
            829.7095877474238,
            394.0583713106473,
            618.3890361253182,
            302.49793387724156,
            248.36465126905642,
            260.4169733331528,
            843.4648777512907,
            666.460801547998
        ],
        [
            238.46593048064543,
            470.567742200844,
            304.58168034207176,
            249.96999819978393,
            587.9455757125825,
            623.8541496215281,
            596.7922586629287,
            750.0,
            772.4435254437699,
            600.96755320067,
            936.9551750217297,
            325.63169378916416,
            0,
            710.6229661360517,
            585.8668790774915,
            627.7395956923539,
            322.92568804602706,
            488.1936091347366,
            87.965902484997,
            637.3601807455499,
            139.08630414242805,
            518.6231772684288,
            171.05846953600397,
            688.058863760943,
            537.9758358885648,
            133.0037593453659,
            296.15029967906503,
            219.00913222968578,
            234.08759044426083,
            66.94027188471824,
            560.3079510412109,
            760.4538118781443
        ],
        [
            694.1678471378518,
            751.2423044530972,
            510.4635148568407,
            789.0310513534938,
            523.550379619765,
            88.95504482602433,
            221.99549544979513,
            63.12685640834653,
            84.72307831990054,
            780.9692695618695,
            491.17206760971254,
            923.6389987435567,
            710.6229661360517,
            0,
            141.83441049336372,
            243.4625227832818,
            1031.745123564924,
            319.35246985110354,
            690.6352148565841,
            806.0403215720662,
            709.5421058682847,
            211.6246677492962,
            549.301374474887,
            675.7410746728365,
            320.25770872845516,
            580.1870388073143,
            550.2726596879041,
            621.1505453591745,
            676.4392064332168,
            757.9986807376382,
            278.9874549150911,
            742.854629116626
        ],
        [
            602.3968791419823,
            698.3308671396388,
            369.0121949204389,
            693.6288632979456,
            405.09751912348213,
            89.45389874119518,
            234.24132854814496,
            199.84994370777292,
            223.37636401374252,
            751.3041993759916,
            586.5978179297977,
            825.6706365131316,
            585.8668790774915,
            141.83441049336372,
            0,
            151.01324445226652,
            908.7381360986233,
            280.2159881234474,
            557.991039354576,
            780.8431340544655,
            601.9875413993217,
            153.68148880070106,
            433.5539182154856,
            678.26617194137,
            193.31321734428818,
            459.6194077712559,
            408.6330872555476,
            526.10360196448,
            584.3706015877253,
            638.0195921756635,
            156.34896865665598,
            752.8678502898101
        ],
        [
            694.7380801424376,
            821.1558926294082,
            354.24426600863984,
            779.1328513161283,
            282.7030243913213,
            232.64780248263685,
            385.25316351718647,
            306.1976485866604,
            326.0061349115995,
            886.1201950074268,
            726.0881489185731,
            905.0088397358337,
            627.7395956923539,
            243.4625227832818,
            151.01324445226652,
            0,
            945.653213392732,
            422.0426518730068,
            579.945687112164,
            917.3576183800951,
            674.2966706131657,
            298.1358750637031,
            501.1686342938871,
            824.8248298881405,
            105.47511554864494,
            516.7252654941502,
            386.90825785966365,
            617.571048544214,
            676.9844902211571,
            688.0116278087165,
            69.77105417004962,
            900.6603133257287
        ],
        [
            422.10069888594126,
            601.0565697170275,
            603.918040796928,
            348.78646762740095,
            863.0092699386258,
            944.1615327898081,
            901.2169550113889,
            1068.6351107838448,
            1090.5576555139119,
            730.6579226970716,
            1207.11557027486,
            280.0160709673643,
            322.92568804602706,
            1031.745123564924,
            908.7381360986233,
            945.653213392732,
            0,
            785.1038147913944,
            367.4955782046908,
            760.4426342598106,
            348.8266044899672,
            834.0797323997268,
            483.9855369739885,
            874.7045215385593,
            851.0846021401162,
            451.558412611259,
            583.3369523697261,
            460.87091468219165,
            432.268435118735,
            274.61245419681893,
            876.9857467484862,
            931.5240200875123
        ],
        [
            397.5738925030164,
            432.14465170819824,
            433.7798981050182,
            493.75297467458364,
            613.5706968231126,
            240.63457773146402,
            120.74767078498866,
            326.5470869568431,
            342.8119017770532,
            472.41189654791714,
            459.95217142655173,
            628.2396039728791,
            488.1936091347366,
            319.35246985110354,
            280.2159881234474,
            422.0426518730068,
            785.1038147913944,
            0,
            504.7583580288691,
            501.1237372146723,
            439.1856099646253,
            126.58988901172162,
            318.32373458477764,
            404.4650788387052,
            416.86568580299337,
            359.3341063689891,
            471.128432595614,
            333.66150512158276,
            381.0774199555781,
            515.7130985344468,
            397.59778671416166,
            482.1047603996459
        ],
        [
            317.5531451584128,
            548.0912332814675,
            237.42788378789882,
            337.3499666518436,
            511.1418589785032,
            607.1737807250903,
            603.5668977006609,
            735.6208262413456,
            758.8445163536467,
            675.6330364924439,
            962.5679196815151,
            411.254179310071,
            87.965902484997,
            690.6352148565841,
            557.991039354576,
            579.945687112164,
            367.4955782046908,
            504.7583580288691,
            0,
            712.4507000487824,
            222.84748147555987,
            513.501703989383,
            192.85486771144772,
            748.8664767500279,
            483.7933443113909,
            151.00993344810135,
            221.32555207205516,
            284.4942881676186,
            310.60103026229643,
            150.84097586531323,
            510.76902803517754,
            823.9247538458837
        ],
        [
            399.46213838109867,
            168.86088949191287,
            803.0006226647648,
            426.14199511430456,
            1059.246902284826,
            737.2448711249201,
            584.213146034904,
            794.6873599095434,
            803.644822045162,
            37.12142238654117,
            632.3140042731934,
            486.0452653817337,
            637.3601807455499,
            806.0403215720662,
            780.8431340544655,
            917.3576183800951,
            760.4426342598106,
            501.1237372146723,
            712.4507000487824,
            0,
            501.36713095295744,
            627.5746967493192,
            560.6291109102345,
            185.30245546133486,
            892.2118582489252,
            589.1230771239572,
            825.1769507202681,
            430.61003239590224,
            403.3422864020087,
            606.6176720142597,
            882.3429038644784,
            196.9009903479411
        ],
        [
            102.25947388873072,
            333.3781636520305,
            397.4682377247269,
            121.0784869413225,
            686.1668893206667,
            620.594070226263,
            557.609182133867,
            738.8132375641356,
            759.4023966251357,
            465.4342058766201,
            860.3487664894975,
            231.5534495532295,
            139.08630414242805,
            709.5421058682847,
            601.9875413993217,
            674.2966706131657,
            348.8266044899672,
            439.1856099646253,
            222.84748147555987,
            501.36713095295744,
            0,
            502.2598928841522,
            173.1415605797753,
            566.5792089372853,
            598.1780671338594,
            163.36768346279507,
            400.56210504739465,
            112.89818421923357,
            102.0196059588548,
            108.01851693112623,
            612.1176357531288,
            635.201542819285
        ],
        [
            482.64686883890585,
            551.514279053589,
            383.76034188018957,
            577.741291583006,
            512.7670036186025,
            124.5792920191795,
            113.07077429645557,
            236.57979626333267,
            257.4975728040946,
            598.4947785904235,
            499.484734501466,
            712.5292976432619,
            518.6231772684288,
            211.6246677492962,
            153.68148880070106,
            298.1358750637031,
            834.0797323997268,
            126.58988901172162,
            513.501703989383,
            627.5746967493192,
            502.2598928841522,
            0,
            350.4069063246328,
            526.7152931138415,
            306.0,
            385.7045501416855,
            424.19924563817887,
            410.1914187303289,
            464.96128871122164,
            559.504244845381,
            281.0,
            602.6209422182405
        ],
        [
            211.08529081866408,
            409.59125967237145,
            251.97817365795794,
            282.4075069823747,
            533.6037855937681,
            461.0694090915163,
            425.73465914816006,
            584.6888061182632,
            606.5723369887552,
            523.5885789434295,
            772.0893730650616,
            404.10023509025575,
            171.05846953600397,
            549.301374474887,
            433.5539182154856,
            501.1686342938871,
            483.9855369739885,
            318.32373458477764,
            192.85486771144772,
            560.6291109102345,
            173.1415605797753,
            350.4069063246328,
            0,
            569.5700132556137,
            426.95784335224477,
            42.05948168962618,
            267.73867856549975,
            142.43595051811883,
            195.61697267875303,
            209.40391591371923,
            439.4109693669469,
            647.3275832219728
        ],
        [
            468.2616789787522,
            282.46238687655386,
            783.7761159923158,
            526.2774933435782,
            1008.2345957166913,
            619.1712202614071,
            457.2307951133651,
            653.8539592294292,
            659.096351074712,
            187.04277585621958,
            447.34326864277284,
            617.6803380390216,
            688.058863760943,
            675.7410746728365,
            678.26617194137,
            824.8248298881405,
            874.7045215385593,
            404.4650788387052,
            748.8664767500279,
            185.30245546133486,
            566.5792089372853,
            526.7152931138415,
            569.5700132556137,
            0,
            819.74935193631,
            606.3373648390804,
            813.1777173533471,
            469.0522358970267,
            464.91719692865735,
            674.3292964123684,
            801.9600987580367,
            80.52949770115296
        ],
        [
            630.5933713574858,
            780.3717063041177,
            252.42028444639706,
            709.0620565225586,
            212.60761980700502,
            282.7083302628347,
            410.60077934655703,
            382.90729948644224,
            404.9802464318476,
            858.8783382994358,
            778.6173643067564,
            829.7095877474238,
            537.9758358885648,
            320.25770872845516,
            193.31321734428818,
            105.47511554864494,
            851.0846021401162,
            416.86568580299337,
            483.7933443113909,
            892.2118582489252,
            598.1780671338594,
            306.0,
            426.95784335224477,
            819.74935193631,
            0,
            436.3714014460618,
            283.1766233289747,
            554.5637925432925,
            613.3881316099945,
            600.7104127614238,
            42.15447781671599,
            898.3295609073543
        ],
        [
            221.2057865427575,
            433.3774336533918,
            239.4159560263267,
            280.57262874343246,
            526.4541765434101,
            492.6986908852103,
            464.9397810469652,
            617.9724912971451,
            640.2319892039135,
            552.003623176515,
            814.0006142503825,
            394.0583713106473,
            133.0037593453659,
            580.1870388073143,
            459.6194077712559,
            516.7252654941502,
            451.558412611259,
            359.3341063689891,
            151.00993344810135,
            589.1230771239572,
            163.36768346279507,
            385.7045501416855,
            42.05948168962618,
            606.3373648390804,
            436.3714014460618,
            0,
            249.16059078433733,
            161.8177987738061,
            207.8196333362178,
            178.51890656174209,
            452.4875688900193,
            683.3447153523615
        ],
        [
            470.2393007820593,
            677.2569674798481,
            40.85339643163099,
            521.5841255253077,
            291.7961617293826,
            480.0010416655364,
            533.8857555694851,
            605.5617227005023,
            629.4013028267419,
            788.3558841031123,
            919.2660115548709,
            618.3890361253182,
            296.15029967906503,
            550.2726596879041,
            408.6330872555476,
            386.90825785966365,
            583.3369523697261,
            471.128432595614,
            221.32555207205516,
            825.1769507202681,
            400.56210504739465,
            424.19924563817887,
            267.73867856549975,
            813.1777173533471,
            283.1766233289747,
            249.16059078433733,
            0,
            408.7101662547679,
            456.97483519336157,
            363.0895206419485,
            317.619268936883,
            893.2015450053811
        ],
        [
            77.23341245859852,
            271.8032376554775,
            394.3665807342199,
            168.2676439485619,
            674.9081418978437,
            532.6546723722603,
            453.80392241583803,
            644.7984181122035,
            664.248447495363,
            393.54923453108125,
            747.4610357737719,
            302.49793387724156,
            219.00913222968578,
            621.1505453591745,
            526.10360196448,
            617.571048544214,
            460.87091468219165,
            333.66150512158276,
            284.4942881676186,
            430.61003239590224,
            112.89818421923357,
            410.1914187303289,
            142.43595051811883,
            469.0522358970267,
            554.5637925432925,
            161.8177987738061,
            408.7101662547679,
            0,
            59.413803110051795,
            212.55117030964567,
            561.2931497889494,
            541.8717560456532
        ],
        [
            18.027756377319946,
            237.53947040439402,
            445.58388660273613,
            113.29607230614837,
            729.2002468458167,
            588.3170913716514,
            501.8127140677088,
            697.9233482267232,
            716.8068080033838,
            366.8909919853579,
            776.0412360177776,
            248.36465126905642,
            234.08759044426083,
            676.4392064332168,
            584.3706015877253,
            676.9844902211571,
            432.268435118735,
            381.0774199555781,
            310.60103026229643,
            403.3422864020087,
            102.0196059588548,
            464.96128871122164,
            195.61697267875303,
            464.91719692865735,
            613.3881316099945,
            207.8196333362178,
            456.97483519336157,
            59.413803110051795,
            0,
            210.03809178337153,
            620.5610364823109,
            533.1838332132736
        ],
        [
            209.46837470128995,
            437.93264322267646,
            370.9892181721728,
            198.2523644247402,
            654.8839591866639,
            670.0783536273948,
            629.3647591023825,
            794.0913045739766,
            815.9656855530139,
            571.126080651199,
            953.3372960290602,
            260.4169733331528,
            66.94027188471824,
            757.9986807376382,
            638.0195921756635,
            688.0116278087165,
            274.61245419681893,
            515.7130985344468,
            150.84097586531323,
            606.6176720142597,
            108.01851693112623,
            559.504244845381,
            209.40391591371923,
            674.3292964123684,
            600.7104127614238,
            178.51890656174209,
            363.0895206419485,
            212.55117030964567,
            210.03809178337153,
            0,
            621.4595722973459,
            743.2180030112296
        ],
        [
            638.0854174795095,
            776.9768336314796,
            284.5434940391363,
            719.813864828957,
            249.06424873915563,
            245.65219315121126,
            381.0931644624448,
            341.8259791180302,
            363.67567969277246,
            849.8170391325418,
            742.9293371512529,
            843.4648777512907,
            560.3079510412109,
            278.9874549150911,
            156.34896865665598,
            69.77105417004962,
            876.9857467484862,
            397.59778671416166,
            510.76902803517754,
            882.3429038644784,
            612.1176357531288,
            281.0,
            439.4109693669469,
            801.9600987580367,
            42.15447781671599,
            452.4875688900193,
            317.619268936883,
            561.2931497889494,
            620.5610364823109,
            621.4595722973459,
            0,
            879.673234786645
        ],
        [
            534.9579422721005,
            331.409112729267,
            864.0601830891179,
            585.430610747337,
            1088.2031060422498,
            690.5186456570162,
            527.6675089485801,
            717.0006973497306,
            720.5005204717066,
            213.06337085477645,
            465.4599875392084,
            666.460801547998,
            760.4538118781443,
            742.854629116626,
            752.8678502898101,
            900.6603133257287,
            931.5240200875123,
            482.1047603996459,
            823.9247538458837,
            196.9009903479411,
            635.201542819285,
            602.6209422182405,
            647.3275832219728,
            80.52949770115296,
            898.3295609073543,
            683.3447153523615,
            893.2015450053811,
            541.8717560456532,
            533.1838332132736,
            743.2180030112296,
            879.673234786645,
            0
        ]
    ],
    "incompatibilities": [
        [
            0,
            0,
            0,
            0,
            0,
            0,
            1,
            0,
            0,
            0,
            0,
            1,
            1,
            0,
            1
        ],
        [
            0,
            0,
            0,
            1,
            0,
            1,
            0,
            1,
            1,
            1,
            0,
            1,
            0,
            1,
            0
        ],
        [
            0,
            0,
            0,
            0,
            0,
            1,
            1,
            0,
            1,
            0,
            1,
            1,
            0,
            0,
            1
        ],
        [
            0,
            1,
            0,
            0,
            1,
            0,
            1,
            0,
            0,
            0,
            1,
            1,
            0,
            0,
            1
        ],
        [
            0,
            0,
            0,
            1,
            0,
            0,
            0,
            0,
            1,
            1,
            0,
            1,
            0,
            1,
            1
        ],
        [
            0,
            1,
            1,
            0,
            0,
            0,
            0,
            1,
            0,
            1,
            1,
            1,
            0,
            1,
            1
        ],
        [
            1,
            0,
            1,
            1,
            0,
            0,
            0,
            0,
            0,
            0,
            1,
            1,
            1,
            1,
            1
        ],
        [
            0,
            1,
            0,
            0,
            0,
            1,
            0,
            0,
            0,
            1,
            0,
            0,
            1,
            0,
            0
        ],
        [
            0,
            1,
            1,
            0,
            1,
            0,
            0,
            0,
            0,
            0,
            0,
            0,
            0,
            1,
            1
        ],
        [
            0,
            1,
            0,
            0,
            1,
            1,
            0,
            1,
            0,
            0,
            1,
            0,
            0,
            0,
            1
        ],
        [
            0,
            0,
            1,
            1,
            0,
            1,
            1,
            0,
            0,
            1,
            0,
            1,
            1,
            0,
            1
        ],
        [
            1,
            1,
            1,
            1,
            1,
            1,
            1,
            0,
            0,
            0,
            1,
            0,
            1,
            1,
            0
        ],
        [
            1,
            0,
            0,
            0,
            0,
            0,
            1,
            1,
            0,
            0,
            1,
            1,
            0,
            1,
            1
        ],
        [
            0,
            1,
            0,
            0,
            1,
            1,
            1,
            0,
            1,
            0,
            0,
            1,
            1,
            0,
            1
        ],
        [
            1,
            0,
            1,
            1,
            1,
            1,
            1,
            0,
            1,
            1,
            1,
            0,
            1,
            1,
            0
        ]
    ]
}