{
    "depot": [
        969,
        798
    ],
    "final_destination": [
        863,
        233
    ],
    "requests": [
        [
            [
                790,
                979
            ],
            [
                264,
                77
            ]
        ],
        [
            [
                297,
                854
            ],
            [
                603,
                433
            ]
        ],
        [
            [
                416,
                42
            ],
            [
                787,
                350
            ]
        ],
        [
            [
                571,
                332
            ],
            [
                897,
                525
            ]
        ],
        [
            [
                836,
                111
            ],
            [
                717,
                969
            ]
        ],
        [
            [
                144,
                895
            ],
            [
                786,
                873
            ]
        ],
        [
            [
                188,
                489
            ],
            [
                800,
                964
            ]
        ],
        [
            [
                590,
                970
            ],
            [
                619,
                392
            ]
        ],
        [
            [
                552,
                527
            ],
            [
                119,
                661
            ]
        ],
        [
            [
                308,
                651
            ],
            [
                936,
                620
            ]
        ]
    ],
    "travel_costs": [
        [
            0,
            254.56236956785267,
            674.3292964123684,
            936.6669632265248,
            612.8295032062343,
            699.7556716454679,
            830.6828516347259,
            839.905947115509,
            416.2030754331352,
            497.32283277565284,
            677.1484327678828,
            1008.3977389899286,
            516.895540704309,
            483.5576490967752,
            282.3349075123372,
            304.54063768239536,
            197.7725966861941,
            236.89026995636607,
            536.0373121341461,
            860.9698020255995,
            181.03314613628078,
            574.8573736154038
        ],
        [
            254.56236956785267,
            0,
            508.60003932363196,
            1008.8830457491096,
            683.0592946443229,
            869.2180393894273,
            651.4384084470304,
            776.2113114352302,
            200.20239758804087,
            510.83069602364344,
            583.01629479801,
            1044.1647379604426,
            577.1351661439459,
            629.0071541723512,
            466.4386347634595,
            73.68174807915459,
            106.07544484940897,
            18.027756377319946,
            611.4000327118081,
            742.5395612356286,
            387.55257707825916,
            749.5632061407497
        ],
        [
            674.3292964123684,
            508.60003932363196,
            0,
            820.6735038978655,
            589.5421952668019,
            917.9161181720256,
            158.39823231336896,
            380.9278146840947,
            315.12695854210887,
            414.6733654335663,
            203.29781110479274,
            777.7004564740848,
            520.4584517519145,
            702.9338517954587,
            684.2813748744006,
            435.4595273960601,
            489.36898144447196,
            514.8873663239368,
            563.1411901113255,
            262.5509474368737,
            680.4976120457734,
            840.2362762937578
        ],
        [
            936.6669632265248,
            1008.8830457491096,
            820.6735038978655,
            0,
            328.8236609491476,
            425.63012111456584,
            895.3172622037398,
            501.7897966280303,
            944.171594573783,
            503.7072562510888,
            618.5022231164575,
            155.97756248896826,
            433.4166586553867,
            482.18772278024665,
            681.6524040887701,
            974.643524577063,
            909.6488333417462,
            998.7692426181335,
            404.6096884653159,
            686.563908168788,
            777.485691186661,
            486.09669819903127
        ],
        [
            612.8295032062343,
            683.0592946443229,
            589.5421952668019,
            328.8236609491476,
            0,
            345.059415173677,
            706.6102178712108,
            413.929945763773,
            638.2828526601667,
            195.92345444075858,
            413.4368150032118,
            399.0914682124889,
            105.94810050208545,
            216.7487024182613,
            378.8469347902923,
            653.5174060421037,
            582.1563363908358,
            672.209044866253,
            76.83749084919418,
            559.0572421496746,
            464.9397810469652,
            308.326126041891
        ],
        [
            699.7556716454679,
            869.2180393894273,
            917.9161181720256,
            425.63012111456584,
            345.059415173677,
            0,
            1045.7150663541192,
            750.1919754302895,
            893.5306374154161,
            503.6983224113418,
            755.237710922859,
            573.0095985234453,
            397.45817390009734,
            243.9713097886717,
            418.46983164859085,
            866.2130222987876,
            763.6386580052113,
            853.7593337703548,
            355.0352095215346,
            903.6531414209768,
            518.730180344271,
            124.95199078045937
        ],
        [
            830.6828516347259,
            651.4384084470304,
            158.39823231336896,
            895.3172622037398,
            706.6102178712108,
            1045.7150663541192,
            0,
            408.3772765470674,
            452.2620921545382,
            549.4433546781688,
            293.9931972002073,
            826.7551027964689,
            651.2488003827724,
            842.8961976423906,
            838.9928485988423,
            577.7586001090767,
            642.3768364441545,
            659.6188293249368,
            691.833795069307,
            235.33168082517065,
            838.3847565408141,
            977.3458957810177
        ],
        [
            839.905947115509,
            776.2113114352302,
            380.9278146840947,
            501.7897966280303,
            413.929945763773,
            750.1919754302895,
            408.3772765470674,
            0,
            626.8692048585574,
            365.97814142377405,
            201.6035713969373,
            418.9510711288372,
            418.76126850509945,
            614.9162544607192,
            709.9133749972597,
            714.3115566753768,
            710.6757347764168,
            774.7057505917974,
            441.78048847815813,
            185.32404053441098,
            759.3846192806383,
            721.9148149193228
        ],
        [
            416.2030754331352,
            200.20239758804087,
            315.12695854210887,
            944.171594573783,
            638.2828526601667,
            893.5306374154161,
            452.2620921545382,
            626.8692048585574,
            0,
            444.6268098079557,
            425.77576257931827,
            950.6445182085678,
            537.1573326316974,
            650.5451560037935,
            540.6237138713025,
            127.00393694685216,
            218.68927728629035,
            210.08569680013917,
            578.7270513808733,
            563.3134118765503,
            492.15444730287663,
            785.9376565606206
        ],
        [
            497.32283277565284,
            510.83069602364344,
            414.6733654335663,
            503.7072562510888,
            195.92345444075858,
            503.6983224113418,
            549.4433546781688,
            365.97814142377405,
            444.6268098079557,
            0,
            273.70056631289606,
            534.2695948676098,
            106.94391053257777,
            294.2006118280518,
            345.0057970527452,
            471.7933869820559,
            417.6984558266885,
            502.4669143336703,
            150.71164520368026,
            453.2604108015612,
            395.1012528453941,
            427.96845678157166
        ],
        [
            677.1484327678828,
            583.01629479801,
            203.29781110479274,
            618.5022231164575,
            413.4368150032118,
            755.237710922859,
            293.9931972002073,
            201.6035713969373,
            425.77576257931827,
            273.70056631289606,
            0,
            575.6839410648868,
            366.809214715225,
            565.7225468372283,
            602.3263235157501,
            518.0781794285492,
            527.0370005986297,
            583.123486064487,
            404.7245977204746,
            189.2643653728826,
            628.7646618568826,
            694.8014104764037
        ],
        [
            1008.3977389899286,
            1044.1647379604426,
            777.7004564740848,
            155.97756248896826,
            399.0914682124889,
            573.0095985234453,
            826.7551027964689,
            418.9510711288372,
            950.6445182085678,
            534.2695948676098,
            575.6839410648868,
            0,
            491.5862081059638,
            589.9644057059714,
            775.4953255823016,
            1000.436404775436,
            951.8928511129811,
            1036.371072541105,
            474.60509900337144,
            601.7316677722721,
            863.9635408974156,
            618.9806135897957
        ],
        [
            516.895540704309,
            577.1351661439459,
            520.4584517519145,
            433.4166586553867,
            105.94810050208545,
            397.45817390009734,
            651.2488003827724,
            418.76126850509945,
            537.1573326316974,
            106.94391053257777,
            366.809214715225,
            491.5862081059638,
            0,
            201.8539075668341,
            308.05843601498725,
            547.9890509855102,
            476.5385608741437,
            566.3656063003826,
            44.011362169330766,
            535.0140185079266,
            381.91360279518716,
            328.0243893371345
        ],
        [
            483.5576490967752,
            629.0071541723512,
            702.9338517954587,
            482.18772278024665,
            216.7487024182613,
            243.9713097886717,
            842.8961976423906,
            614.9162544607192,
            650.5451560037935,
            294.2006118280518,
            565.7225468372283,
            589.9644057059714,
            201.8539075668341,
            0,
            206.70026608594387,
            622.9454229705842,
            523.0009560220707,
            614.1376067299575,
            173.17043627594174,
            736.8480168935789,
            308.3845002590111,
            139.51702405083046
        ],
        [
            282.3349075123372,
            466.4386347634595,
            684.2813748744006,
            681.6524040887701,
            378.8469347902923,
            418.46983164859085,
            838.9928485988423,
            709.9133749972597,
            540.6237138713025,
            345.0057970527452,
            602.3263235157501,
            775.4953255823016,
            308.05843601498725,
            206.70026608594387,
            0,
            479.0991546642511,
            365.27386985657756,
            449.58870092563495,
            308.1768972522113,
            789.7974423863374,
            102.69371937952194,
            293.97278785629123
        ],
        [
            304.54063768239536,
            73.68174807915459,
            435.4595273960601,
            974.643524577063,
            653.5174060421037,
            866.2130222987876,
            577.7586001090767,
            714.3115566753768,
            127.00393694685216,
            471.7933869820559,
            518.0781794285492,
            1000.436404775436,
            547.9890509855102,
            622.9454229705842,
            479.0991546642511,
            0,
            118.22436297142819,
            83.15046602394963,
            585.2631886595979,
            672.6574165204751,
            412.0218440811118,
            750.3412556963665
        ],
        [
            197.7725966861941,
            106.07544484940897,
            489.36898144447196,
            909.6488333417462,
            582.1563363908358,
            763.6386580052113,
            642.3768364441545,
            710.6757347764168,
            218.68927728629035,
            417.6984558266885,
            527.0370005986297,
            951.8928511129811,
            476.5385608741437,
            523.0009560220707,
            365.27386985657756,
            118.22436297142819,
            0,
            92.07062506576133,
            509.16598472403865,
            699.8807041203522,
            294.12412345810736,
            644.615389205067
        ],
        [
            236.89026995636607,
            18.027756377319946,
            514.8873663239368,
            998.7692426181335,
            672.209044866253,
            853.7593337703548,
            659.6188293249368,
            774.7057505917974,
            210.08569680013917,
            502.4669143336703,
            583.123486064487,
            1036.371072541105,
            566.3656063003826,
            614.1376067299575,
            449.58870092563495,
            83.15046602394963,
            92.07062506576133,
            0,
            599.9541649159543,
            745.3656820648506,
            369.9080966943005,
            733.7097518774028
        ],
        [
            536.0373121341461,
            611.4000327118081,
            563.1411901113255,
            404.6096884653159,
            76.83749084919418,
            355.0352095215346,
            691.833795069307,
            441.78048847815813,
            578.7270513808733,
            150.71164520368026,
            404.7245977204746,
            474.60509900337144,
            44.011362169330766,
            173.17043627594174,
            308.1768972522113,
            585.2631886595979,
            509.16598472403865,
            599.9541649159543,
            0,
            567.768438714235,
            390.47791230746975,
            291.2335832283083
        ],
        [
            860.9698020255995,
            742.5395612356286,
            262.5509474368737,
            686.563908168788,
            559.0572421496746,
            903.6531414209768,
            235.33168082517065,
            185.32404053441098,
            563.3134118765503,
            453.2604108015612,
            189.2643653728826,
            601.7316677722721,
            535.0140185079266,
            736.8480168935789,
            789.7974423863374,
            672.6574165204751,
            699.8807041203522,
            745.3656820648506,
            567.768438714235,
            0,
            818.0281168761865,
            858.3239481687551
        ],
        [
            181.03314613628078,
            387.55257707825916,
            680.4976120457734,
            777.485691186661,
            464.9397810469652,
            518.730180344271,
            838.3847565408141,
            759.3846192806383,
            492.15444730287663,
            395.1012528453941,
            628.7646618568826,
            863.9635408974156,
            381.91360279518716,
            308.3845002590111,
            102.69371937952194,
            412.0218440811118,
            294.12412345810736,
            369.9080966943005,
            390.47791230746975,
            818.0281168761865,
            0,
            393.824834158538
        ],
        [
            574.8573736154038,
            749.5632061407497,
            840.2362762937578,
            486.09669819903127,
            308.326126041891,
            124.95199078045937,
            977.3458957810177,
            721.9148149193228,
            785.9376565606206,
            427.96845678157166,
            694.8014104764037,
            618.9806135897957,
            328.0243893371345,
            139.51702405083046,
            293.97278785629123,
            750.3412556963665,
            644.615389205067,
            733.7097518774028,
            291.2335832283083,
            858.3239481687551,
            393.824834158538,
            0
        ]
    ]
}