{
    "depot": [
        913,
        966
    ],
    "final_destination": [
        323,
        192
    ],
    "requests": [
        [
            [
                258,
                13
            ],
            [
                114,
                707
            ]
        ],
        [
            [
                312,
                599
            ],
            [
                570,
                877
            ]
        ],
        [
            [
                138,
                69
            ],
            [
                694,
                111
            ]
        ],
        [
            [
                647,
                607
            ],
            [
                250,
                551
            ]
        ],
        [
            [
                386,
                442
            ],
            [
                156,
                599
            ]
        ],
        [
            [
                236,
                247
            ],
            [
                88,
                467
            ]
        ],
        [
            [
                494,
                609
            ],
            [
                4,
                369
            ]
        ],
        [
            [
                596,
                939
            ],
            [
                947,
                693
            ]
        ],
        [
            [
                226,
                52
            ],
            [
                218,
                119
            ]
        ],
        [
            [
                360,
                867
            ],
            [
                985,
                389
            ]
        ]
    ],
    "travel_costs": [
        [
            0,
            1156.388343075111,
            704.194575383821,
            1185.4256619459527,
            446.8075648419574,
            743.1722545951242,
            987.5677191970179,
            550.4634411112149,
            318.1477644114445,
            1143.4006297007186,
            561.7917763727055,
            839.9297589679745,
            354.3585754571208,
            882.6018354841553,
            782.1726152199399,
            841.2716564820189,
            964.1711466332105,
            1087.5155171306753,
            275.109069279804,
            1095.6431900942935,
            581.4748489831697,
            973.2296748455628
        ],
        [
            1156.388343075111,
            0,
            588.4827949906437,
            132.4235628579748,
            710.040139710425,
            447.6885077819175,
            235.03191272676145,
            641.0241805111567,
            985.7585911367955,
            50.44799302251775,
            860.0697646121505,
            708.7820539488848,
            918.6076420322227,
            446.87805943008664,
            538.0594762663325,
            594.810894318522,
            484.78448820068485,
            437.32367875522124,
            968.0501020091883,
            113.29607230614837,
            818.4772446439791,
            190.43634106966036
        ],
        [
            704.194575383821,
            588.4827949906437,
            0,
            557.8315157823193,
            335.0955087732451,
            173.5655495770978,
            360.11109396962485,
            182.27451824103116,
            443.0079006067499,
            553.7192429381519,
            272.26457720386617,
            225.53935355055003,
            379.2729887561201,
            619.7322002284535,
            78.40918313565064,
            156.0,
            260.0,
            384.4008324652796,
            641.9197769192034,
            489.11757277775257,
            705.0028368737248,
            407.14862151307847
        ],
        [
            1185.4256619459527,
            132.4235628579748,
            557.8315157823193,
            0,
            740.6247362868729,
            447.9207519193546,
            203.19448811422023,
            646.7889918667447,
            983.1907241222325,
            89.62700485902673,
            828.3042919120967,
            638.4512510756009,
            916.2357775158096,
            557.584074378026,
            494.84138872976257,
            530.3055722882799,
            401.1284083681932,
            328.5665838152139,
            1021.6932024830154,
            94.33981132056603,
            905.4330455643864,
            222.15760171553885
        ],
        [
            446.8075648419574,
            710.040139710425,
            335.0955087732451,
            740.6247362868729,
            0,
            308.7814761283455,
            546.3707532436194,
            153.01307133705933,
            335.8943286213687,
            696.6103645510881,
            387.25831172487443,
            542.299732620255,
            280.7650263120391,
            498.2218381404011,
            400.93016848324095,
            491.06516879127156,
            576.2646961249666,
            685.6332839062001,
            312.08332220738737,
            649.7576471269884,
            402.2039283746493,
            526.4988129141414
        ],
        [
            743.1722545951242,
            447.6885077819175,
            173.5655495770978,
            447.9207519193546,
            308.7814761283455,
            0,
            246.01829200285087,
            198.87936041731427,
            539.5451788312079,
            421.54477816715985,
            425.7945513977369,
            379.74860105074777,
            472.31451385702735,
            452.13382974513195,
            174.28998823799375,
            278.4762108331697,
            299.0468190768797,
            388.9125865795552,
            614.5909208571178,
            364.0782882842645,
            601.3401699537459,
            257.815825736125
        ],
        [
            987.5677191970179,
            235.03191272676145,
            360.11109396962485,
            203.19448811422023,
            546.3707532436194,
            246.01829200285087,
            0,
            444.53121375219536,
            780.0410245621702,
            195.25624189766637,
            632.2784196855054,
            475.9033515326405,
            713.0610072076581,
            477.76563292057745,
            304.3221976787102,
            360.97645352571124,
            265.1490147068248,
            262.1221089492453,
            839.3074526060161,
            129.2594290564522,
            762.3417868646583,
            102.92715870944849
        ],
        [
            550.4634411112149,
            641.0241805111567,
            182.27451824103116,
            646.7889918667447,
            153.01307133705933,
            198.87936041731427,
            444.53121375219536,
            0,
            345.40411115098215,
            618.1205384065473,
            290.7232360854564,
            392.4334338457925,
            278.5677655436824,
            536.6600413669719,
            250.79872407968904,
            338.1478966369597,
            430.11626335213134,
            545.6189146281496,
            460.72225906721724,
            562.3842103046635,
            538.0343855182492,
            450.69945640082597
        ],
        [
            318.1477644114445,
            985.7585911367955,
            443.0079006067499,
            983.1907241222325,
            335.8943286213687,
            539.5451788312079,
            780.0410245621702,
            345.40411115098215,
            0,
            961.0770000369378,
            246.7387282126582,
            534.9280325426963,
            67.23094525588645,
            833.7793473095863,
            519.8653671865438,
            556.0575509783138,
            693.4320442552391,
            821.8053297466499,
            428.6222112770172,
            902.9307836152226,
            673.6623783468987,
            795.3225760658377
        ],
        [
            1143.4006297007186,
            50.44799302251775,
            553.7192429381519,
            89.62700485902673,
            696.6103645510881,
            421.54477816715985,
            195.25624189766637,
            618.1205384065473,
            961.0770000369378,
            0,
            825.9424919448085,
            664.5065838650509,
            893.846183635641,
            471.7043565624553,
            499.5768209194657,
            551.4607873638887,
            437.343114728013,
            387.0051679241506,
            964.7393430352056,
            67.47592163134935,
            830.451684326066,
            170.32028651925174
        ],
        [
            561.7917763727055,
            860.0697646121505,
            272.26457720386617,
            828.3042919120967,
            387.25831172487443,
            425.7945513977369,
            632.2784196855054,
            290.7232360854564,
            246.7387282126582,
            825.9424919448085,
            0,
            293.45527768298865,
            210.23796041628637,
            826.4937991297938,
            334.5982665824795,
            336.8085509603341,
            483.7189266505912,
            612.1601097752123,
            612.2458656454937,
            761.3593107068435,
            786.8347984170501,
            676.0133134783664
        ],
        [
            839.9297589679745,
            708.7820539488848,
            225.53935355055003,
            638.4512510756009,
            542.299732620255,
            379.74860105074777,
            475.9033515326405,
            392.4334338457925,
            534.9280325426963,
            664.5065838650509,
            293.45527768298865,
            0,
            486.6579907902469,
            831.6345351174397,
            206.95893312442445,
            115.8792474949678,
            241.40422531513406,
            355.4490118146342,
            833.1176387521753,
            597.1264522695338,
            927.2351373842558,
            555.7931269816136
        ],
        [
            354.3585754571208,
            918.6076420322227,
            379.2729887561201,
            916.2357775158096,
            280.7650263120391,
            472.31451385702735,
            713.0610072076581,
            278.5677655436824,
            67.23094525588645,
            893.846183635641,
            210.23796041628637,
            486.6579907902469,
            0,
            775.9716489666359,
            456.8106828873423,
            498.6782529848279,
            632.7906446843222,
            760.5392823516745,
            419.505661463585,
            835.7439799364397,
            640.6004995314943,
            728.1716830528361
        ],
        [
            882.6018354841553,
            446.87805943008664,
            619.7322002284535,
            557.584074378026,
            498.2218381404011,
            452.13382974513195,
            477.76563292057745,
            536.6600413669719,
            833.7793473095863,
            471.7043565624553,
            826.4937991297938,
            831.6345351174397,
            775.9716489666359,
            0,
            625.0887936925442,
            726.3525314886705,
            702.8314164862012,
            736.6573151744303,
            634.6124801798338,
            476.0672221441001,
            402.44875450173777,
            379.73938431508526
        ],
        [
            782.1726152199399,
            538.0594762663325,
            78.40918313565064,
            494.84138872976257,
            400.93016848324095,
            174.28998823799375,
            304.3221976787102,
            250.79872407968904,
            519.8653671865438,
            499.5768209194657,
            334.5982665824795,
            206.95893312442445,
            456.8106828873423,
            625.0887936925442,
            0,
            105.54619841567009,
            182.4828759089466,
            306.00653587791226,
            711.3177911454204,
            433.1835638617883,
            752.6413488508321,
            366.3468302032924
        ],
        [
            841.2716564820189,
            594.810894318522,
            156.0,
            530.3055722882799,
            491.06516879127156,
            278.4762108331697,
            360.97645352571124,
            338.1478966369597,
            556.0575509783138,
            551.4607873638887,
            336.8085509603341,
            115.8792474949678,
            498.6782529848279,
            726.3525314886705,
            105.54619841567009,
            0,
            148.48568954616468,
            275.68822970885066,
            796.5657537203066,
            483.98760314702275,
            855.1847753555953,
            439.92953981291146
        ],
        [
            964.1711466332105,
            484.78448820068485,
            260.0,
            401.1284083681932,
            576.2646961249666,
            299.0468190768797,
            265.1490147068248,
            430.11626335213134,
            693.4320442552391,
            437.343114728013,
            483.7189266505912,
            241.40422531513406,
            632.7906446843222,
            702.8314164862012,
            182.4828759089466,
            148.48568954616468,
            0,
            129.07362240210043,
            888.2325146041435,
            371.4888962001421,
            900.3849176879854,
            361.7319449537184
        ],
        [
            1087.5155171306753,
            437.32367875522124,
            384.4008324652796,
            328.5665838152139,
            685.6332839062001,
            388.9125865795552,
            262.1221089492453,
            545.6189146281496,
            821.8053297466499,
            387.0051679241506,
            612.1601097752123,
            355.4490118146342,
            760.5392823516745,
            736.6573151744303,
            306.00653587791226,
            275.68822970885066,
            129.07362240210043,
            0,
            997.1083190907596,
            329.083576010715,
            981.2038524180384,
            364.8150216205467
        ],
        [
            275.109069279804,
            968.0501020091883,
            641.9197769192034,
            1021.6932024830154,
            312.08332220738737,
            614.5909208571178,
            839.3074526060161,
            460.72225906721724,
            428.6222112770172,
            964.7393430352056,
            612.2458656454937,
            833.1176387521753,
            419.505661463585,
            634.6124801798338,
            711.3177911454204,
            796.5657537203066,
            888.2325146041435,
            997.1083190907596,
            0,
            927.8561310892977,
            306.36579443534487,
            800.2355903107534
        ],
        [
            1095.6431900942935,
            113.29607230614837,
            489.11757277775257,
            94.33981132056603,
            649.7576471269884,
            364.0782882842645,
            129.2594290564522,
            562.3842103046635,
            902.9307836152226,
            67.47592163134935,
            761.3593107068435,
            597.1264522695338,
            835.7439799364397,
            476.0672221441001,
            433.1835638617883,
            483.98760314702275,
            371.4888962001421,
            329.083576010715,
            927.8561310892977,
            0,
            813.1352900963037,
            127.88275880665071
        ],
        [
            581.4748489831697,
            818.4772446439791,
            705.0028368737248,
            905.4330455643864,
            402.2039283746493,
            601.3401699537459,
            762.3417868646583,
            538.0343855182492,
            673.6623783468987,
            830.451684326066,
            786.8347984170501,
            927.2351373842558,
            640.6004995314943,
            402.44875450173777,
            752.6413488508321,
            855.1847753555953,
            900.3849176879854,
            981.2038524180384,
            306.36579443534487,
            813.1352900963037,
            0,
            690.6902344756294
        ],
        [
            973.2296748455628,
            190.43634106966036,
            407.14862151307847,
            222.15760171553885,
            526.4988129141414,
            257.815825736125,
            102.92715870944849,
            450.69945640082597,
            795.3225760658377,
            170.32028651925174,
            676.0133134783664,
            555.7931269816136,
            728.1716830528361,
            379.73938431508526,
            366.3468302032924,
            439.92953981291146,
            361.7319449537184,
            364.8150216205467,
            800.2355903107534,
            127.88275880665071,
            690.6902344756294,
            0
        ]
    ]
}