{
    "depot": [
        277,
        186
    ],
    "final_destination": [
        269,
        658
    ],
    "requests": [
        [
            [
                698,
                17
            ],
            [
                256,
                930
            ]
        ],
        [
            [
                799,
                716
            ],
            [
                402,
                75
            ]
        ],
        [
            [
                376,
                772
            ],
            [
                560,
                454
            ]
        ],
        [
            [
                283,
                244
            ],
            [
                413,
                722
            ]
        ],
        [
            [
                892,
                957
            ],
            [
                496,
                49
            ]
        ],
        [
            [
                648,
                671
            ],
            [
                555,
                191
            ]
        ],
        [
            [
                119,
                144
            ],
            [
                307,
                658
            ]
        ],
        [
            [
                362,
                767
            ],
            [
                298,
                810
            ]
        ],
        [
            [
                725,
                29
            ],
            [
                661,
                545
            ]
        ],
        [
            [
                305,
                691
            ],
            [
                321,
                466
            ]
        ]
    ],
    "travel_costs": [
        [
            0,
            453.65405321676565,
            743.8978424488137,
            594.3037943678299,
            58.309518948453,
            986.2383079154855,
            610.6275460540575,
            163.48700254148645,
            587.1848090678096,
            474.7135978671771,
            505.77564195995046,
            744.2963119618422,
            167.17057157286985,
            389.76018267647606,
            552.9846290811346,
            258.3215051055564,
            278.044960393099,
            472.95242889745265,
            624.3532653874729,
            525.6776578855145,
            283.43605980891,
            472.0677917418218
        ],
        [
            453.65405321676565,
            0,
            706.2591592326431,
            820.7977826480771,
            473.02642632309664,
            959.8103979432605,
            655.9085302082905,
            592.7647088010553,
            821.8247988470534,
            29.546573405388315,
            780.2083055184685,
            1014.3633471296172,
            301.6289110811495,
            458.2717534389393,
            760.4275113381946,
            204.51894777746145,
            225.22211259110418,
            750.8408619674344,
            888.1717176312249,
            529.2948138797507,
            586.2849136725249,
            771.3118694795251
        ],
        [
            743.8978424488137,
            706.2591592326431,
            0,
            426.6907545283821,
            699.3139495248182,
            258.32150510555635,
            157.56268593801008,
            888.585392632582,
            439.9659077701362,
            690.9739503049301,
            494.63218657907817,
            583.6480103624101,
            753.9827584235597,
            354.6336137480484,
            386.04662930791153,
            732.5967512895481,
            578.9309112493476,
            495.406903464213,
            509.7420916502776,
            219.73848092675985,
            539.4293280866364,
            533.1641398293775
        ],
        [
            594.3037943678299,
            820.7977826480771,
            426.6907545283821,
            0,
            536.1277832755918,
            548.1614725607775,
            290.1465147128257,
            678.5521350640641,
            14.866068747318506,
            820.8836701993773,
            107.71258050942795,
            198.40362899906847,
            697.4847668587464,
            367.396243856684,
            62.20128616033595,
            732.8908513550978,
            607.9490110198387,
            133.25539388707688,
            86.76404785393545,
            364.3542232498479,
            310.90352201285856,
            156.348968656656
        ],
        [
            58.309518948453,
            473.02642632309664,
            699.3139495248182,
            536.1277832755918,
            0,
            937.683315410912,
            561.7419336314497,
            192.08331525668748,
            528.9328879924182,
            491.51703937910435,
            447.54105956884,
            686.5311354920475,
            206.69300907384363,
            347.60466049810094,
            495.3624935337757,
            288.7801932266131,
            277.1154993860863,
            414.6950686950593,
            566.1987283631075,
            483.2028559518248,
            225.22877258467668,
            414.23664734062345
        ],
        [
            986.2383079154855,
            959.8103979432605,
            258.32150510555635,
            548.1614725607775,
            937.683315410912,
            0,
            375.9414848084739,
            1121.8279725519417,
            563.0275304103699,
            942.9066761880521,
            644.4571358903554,
            636.5728552176884,
            1008.971753816726,
            602.6881448975083,
            533.5410012360812,
            990.595780326163,
            836.8542286443918,
            656.9824959616503,
            611.9191123016178,
            472.3399199728941,
            753.0750294625363,
            691.0354549514807
        ],
        [
            610.6275460540575,
            655.9085302082905,
            157.56268593801008,
            290.1465147128257,
            561.7419336314497,
            375.9414848084739,
            0,
            746.7061001491818,
            301.6819517306264,
            646.6011135158986,
            343.582595601116,
            469.83507744739535,
            644.7728282116113,
            234.1644721130855,
            240.47037239543667,
            640.3030532490064,
            488.9263748254946,
            341.2477106150311,
            376.59129039317946,
            126.66885963013958,
            385.9455920204298,
            379.22288960451743
        ],
        [
            163.48700254148645,
            592.7647088010553,
            888.585392632582,
            678.5521350640641,
            192.08331525668748,
            1121.8279725519417,
            746.7061001491818,
            0,
            668.7136906030861,
            616.8152073352278,
            577.7586001090767,
            797.8502365732556,
            291.29023327259017,
            539.0556557536523,
            648.4751344500419,
            388.7852877874882,
            438.525939939703,
            547.3024757846433,
            689.6354109237722,
            674.214357604464,
            380.11577183800205,
            535.4400059763932
        ],
        [
            587.1848090678096,
            821.8247988470534,
            439.9659077701362,
            14.866068747318506,
            528.9328879924182,
            563.0275304103699,
            301.6819517306264,
            668.7136906030861,
            0,
            822.4433111163346,
            95.0,
            194.4350791395421,
            693.1551052975084,
            370.36873518157546,
            68.0147042925278,
            730.3971522397934,
            607.4742792909013,
            122.09013064126029,
            77.10382610480494,
            372.4043501357093,
            303.7795253140014,
            143.28293687665675
        ],
        [
            474.7135978671771,
            29.546573405388315,
            690.9739503049301,
            820.8836701993773,
            491.51703937910435,
            942.9066761880521,
            646.6011135158986,
            616.8152073352278,
            822.4433111163346,
            0,
            783.9923469014223,
            1015.756860670899,
            326.2590994899606,
            455.90569200219466,
            759.9953947228892,
            229.87170334775874,
            234.82759633399135,
            755.2251319970754,
            890.1067351728107,
            519.9538441054167,
            595.1344385934997,
            776.9021817449093
        ],
        [
            505.77564195995046,
            780.2083055184685,
            494.63218657907817,
            107.71258050942795,
            447.54105956884,
            644.4571358903554,
            343.582595601116,
            577.7586001090767,
            95.0,
            783.9923469014223,
            0,
            243.9713097886717,
            623.5904104458309,
            348.1292863290878,
            112.36102527122117,
            669.8096744598423,
            559.0169943749474,
            33.060550509633075,
            119.20570456148481,
            384.77525907989457,
            225.5681715136247,
            48.83646178829912
        ],
        [
            744.2963119618422,
            1014.3633471296172,
            583.6480103624101,
            198.40362899906847,
            686.5311354920475,
            636.5728552176884,
            469.83507744739535,
            797.8502365732556,
            194.4350791395421,
            1015.756860670899,
            243.9713097886717,
            0,
            867.3759277268422,
            564.7937676709969,
            260.6012279326404,
            913.1051418100766,
            797.1963371717158,
            276.739950133695,
            127.13772060250254,
            558.7933428379404,
            468.5306820262682,
            272.31048455760936
        ],
        [
            167.17057157286985,
            301.6289110811495,
            753.9827584235597,
            697.4847668587464,
            206.69300907384363,
            1008.971753816726,
            644.7728282116113,
            291.29023327259017,
            693.1551052975084,
            326.2590994899606,
            623.5904104458309,
            867.3759277268422,
            0,
            410.6153918206184,
            647.0935017445315,
            97.52948272189288,
            192.00260414900626,
            590.6894277029173,
            742.3213589814051,
            536.6386121031545,
            399.3018908044388,
            597.9782604744089
        ],
        [
            389.76018267647606,
            458.2717534389393,
            354.6336137480484,
            367.396243856684,
            347.60466049810094,
            602.6881448975083,
            234.1644721130855,
            539.0556557536523,
            370.36873518157546,
            455.90569200219466,
            348.1292863290878,
            564.7937676709969,
            410.6153918206184,
            0,
            305.6681206799296,
            410.02560895631876,
            263.04752422328556,
            325.0,
            442.01809917694544,
            135.94851966829208,
            239.30106560565085,
            355.38289210371397
        ],
        [
            552.9846290811346,
            760.4275113381946,
            386.04662930791153,
            62.20128616033595,
            495.3624935337757,
            533.5410012360812,
            240.47037239543667,
            648.4751344500419,
            68.0147042925278,
            759.9953947228892,
            112.36102527122117,
            260.6012279326404,
            647.0935017445315,
            305.6681206799296,
            0,
            678.0988128584211,
            549.6589851899084,
            123.82245353731285,
            144.80676779764127,
            304.6850833237492,
            272.02941017470886,
            157.58172482873766
        ],
        [
            258.3215051055564,
            204.51894777746145,
            732.5967512895481,
            732.8908513550978,
            288.7801932266131,
            990.595780326163,
            640.3030532490064,
            388.7852877874882,
            730.3971522397934,
            229.87170334775874,
            669.8096744598423,
            913.1051418100766,
            97.52948272189288,
            410.02560895631876,
            678.0988128584211,
            0,
            153.76930773076924,
            637.6535109289371,
            786.3364419890509,
            522.7245928785061,
            452.23224122125566,
            649.9307655435308
        ],
        [
            278.044960393099,
            225.22211259110418,
            578.9309112493476,
            607.9490110198387,
            277.1154993860863,
            836.8542286443918,
            488.9263748254946,
            438.525939939703,
            607.4742792909013,
            234.82759633399135,
            559.0169943749474,
            797.1963371717158,
            192.00260414900626,
            263.04752422328556,
            549.6589851899084,
            153.76930773076924,
            0,
            528.7655435067607,
            670.2313033572813,
            369.52943049234926,
            361.08309293014537,
            547.6175672857838
        ],
        [
            472.95242889745265,
            750.8408619674344,
            495.406903464213,
            133.25539388707688,
            414.6950686950593,
            656.9824959616503,
            341.2477106150311,
            547.3024757846433,
            122.09013064126029,
            755.2251319970754,
            33.060550509633075,
            276.739950133695,
            590.6894277029173,
            325.0,
            123.82245353731285,
            637.6535109289371,
            528.7655435067607,
            0,
            152.26621424334422,
            371.59790096285525,
            192.50974001333026,
            38.0
        ],
        [
            624.3532653874729,
            888.1717176312249,
            509.7420916502776,
            86.76404785393545,
            566.1987283631075,
            611.9191123016178,
            376.59129039317946,
            689.6354109237722,
            77.10382610480494,
            890.1067351728107,
            119.20570456148481,
            127.13772060250254,
            742.3213589814051,
            442.01809917694544,
            144.80676779764127,
            786.3364419890509,
            670.2313033572813,
            152.26621424334422,
            0,
            449.4374261229254,
            344.7680379617577,
            154.74172029546523
        ],
        [
            525.6776578855145,
            529.2948138797507,
            219.73848092675985,
            364.3542232498479,
            483.2028559518248,
            472.3399199728941,
            126.66885963013958,
            674.214357604464,
            372.4043501357093,
            519.9538441054167,
            384.77525907989457,
            558.7933428379404,
            536.6386121031545,
            135.94851966829208,
            304.6850833237492,
            522.7245928785061,
            369.52943049234926,
            371.59790096285525,
            449.4374261229254,
            0,
            349.05730188609436,
            407.962008035062
        ],
        [
            283.43605980891,
            586.2849136725249,
            539.4293280866364,
            310.90352201285856,
            225.22877258467668,
            753.0750294625363,
            385.9455920204298,
            380.11577183800205,
            303.7795253140014,
            595.1344385934997,
            225.5681715136247,
            468.5306820262682,
            399.3018908044388,
            239.30106560565085,
            272.02941017470886,
            452.23224122125566,
            361.08309293014537,
            192.50974001333026,
            344.7680379617577,
            349.05730188609436,
            0,
            198.9170681465017
        ],
        [
            472.0677917418218,
            771.3118694795251,
            533.1641398293775,
            156.348968656656,
            414.23664734062345,
            691.0354549514807,
            379.22288960451743,
            535.4400059763932,
            143.28293687665675,
            776.9021817449093,
            48.83646178829912,
            272.31048455760936,
            597.9782604744089,
            355.38289210371397,
            157.58172482873766,
            649.9307655435308,
            547.6175672857838,
            38.0,
            154.74172029546523,
            407.962008035062,
            198.9170681465017,
            0
        ]
    ]
}