{
    "depot": [
        379,
        270
    ],
    "final_destination": [
        913,
        670
    ],
    "requests": [
        [
            [
                489,
                493
            ],
            [
                623,
                579
            ]
        ],
        [
            [
                229,
                161
            ],
            [
                558,
                121
            ]
        ],
        [
            [
                270,
                620
            ],
            [
                68,
                951
            ]
        ],
        [
            [
                240,
                400
            ],
            [
                347,
                803
            ]
        ],
        [
            [
                401,
                97
            ],
            [
                473,
                874
            ]
        ],
        [
            [
                483,
                321
            ],
            [
                738,
                916
            ]
        ],
        [
            [
                967,
                430
            ],
            [
                978,
                49
            ]
        ],
        [
            [
                790,
                291
            ],
            [
                109,
                811
            ]
        ],
        [
            [
                915,
                408
            ],
            [
                344,
                169
            ]
        ],
        [
            [
                194,
                717
            ],
            [
                80,
                642
            ]
        ]
    ],
    "travel_costs": [
        [
            0,
            248.65437860612872,
            185.42114226808118,
            366.5801413060997,
            190.31815467789718,
            174.39323381370048,
            115.83177456984764,
            609.3800127998949,
            411.5361466505707,
            553.4799002673901,
            483.7706067962377,
            393.7219831302286,
            232.89911979223965,
            748.6534578828845,
            533.9597363097707,
            611.2708074168108,
            739.0514190501227,
            638.4684800364071,
            604.6329465055638,
            106.89246933250256,
            477.2682683774399,
            667.2001199040659
        ],
        [
            248.65437860612872,
            0,
            421.6918306061904,
            253.1600284405103,
            265.8006772000403,
            405.6599561208871,
            172.1046193453273,
            482.1337988567074,
            362.49827585796874,
            434.39728360108325,
            370.40653341970085,
            159.22311389996116,
            378.34508058120696,
            622.0972592770362,
            340.97507240266117,
            381.3358100152672,
            490.8462080937368,
            660.4975397380372,
            495.5037840420596,
            354.96619557360674,
            435.2953020651613,
            459.46164148925425
        ],
        [
            185.42114226808118,
            421.6918306061904,
            0,
            460.82751653954,
            239.25300416086733,
            183.52111595127138,
            300.1932710771512,
            785.4966581723949,
            575.865435670522,
            729.1124741766528,
            557.1005295276608,
            574.4214480675317,
            331.42269083452936,
            806.2387983717974,
            652.7541650575658,
            753.5947186651456,
            910.5525794812729,
            757.327538123367,
            660.9841147864297,
            115.27792503337314,
            503.54940174723674,
            852.6060051395368
        ],
        [
            366.5801413060997,
            253.1600284405103,
            460.82751653954,
            0,
            222.0360331117452,
            539.1567490071881,
            367.1103376370652,
            722.4326958270923,
            615.3381184357102,
            678.9469787840579,
            123.22743201089601,
            355.3730434346421,
            576.1466827119635,
            387.76926128820475,
            198.53966858036205,
            325.15380975778214,
            553.7508465004817,
            909.563081924503,
            249.8039231077046,
            457.0306335465928,
            191.2694434560837,
            644.9410825804167
        ],
        [
            190.31815467789718,
            265.8006772000403,
            239.25300416086733,
            222.0360331117452,
            0,
            343.1180554852805,
            255.51907952244977,
            727.6187188356276,
            560.6968878101608,
            675.0474057427374,
            320.3201523476161,
            422.76470997470926,
            423.0425510513098,
            577.221794460327,
            416.9628280794345,
            528.1713737036494,
            717.1192369473852,
            817.2178412149358,
            431.37222905513977,
            253.33179824096305,
            290.1103238424996,
            725.1406760070765
        ],
        [
            174.39323381370048,
            405.6599561208871,
            183.52111595127138,
            539.1567490071881,
            343.1180554852805,
            0,
            238.53720883753127,
            656.692469882212,
            434.69184487404414,
            600.7636806598748,
            653.6428688511793,
            530.6675041869438,
            158.8238017426859,
            916.6269688373783,
            708.0621441653268,
            780.328776862676,
            885.6240737468693,
            578.9930914959176,
            771.4013222700619,
            91.8313671900838,
            632.507707462921,
            768.4224098762346
        ],
        [
            115.83177456984764,
            172.1046193453273,
            300.1932710771512,
            367.1103376370652,
            255.51907952244977,
            238.53720883753127,
            0,
            496.1219608120567,
            308.4623153644542,
            440.6733484112694,
            490.2417770855519,
            293.53705047233814,
            213.60009363293827,
            754.4037380607283,
            500.8193287004805,
            553.0904085228743,
            647.3407139984322,
            564.8088172116296,
            616.4219334189854,
            205.9732992404598,
            515.2184002925361,
            553.8059226841114
        ],
        [
            609.3800127998949,
            482.1337988567074,
            785.4966581723949,
            722.4326958270923,
            727.6187188356276,
            656.692469882212,
            496.1219608120567,
            0,
            225.055548698538,
            56.46237685397242,
            824.5592762197269,
            374.88264830477283,
            512.603160349212,
            1039.0582274348246,
            723.5530388299118,
            664.2077988099808,
            537.2494765004429,
            381.1587595740127,
            938.7891136991311,
            675.4628043053149,
            911.9830042276008,
            245.99999999999997
        ],
        [
            411.5361466505707,
            362.49827585796874,
            575.865435670522,
            615.3381184357102,
            560.6968878101608,
            434.69184487404414,
            308.4623153644542,
            225.055548698538,
            0,
            171.21331723905124,
            732.5926562558485,
            332.91590529741893,
            287.6178019525217,
            978.2044776016924,
            677.0472657060214,
            663.6098251231667,
            627.1594693536883,
            306.4441221495364,
            856.8319555198674,
            462.3851208678756,
            792.0233582414095,
            398.45953370449047
        ],
        [
            553.4799002673901,
            434.39728360108325,
            729.1124741766528,
            678.9469787840579,
            675.0474057427374,
            600.7636806598748,
            440.6733484112694,
            56.46237685397242,
            171.21331723905124,
            0,
            784.4246299039826,
            338.3858744096745,
            458.05894817152085,
            1006.1103319219021,
            691.8446357384005,
            642.2771987234172,
            537.9526001424289,
            364.4859393721519,
            901.1353949324152,
            619.0008077539155,
            867.1683804198583,
            262.00763347658403
        ],
        [
            483.7706067962377,
            370.40653341970085,
            557.1005295276608,
            123.22743201089601,
            320.3201523476161,
            653.6428688511793,
            490.2417770855519,
            824.5592762197269,
            732.5926562558485,
            784.4246299039826,
            0,
            450.6495312324201,
            698.3638020401687,
            265.7668150842012,
            175.5135322418189,
            320.14059411452337,
            579.255556727771,
            1029.9902912163784,
            126.7320006943787,
            568.1584286094856,
            136.4587849865299,
            720.5345238085405
        ],
        [
            393.7219831302286,
            159.22311389996116,
            574.4214480675317,
            355.3730434346421,
            422.76470997470926,
            530.6675041869438,
            293.53705047233814,
            374.88264830477283,
            332.91590529741893,
            338.3858744096745,
            450.6495312324201,
            0,
            462.5894508092462,
            668.1384587044814,
            355.46026500862234,
            330.94561486745823,
            356.0814513562873,
            637.9067329947223,
            563.932620088606,
            495.92438939822273,
            546.6424791397025,
            303.942428759132
        ],
        [
            232.89911979223965,
            378.34508058120696,
            331.42269083452936,
            576.1466827119635,
            423.0425510513098,
            158.8238017426859,
            213.60009363293827,
            512.603160349212,
            287.6178019525217,
            458.05894817152085,
            698.3638020401687,
            462.5894508092462,
            0,
            963.8464608017192,
            713.8942498717861,
            757.7822906349817,
            815.1226901516116,
            426.12674170955285,
            823.2259714076081,
            219.31712199461307,
            707.0537461890716,
            653.7782498676443
        ],
        [
            748.6534578828845,
            622.0972592770362,
            806.2387983717974,
            387.76926128820475,
            577.221794460327,
            916.6269688373783,
            754.4037380607283,
            1039.0582274348246,
            978.2044776016924,
            1006.1103319219021,
            265.7668150842012,
            668.1384587044814,
            963.8464608017192,
            0,
            315.824318253044,
            412.25477559392806,
            670.9135562797937,
            1281.2899749861465,
            145.8800877433243,
            829.2767933567177,
            309.23292192132453,
            890.4976136969711
        ],
        [
            533.9597363097707,
            340.97507240266117,
            652.7541650575658,
            198.53966858036205,
            416.9628280794345,
            708.0621441653268,
            500.8193287004805,
            723.5530388299118,
            677.0472657060214,
            691.8446357384005,
            175.5135322418189,
            355.46026500862234,
            713.8942498717861,
            315.824318253044,
            0,
            144.62710672622887,
            407.0012284993744,
            983.1973352282846,
            238.13441582434072,
            634.0070977520678,
            311.7851824574093,
            581.4163740384339
        ],
        [
            611.2708074168108,
            381.3358100152672,
            753.5947186651456,
            325.15380975778214,
            528.1713737036494,
            780.328776862676,
            553.0904085228743,
            664.2077988099808,
            663.6098251231667,
            642.2771987234172,
            320.14059411452337,
            330.94561486745823,
            757.7822906349817,
            412.25477559392806,
            144.62710672622887,
            0,
            268.3076592272386,
            967.2900288951603,
            369.4116944548453,
            716.7049602172431,
            456.3693679466228,
            484.99072156073254
        ],
        [
            739.0514190501227,
            490.8462080937368,
            910.5525794812729,
            553.7508465004817,
            717.1192369473852,
            885.6240737468693,
            647.3407139984322,
            537.2494765004429,
            627.1594693536883,
            537.9526001424289,
            579.255556727771,
            356.0814513562873,
            815.1226901516116,
            670.9135562797937,
            407.0012284993744,
            268.3076592272386,
            0,
            899.6049132813805,
            637.7036929483786,
            844.5383354235615,
            712.7692473725281,
            301.89567734566856
        ],
        [
            638.4684800364071,
            660.4975397380372,
            757.327538123367,
            909.563081924503,
            817.2178412149358,
            578.9930914959176,
            564.8088172116296,
            381.1587595740127,
            306.4441221495364,
            364.4859393721519,
            1029.9902912163784,
            637.9067329947223,
            426.12674170955285,
            1281.2899749861465,
            983.1973352282846,
            967.2900288951603,
            899.6049132813805,
            0,
            1155.7703058999223,
            645.2565381303781,
            1076.128709774068,
            624.3925047596264
        ],
        [
            604.6329465055638,
            495.5037840420596,
            660.9841147864297,
            249.8039231077046,
            431.37222905513977,
            771.4013222700619,
            616.4219334189854,
            938.7891136991311,
            856.8319555198674,
            901.1353949324152,
            126.7320006943787,
            563.932620088606,
            823.2259714076081,
            145.8800877433243,
            238.13441582434072,
            369.4116944548453,
            637.7036929483786,
            1155.7703058999223,
            0,
            683.6585405010311,
            171.47011401407534,
            816.2701758609095
        ],
        [
            106.89246933250256,
            354.96619557360674,
            115.27792503337314,
            457.0306335465928,
            253.33179824096305,
            91.8313671900838,
            205.9732992404598,
            675.4628043053149,
            462.3851208678756,
            619.0008077539155,
            568.1584286094856,
            495.92438939822273,
            219.31712199461307,
            829.2767933567177,
            634.0070977520678,
            716.7049602172431,
            844.5383354235615,
            645.2565381303781,
            683.6585405010311,
            0,
            541.6871790987858,
            758.1305956100175
        ],
        [
            477.2682683774399,
            435.2953020651613,
            503.54940174723674,
            191.2694434560837,
            290.1103238424996,
            632.507707462921,
            515.2184002925361,
            911.9830042276008,
            792.0233582414095,
            867.1683804198583,
            136.4587849865299,
            546.6424791397025,
            707.0537461890716,
            309.23292192132453,
            311.7851824574093,
            456.3693679466228,
            712.7692473725281,
            1076.128709774068,
            171.47011401407534,
            541.6871790987858,
            0,
            833.4704553851925
        ],
        [
            667.2001199040659,
            459.46164148925425,
            852.6060051395368,
            644.9410825804167,
            725.1406760070765,
            768.4224098762346,
            553.8059226841114,
            245.99999999999997,
            398.45953370449047,
            262.00763347658403,
            720.5345238085405,
            303.942428759132,
            653.7782498676443,
            890.4976136969711,
            581.4163740384339,
            484.99072156073254,
            301.89567734566856,
            624.3925047596264,
            816.2701758609095,
            758.1305956100175,
            833.4704553851925,
            0
        ]
    ]
}