{
    "depot": [
        274,
        786
    ],
    "final_destination": [
        67,
        334
    ],
    "requests": [
        [
            [
                130,
                75
            ],
            [
                297,
                722
            ]
        ],
        [
            [
                175,
                114
            ],
            [
                823,
                68
            ]
        ],
        [
            [
                83,
                277
            ],
            [
                380,
                231
            ]
        ],
        [
            [
                725,
                122
            ],
            [
                173,
                760
            ]
        ],
        [
            [
                456,
                926
            ],
            [
                518,
                122
            ]
        ],
        [
            [
                330,
                376
            ],
            [
                861,
                79
            ]
        ],
        [
            [
                267,
                257
            ],
            [
                838,
                736
            ]
        ],
        [
            [
                847,
                750
            ],
            [
                755,
                641
            ]
        ],
        [
            [
                884,
                759
            ],
            [
                289,
                657
            ]
        ],
        [
            [
                998,
                669
            ],
            [
                756,
                549
            ]
        ]
    ],
    "travel_costs": [
        [
            0,
            725.4357311299188,
            679.2532664625177,
            543.6561413246428,
            802.6811322063078,
            229.61707253599414,
            413.80671816682724,
            529.0463117724194,
            574.1297762701391,
            610.5972486017276,
            733.3928006191499,
            68.00735254367721,
            903.8390343418456,
            565.0318575089373,
            104.29285689825551,
            707.4121853629608,
            918.9221947477382,
            566.2119744406682,
            502.38033401000075,
            129.86916493148016,
            537.1154438293504,
            497.14484810767175
        ],
        [
            725.4357311299188,
            0,
            59.54829972383762,
            207.39575694791833,
            596.8534158401038,
            911.3051080730316,
            361.3876035505369,
            227.80035118497952,
            984.740574973937,
            1018.0235753655218,
            1051.7889522142739,
            668.2050583466126,
            693.0353526336156,
            294.6794869005985,
            686.3483080768831,
            390.8362828602278,
            731.0109438305284,
            968.5995044392703,
            843.1968927836487,
            603.3282688553553,
            785.2082526311093,
            266.5520587052368
        ],
        [
            679.2532664625177,
            59.54829972383762,
            0,
            187.17104476921634,
            550.0581787411219,
            859.2467631594548,
            304.41583401656357,
            170.03823099526764,
            925.2459132576593,
            958.4915231758704,
            992.6499886667001,
            620.1193433525517,
            649.630664300878,
            236.03813251252433,
            646.0030959678136,
            343.09328177625395,
            686.8922768527829,
            909.0946045379435,
            783.6638309887728,
            554.8378141403125,
            725.8002480021621,
            245.07957891264627
        ],
        [
            543.6561413246428,
            207.39575694791833,
            187.17104476921634,
            0,
            660.446061385788,
            748.5519354059543,
            266.101484400219,
            185.08376482014842,
            898.568305695232,
            934.8395584270063,
            995.4340761697885,
            493.7823407129906,
            768.9479826360168,
            300.54117854297436,
            491.31354550836477,
            461.7899955607527,
            802.8000996512146,
            883.5756900232147,
            764.2512675815461,
            432.24530072633524,
            725.8877323663763,
            59.20304046246274
        ],
        [
            802.6811322063078,
            596.8534158401038,
            550.0581787411219,
            660.446061385788,
            0,
            847.8071714723814,
            469.61792981103264,
            477.4819368311225,
            639.7405724197895,
            656.5439817712139,
            611.3411486232544,
            737.0101763205173,
            111.89280584559492,
            361.809342057388,
            843.6515868532459,
            207.0,
            142.63590010933433,
            624.31162090738,
            519.8663289731313,
            690.1601263475021,
            428.12381386697,
            691.3089034577813
        ],
        [
            229.61707253599414,
            911.3051080730316,
            859.2467631594548,
            748.5519354059543,
            847.8071714723814,
            0,
            564.2481723497207,
            695.184867499286,
            428.7854941576265,
            459.4268168054625,
            599.8441464247192,
            258.64454372748713,
            933.1950492796242,
            699.1430468795352,
            328.09297462761987,
            806.3870038635295,
            938.8471654108564,
            426.6427076606373,
            413.06900149974945,
            316.62280397975127,
            481.7976753783688,
            708.3678422966417
        ],
        [
            413.80671816682724,
            361.3876035505369,
            304.41583401656357,
            266.101484400219,
            469.61792981103264,
            564.2481723497207,
            0,
            134.6476884316994,
            638.0948205400198,
            673.5020415707736,
            729.4333417112218,
            347.57013680694723,
            581.3028470599469,
            153.3786165017797,
            414.8553964937663,
            316.0063290505429,
            608.4159761216005,
            622.6266939346563,
            500.8492787256462,
            283.9753510430087,
            459.78799462360917,
            266.33249895572266
        ],
        [
            529.0463117724194,
            227.80035118497952,
            170.03823099526764,
            185.08376482014842,
            477.4819368311225,
            695.184867499286,
            134.6476884316994,
            0,
            761.2154754075877,
            795.4200148349299,
            839.1096471856346,
            465.96673701027197,
            587.2452639230052,
            115.95257651298655,
            511.707924503813,
            285.0017543805652,
            620.0967666421104,
            745.3066482998794,
            620.966987850401,
            400.6045431594605,
            569.548066452692,
            214.31052237349428
        ],
        [
            574.1297762701391,
            984.740574973937,
            925.2459132576593,
            898.568305695232,
            639.7405724197895,
            428.7854941576265,
            638.0948205400198,
            761.2154754075877,
            0,
            38.07886552931954,
            171.3534359153618,
            550.7122660700413,
            682.4221567329125,
            698.176195526602,
            674.0741798941715,
            708.9605066574584,
            671.1460347793169,
            16.64331697709324,
            142.63590010933433,
            565.6969153177344,
            220.63997824510406,
            884.0
        ],
        [
            610.5972486017276,
            1018.0235753655218,
            958.4915231758704,
            934.8395584270063,
            656.5439817712139,
            459.4268168054625,
            673.5020415707736,
            795.4200148349299,
            38.07886552931954,
            0,
            145.24462124292248,
            588.164942851918,
            693.6872494143163,
            729.9315036357864,
            711.0007032345326,
            734.6597852067309,
            680.3888594032092,
            51.42956348249517,
            174.82848738120455,
            603.6795507551999,
            245.93495074917678,
            920.9310506221407
        ],
        [
            733.3928006191499,
            1051.7889522142739,
            992.6499886667001,
            995.4340761697885,
            611.3411486232544,
            599.8441464247192,
            729.4333417112218,
            839.1096471856346,
            171.3534359153618,
            145.24462124292248,
            0,
            703.0007112371935,
            625.9600626238067,
            757.4747520544827,
            830.0036144499613,
            727.7423994793761,
            605.6971190289747,
            173.46181135915768,
            244.6078494243388,
            709.1015442092903,
            270.1184925176357,
            989.4372137735674
        ],
        [
            68.00735254367721,
            668.2050583466126,
            620.1193433525517,
            493.7823407129906,
            737.0101763205173,
            258.64454372748713,
            347.57013680694723,
            465.96673701027197,
            550.7122660700413,
            588.164942851918,
            703.0007112371935,
            0,
            839.2806443615866,
            497.96586228375133,
            129.6919426949878,
            639.4067562983674,
            855.3040395087585,
            541.181115708965,
            465.1075144523038,
            65.49045732013177,
            490.5201321046874,
            451.04766932110397
        ],
        [
            903.8390343418456,
            693.0353526336156,
            649.630664300878,
            768.9479826360168,
            111.89280584559492,
            933.1950492796242,
            581.3028470599469,
            587.2452639230052,
            682.4221567329125,
            693.6872494143163,
            625.9600626238067,
            839.2806443615866,
            0,
            472.03601557508296,
            949.4019169982753,
            309.7434422227532,
            39.56008088970497,
            668.1683919492151,
            577.0207968522452,
            795.0327037298529,
            485.64390246352315,
            801.4312197562559
        ],
        [
            565.0318575089373,
            294.6794869005985,
            236.03813251252433,
            300.54117854297436,
            361.809342057388,
            699.1430468795352,
            153.3786165017797,
            115.95257651298655,
            698.176195526602,
            729.9315036357864,
            757.4747520544827,
            497.96586228375133,
            472.03601557508296,
            0,
            568.0580956205096,
            175.85505395068972,
            504.4452398427405,
            681.7543545882197,
            555.630272753384,
            435.6110650568923,
            492.4428900898052,
            329.51176003293114
        ],
        [
            104.29285689825551,
            686.3483080768831,
            646.0030959678136,
            491.31354550836477,
            843.6515868532459,
            328.09297462761987,
            414.8553964937663,
            511.707924503813,
            674.0741798941715,
            711.0007032345326,
            830.0036144499613,
            129.6919426949878,
            949.4019169982753,
            568.0580956205096,
            0,
            725.3061422599425,
            968.0418379388361,
            665.4329417755031,
            594.0412443593458,
            155.12897859523218,
            620.008064463681,
            438.98974931084666
        ],
        [
            707.4121853629608,
            390.8362828602278,
            343.09328177625395,
            461.7899955607527,
            207.0,
            806.3870038635295,
            316.0063290505429,
            285.0017543805652,
            708.9605066574584,
            734.6597852067309,
            727.7423994793761,
            639.4067562983674,
            309.7434422227532,
            175.85505395068972,
            725.3061422599425,
            0,
            345.6848275524976,
            692.3842863612664,
            570.5523639421714,
            581.9501696880927,
            488.848647333712,
            498.3422518711413
        ],
        [
            918.9221947477382,
            731.0109438305284,
            686.8922768527829,
            802.8000996512146,
            142.63590010933433,
            938.8471654108564,
            608.4159761216005,
            620.0967666421104,
            671.1460347793169,
            680.3888594032092,
            605.6971190289747,
            855.3040395087585,
            39.56008088970497,
            504.4452398427405,
            968.0418379388361,
            345.6848275524976,
            0,
            657.4024642484997,
            571.9090836837617,
            813.1838660475255,
            481.58592172114004,
            833.9430436186875
        ],
        [
            566.2119744406682,
            968.5995044392703,
            909.0946045379435,
            883.5756900232147,
            624.31162090738,
            426.6427076606373,
            622.6266939346563,
            745.3066482998794,
            16.64331697709324,
            51.42956348249517,
            173.46181135915768,
            541.181115708965,
            668.1683919492151,
            681.7543545882197,
            665.4329417755031,
            692.3842863612664,
            657.4024642484997,
            0,
            126.15070352558483,
            554.6548476304881,
            204.18863827353374,
            869.5084818447718
        ],
        [
            502.38033401000075,
            843.1968927836487,
            783.6638309887728,
            764.2512675815461,
            519.8663289731313,
            413.06900149974945,
            500.8492787256462,
            620.966987850401,
            142.63590010933433,
            174.82848738120455,
            244.6078494243388,
            465.1075144523038,
            577.0207968522452,
            555.630272753384,
            594.0412443593458,
            570.5523639421714,
            571.9090836837617,
            126.15070352558483,
            0,
            466.27459720641014,
            92.00543462209176,
            753.3876824052808
        ],
        [
            129.86916493148016,
            603.3282688553553,
            554.8378141403125,
            432.24530072633524,
            690.1601263475021,
            316.62280397975127,
            283.9753510430087,
            400.6045431594605,
            565.6969153177344,
            603.6795507551999,
            709.1015442092903,
            65.49045732013177,
            795.0327037298529,
            435.6110650568923,
            155.12897859523218,
            581.9501696880927,
            813.1838660475255,
            554.6548476304881,
            466.27459720641014,
            0,
            479.3255678555026,
            391.934943581202
        ],
        [
            537.1154438293504,
            785.2082526311093,
            725.8002480021621,
            725.8877323663763,
            428.12381386697,
            481.7976753783688,
            459.78799462360917,
            569.548066452692,
            220.63997824510406,
            245.93495074917678,
            270.1184925176357,
            490.5201321046874,
            485.64390246352315,
            492.4428900898052,
            620.008064463681,
            488.848647333712,
            481.58592172114004,
            204.18863827353374,
            92.00543462209176,
            479.3255678555026,
            0,
            721.7658900225198
        ],
        [
            497.14484810767175,
            266.5520587052368,
            245.07957891264627,
            59.20304046246274,
            691.3089034577813,
            708.3678422966417,
            266.33249895572266,
            214.31052237349428,
            884.0,
            920.9310506221407,
            989.4372137735674,
            451.04766932110397,
            801.4312197562559,
            329.51176003293114,
            438.98974931084666,
            498.3422518711413,
            833.9430436186875,
            869.5084818447718,
            753.3876824052808,
            391.934943581202,
            721.7658900225198,
            0
        ]
    ],
    "incompatibilities": [
        [
            0,
            0,
            0,
            0,
            0,
            0,
            0,
            0,
            0,
            0
        ],
        [
            0,
            0,
            0,
            0,
            0,
            0,
            0,
            0,
            0,
            0
        ],
        [
            0,
            0,
            0,
            0,
            0,
            0,
            0,
            0,
            0,
            0
        ],
        [
            0,
            0,
            0,
            0,
            0,
            0,
            0,
            0,
            0,
            0
        ],
        [
            0,
            0,
            0,
            0,
            0,
            0,
            0,
            0,
            0,
            0
        ],
        [
            0,
            0,
            0,
            0,
            0,
            0,
            0,
            0,
            0,
            0
        ],
        [
            0,
            0,
            0,
            0,
            0,
            0,
            0,
            0,
            0,
            0
        ],
        [
            0,
            0,
            0,
            0,
            0,
            0,
            0,
            0,
            0,
            0
        ],
        [
            0,
            0,
            0,
            0,
            0,
            0,
            0,
            0,
            0,
            0
        ],
        [
            0,
            0,
            0,
            0,
            0,
            0,
            0,
            0,
            0,
            0
        ]
    ]
}