{
    "depot": {
        "x": 608,
        "y": 60,
        "node_type": "depot",
        "id": 0
    },
    "final_destination": {
        "x": 56,
        "y": 966,
        "node_type": "final",
        "id": 11
    },
    "pickup_nodes": [
        {
            "x": 96,
            "y": 998,
            "node_type": "pickup",
            "id": 1
        },
        {
            "x": 17,
            "y": 190,
            "node_type": "pickup",
            "id": 2
        },
        {
            "x": 696,
            "y": 439,
            "node_type": "pickup",
            "id": 3
        },
        {
            "x": 799,
            "y": 850,
            "node_type": "pickup",
            "id": 4
        },
        {
            "x": 345,
            "y": 918,
            "node_type": "pickup",
            "id": 5
        },
        {
            "x": 9,
            "y": 98,
            "node_type": "pickup",
            "id": 6
        },
        {
            "x": 460,
            "y": 17,
            "node_type": "pickup",
            "id": 7
        },
        {
            "x": 640,
            "y": 387,
            "node_type": "pickup",
            "id": 8
        },
        {
            "x": 868,
            "y": 271,
            "node_type": "pickup",
            "id": 9
        },
        {
            "x": 109,
            "y": 515,
            "node_type": "pickup",
            "id": 10
        }
    ],
    "delivery_nodes": [
        {
            "x": 81,
            "y": 16,
            "node_type": "delivery",
            "id": 1
        },
        {
            "x": 52,
            "y": 776,
            "node_type": "delivery",
            "id": 2
        },
        {
            "x": 452,
            "y": 776,
            "node_type": "delivery",
            "id": 3
        },
        {
            "x": 132,
            "y": 131,
            "node_type": "delivery",
            "id": 4
        },
        {
            "x": 58,
            "y": 151,
            "node_type": "delivery",
            "id": 5
        },
        {
            "x": 13,
            "y": 832,
            "node_type": "delivery",
            "id": 6
        },
        {
            "x": 22,
            "y": 861,
            "node_type": "delivery",
            "id": 7
        },
        {
            "x": 524,
            "y": 760,
            "node_type": "delivery",
            "id": 8
        },
        {
            "x": 967,
            "y": 828,
            "node_type": "delivery",
            "id": 9
        },
        {
            "x": 387,
            "y": 443,
            "node_type": "delivery",
            "id": 10
        }
    ],
    "travel_costs": [
        [
            0,
            1068.6383859847072,
            605.1289118857238,
            389.08225351460067,
            812.7613425846483,
            897.4034767037622,
            600.204131941792,
            154.12008305214476,
            328.5620184987912,
            334.84474014085987,
            675.2969717094842,
            528.8336222291468,
            906.5274402906952,
            732.7973799079798,
            481.266038693777,
            557.4773538001342,
            974.684051372546,
            992.4701506846441,
            705.0219854727936,
            847.7647079231358,
            442.18774293279546,
            1060.9146996813645
        ],
        [
            1068.6383859847072,
            0,
            811.8528191735248,
            820.0493887565552,
            718.4100500410611,
            261.53584840323515,
            904.1952222833296,
            1046.3541465488634,
            818.0812918041826,
            1060.4305729278085,
            483.174916567489,
            982.114555436381,
            226.31835983852483,
            419.5473751556551,
            867.7470829683036,
            847.8519918004558,
            185.59364213248256,
            155.70806016388488,
            489.7223703283321,
            887.4350680472346,
            626.6625886392135,
            51.22499389946279
        ],
        [
            605.1289118857238,
            811.8528191735248,
            0,
            723.2164268045907,
            1023.2907700160301,
            798.4785532498665,
            92.34717104492158,
            475.5817490190304,
            653.4049280499803,
            854.8461849947042,
            337.77063223436113,
            185.3968716025165,
            587.0442913443585,
            729.8088790909576,
            129.25169244539896,
            56.586217403180434,
            642.0124609382593,
            671.0186286534822,
            762.8558186184332,
            1144.3530923626677,
            448.22873624969657,
            776.9794077065363
        ],
        [
            389.08225351460067,
            820.0493887565552,
            723.2164268045907,
            0,
            423.7098063533578,
            593.8366778837427,
            766.9745758498126,
            483.5080144113436,
            76.4198926981712,
            240.4329428343795,
            591.8994847100307,
            746.4274914551312,
            726.8459259017691,
            416.0588900624526,
            642.6196386666065,
            699.9914285189498,
            787.9961928842042,
            795.2106639124,
            364.17715469260287,
            474.0907086201964,
            309.02588888311607,
            829.0530742962118
        ],
        [
            812.7613425846483,
            718.4100500410611,
            1023.2907700160301,
            423.7098063533578,
            0,
            459.0642656535139,
            1090.6896900585425,
            899.3386458948598,
            489.5406009719725,
            583.0969044678595,
            767.0234676983488,
            1100.4907995980702,
            750.656379444017,
            354.80276210875246,
            980.7395168952866,
            1018.6667757417044,
            786.2060798543853,
            777.0778596768794,
            289.35272592460575,
            169.43435306926398,
            579.1312459192649,
            752.000664893323
        ],
        [
            897.4034767037622,
            261.53584840323515,
            798.4785532498665,
            593.8366778837427,
            459.0642656535139,
            0,
            886.1692840535605,
            908.3094186454305,
            607.442178318233,
            831.9483157023637,
            467.0171303068015,
            939.8404119849284,
            325.5963759012069,
            177.80044994318772,
            815.3146631822588,
            818.9371160229582,
            342.9577233421053,
            327.9908535310093,
            238.757198844349,
            628.4775254533769,
            476.8532268948172,
            292.95904150580503
        ],
        [
            600.204131941792,
            904.1952222833296,
            92.34717104492158,
            766.9745758498126,
            1090.6896900585425,
            886.1692840535605,
            0,
            458.21610622063474,
            694.0331404191013,
            876.247681879958,
            428.82280722927976,
            109.12378292562992,
            679.362200891395,
            809.8969070196528,
            127.34991166074676,
            72.18032973047436,
            734.0108991016414,
            763.1107390149873,
            838.7305884489966,
            1204.435137315414,
            511.77045635714455,
            869.2715341019743
        ],
        [
            154.12008305214476,
            1046.3541465488634,
            475.5817490190304,
            483.5080144113436,
            899.3386458948598,
            908.3094186454305,
            458.21610622063474,
            0,
            411.4608122288197,
            480.60378691808086,
            609.2659517813219,
            379.0013192589176,
            861.7105082334785,
            759.042159566911,
            347.24631027557376,
            423.74520646256286,
            929.5342919978801,
            950.8837994203077,
            745.751299026693,
            956.4360930036047,
            432.20943997094736,
            1031.415047398476
        ],
        [
            328.5620184987912,
            818.0812918041826,
            653.4049280499803,
            76.4198926981712,
            489.5406009719725,
            607.442178318233,
            694.0331404191013,
            411.4608122288197,
            0,
            255.8124312851117,
            546.2096667031809,
            670.9113205185913,
            705.0283682235772,
            432.0474510976775,
            568.8585061331156,
            628.0286617663243,
            768.8653978428213,
            778.8452991448302,
            390.62129998247667,
            549.0081966601227,
            259.1235226682441,
            822.372786514729
        ],
        [
            334.84474014085987,
            1060.4305729278085,
            854.8461849947042,
            240.4329428343795,
            583.0969044678595,
            831.9483157023637,
            876.247681879958,
            480.60378691808086,
            255.8124312851117,
            0,
            797.2559187613473,
            827.2810888688317,
            959.6254477659501,
            654.2789924795079,
            749.1969033571883,
            818.8406438373709,
            1022.6172304435321,
            1031.4145626274626,
            597.8770776673077,
            565.7296173968621,
            510.8277596215774,
            1068.8166353495815
        ],
        [
            675.2969717094842,
            483.174916567489,
            337.77063223436113,
            591.8994847100307,
            767.0234676983488,
            467.0171303068015,
            428.82280722927976,
            609.2659517813219,
            546.2096667031809,
            797.2559187613473,
            0,
            499.78495375511255,
            267.15164233071823,
            431.010440708807,
            384.6881854177484,
            367.5554379954132,
            331.2174512310606,
            356.7702341844118,
            481.9232304008596,
            913.3088196223663,
            287.17242207426534,
            454.10351242860924
        ],
        [
            528.8336222291468,
            982.114555436381,
            185.3968716025165,
            746.4274914551312,
            1100.4907995980702,
            939.8404119849284,
            109.12378292562992,
            379.0013192589176,
            670.9113205185913,
            827.2810888688317,
            499.78495375511255,
            0,
            760.5530882193563,
            845.7192205454479,
            125.80143083447024,
            136.94524453225822,
            818.828431357876,
            847.0572589854831,
            865.9012645792822,
            1201.8069728537942,
            525.3237097257271,
            950.3288904374106
        ],
        [
            906.5274402906952,
            226.31835983852483,
            587.0442913443585,
            726.8459259017691,
            750.656379444017,
            325.5963759012069,
            679.362200891395,
            861.7105082334785,
            705.0283682235772,
            959.6254477659501,
            267.15164233071823,
            760.5530882193563,
            0,
            400.0,
            649.9423051317709,
            625.0287993364785,
            68.24221567329126,
            90.13878188659974,
            472.2711085806542,
            916.4764044971371,
            472.3494469140405,
            190.04210059878838
        ],
        [
            732.7973799079798,
            419.5473751556551,
            729.8088790909576,
            416.0588900624526,
            354.80276210875246,
            177.80044994318772,
            809.8969070196528,
            759.042159566911,
            432.0474510976775,
            654.2789924795079,
            431.010440708807,
            845.7192205454479,
            400.0,
            0,
            720.017360901805,
            738.8240656611017,
            442.5573409175358,
            438.3206588788624,
            73.75635565834311,
            517.618585446852,
            339.284541351356,
            439.22203951987655
        ],
        [
            481.266038693777,
            867.7470829683036,
            129.25169244539896,
            642.6196386666065,
            980.7395168952866,
            815.3146631822588,
            127.34991166074676,
            347.24631027557376,
            568.8585061331156,
            749.1969033571883,
            384.6881854177484,
            125.80143083447024,
            649.9423051317709,
            720.017360901805,
            0,
            76.6550715869472,
            711.0288320455086,
            738.2411530116701,
            741.1511316863788,
            1087.6736642945807,
            402.9503691523312,
            838.4515489877755
        ],
        [
            557.4773538001342,
            847.8519918004558,
            56.586217403180434,
            699.9914285189498,
            1018.6667757417044,
            818.9371160229582,
            72.18032973047436,
            423.74520646256286,
            628.0286617663243,
            818.8406438373709,
            367.5554379954132,
            136.94524453225822,
            625.0287993364785,
            738.8240656611017,
            76.6550715869472,
            0,
            682.4851646739291,
            710.9120902052518,
            766.8357060022701,
            1133.4063701956152,
            439.8920322079044,
            815.0024539840357
        ],
        [
            974.684051372546,
            185.59364213248256,
            642.0124609382593,
            787.9961928842042,
            786.2060798543853,
            342.9577233421053,
            734.0108991016414,
            929.5342919978801,
            768.8653978428213,
            1022.6172304435321,
            331.2174512310606,
            818.828431357876,
            68.24221567329126,
            442.5573409175358,
            711.0288320455086,
            682.4851646739291,
            0,
            30.364452901377952,
            516.0474784358508,
            954.0083857073794,
            539.6267228371848,
            140.73023839957068
        ],
        [
            992.4701506846441,
            155.70806016388488,
            671.0186286534822,
            795.2106639124,
            777.0778596768794,
            327.9908535310093,
            763.1107390149873,
            950.8837994203077,
            778.8452991448302,
            1031.4145626274626,
            356.7702341844118,
            847.0572589854831,
            90.13878188659974,
            438.3206588788624,
            738.2411530116701,
            710.9120902052518,
            30.364452901377952,
            0,
            512.0595668474518,
            945.5760149242365,
            554.931527307649,
            110.3675676999362
        ],
        [
            705.0219854727936,
            489.7223703283321,
            762.8558186184332,
            364.17715469260287,
            289.35272592460575,
            238.757198844349,
            838.7305884489966,
            745.751299026693,
            390.62129998247667,
            597.8770776673077,
            481.9232304008596,
            865.9012645792822,
            472.2711085806542,
            73.75635565834311,
            741.1511316863788,
            766.8357060022701,
            516.0474784358508,
            512.0595668474518,
            0,
            448.1885763827543,
            345.33751606218516,
            511.3315949557586
        ],
        [
            847.7647079231358,
            887.4350680472346,
            1144.3530923626677,
            474.0907086201964,
            169.43435306926398,
            628.4775254533769,
            1204.435137315414,
            956.4360930036047,
            549.0081966601227,
            565.7296173968621,
            913.3088196223663,
            1201.8069728537942,
            916.4764044971371,
            517.618585446852,
            1087.6736642945807,
            1133.4063701956152,
            954.0083857073794,
            945.5760149242365,
            448.1885763827543,
            0,
            696.1501274868805,
            921.39296719695
        ],
        [
            442.18774293279546,
            626.6625886392135,
            448.22873624969657,
            309.02588888311607,
            579.1312459192649,
            476.8532268948172,
            511.77045635714455,
            432.20943997094736,
            259.1235226682441,
            510.8277596215774,
            287.17242207426534,
            525.3237097257271,
            472.3494469140405,
            339.284541351356,
            402.9503691523312,
            439.8920322079044,
            539.6267228371848,
            554.931527307649,
            345.33751606218516,
            696.1501274868805,
            0,
            618.9426467775509
        ],
        [
            1060.9146996813645,
            51.22499389946279,
            776.9794077065363,
            829.0530742962118,
            752.000664893323,
            292.95904150580503,
            869.2715341019743,
            1031.415047398476,
            822.372786514729,
            1068.8166353495815,
            454.10351242860924,
            950.3288904374106,
            190.04210059878838,
            439.22203951987655,
            838.4515489877755,
            815.0024539840357,
            140.73023839957068,
            110.3675676999362,
            511.3315949557586,
            921.39296719695,
            618.9426467775509,
            0
        ]
    ],
    "incompatibilities": [
        [
            0,
            0,
            0,
            0,
            0,
            0,
            0,
            0,
            0,
            0
        ],
        [
            0,
            0,
            0,
            0,
            0,
            0,
            0,
            0,
            0,
            0
        ],
        [
            0,
            0,
            0,
            0,
            0,
            0,
            0,
            0,
            0,
            0
        ],
        [
            0,
            0,
            0,
            0,
            0,
            0,
            0,
            0,
            0,
            0
        ],
        [
            0,
            0,
            0,
            0,
            0,
            0,
            0,
            0,
            0,
            0
        ],
        [
            0,
            0,
            0,
            0,
            0,
            0,
            0,
            0,
            0,
            0
        ],
        [
            0,
            0,
            0,
            0,
            0,
            0,
            0,
            0,
            0,
            0
        ],
        [
            0,
            0,
            0,
            0,
            0,
            0,
            0,
            0,
            0,
            0
        ],
        [
            0,
            0,
            0,
            0,
            0,
            0,
            0,
            0,
            0,
            0
        ],
        [
            0,
            0,
            0,
            0,
            0,
            0,
            0,
            0,
            0,
            0
        ]
    ]
}