{
    "depot": {
        "x": 573,
        "y": 682,
        "node_type": "depot",
        "id": 0
    },
    "final_destination": {
        "x": 414,
        "y": 825,
        "node_type": "final",
        "id": 6
    },
    "pickup_nodes": [
        {
            "x": 361,
            "y": 245,
            "node_type": "pickup",
            "id": 1
        },
        {
            "x": 310,
            "y": 188,
            "node_type": "pickup",
            "id": 2
        },
        {
            "x": 749,
            "y": 693,
            "node_type": "pickup",
            "id": 3
        },
        {
            "x": 612,
            "y": 940,
            "node_type": "pickup",
            "id": 4
        },
        {
            "x": 918,
            "y": 565,
            "node_type": "pickup",
            "id": 5
        }
    ],
    "delivery_nodes": [
        {
            "x": 319,
            "y": 263,
            "node_type": "delivery",
            "id": 1
        },
        {
            "x": 768,
            "y": 341,
            "node_type": "delivery",
            "id": 2
        },
        {
            "x": 598,
            "y": 65,
            "node_type": "delivery",
            "id": 3
        },
        {
            "x": 896,
            "y": 174,
            "node_type": "delivery",
            "id": 4
        },
        {
            "x": 613,
            "y": 374,
            "node_type": "delivery",
            "id": 5
        }
    ],
    "travel_costs": [
        [
            0,
            485.7087604727755,
            559.6472103030623,
            176.34341496069538,
            260.93102536877444,
            364.2993274767331,
            489.9765300501648,
            392.8180240263932,
            617.5062752717579,
            601.9908637180469,
            310.5865418848666,
            213.84573879317776
        ],
        [
            485.7087604727755,
            0,
            76.48529270389177,
            592.6617922559207,
            738.9357211557715,
            642.3776148030066,
            45.69463863518345,
            418.1686262741384,
            297.6054434986027,
            539.6906521332384,
            283.0989226401259,
            582.4165176229121
        ],
        [
            559.6472103030623,
            76.48529270389177,
            0,
            669.1382517835907,
            810.3752217337349,
            715.3970925297361,
            75.53806987208503,
            482.8799022531379,
            313.16609011832685,
            586.1672116384539,
            355.5348084224666,
            645.4339625399333
        ],
        [
            176.34341496069538,
            592.6617922559207,
            669.1382517835907,
            0,
            282.44999557443793,
            212.00235847744713,
            608.1118318204309,
            352.51241112902676,
            645.898598852792,
            539.4163512538344,
            346.78091066262573,
            360.068049124051
        ],
        [
            260.93102536877444,
            738.9357211557715,
            810.3752217337349,
            282.44999557443793,
            0,
            484.0051652616943,
            737.6842142814228,
            618.9806135897957,
            875.1119928329174,
            816.9528750178923,
            566.0008833915367,
            228.9737976275888
        ],
        [
            364.2993274767331,
            642.3776148030066,
            715.3970925297361,
            212.00235847744713,
            484.0051652616943,
            0,
            670.8241200195473,
            269.58486604407153,
            593.6328831862332,
            391.61843674679056,
            359.86942076258714,
            567.1119818871754
        ],
        [
            489.9765300501648,
            45.69463863518345,
            75.53806987208503,
            608.1118318204309,
            737.6842142814228,
            670.8241200195473,
            0,
            455.72469759713476,
            342.11840055746785,
            583.8236034968096,
            314.25626485402006,
            569.9728063688653
        ],
        [
            392.8180240263932,
            418.1686262741384,
            482.8799022531379,
            352.51241112902676,
            618.9806135897957,
            269.58486604407153,
            455.72469759713476,
            0,
            324.154284253656,
            210.41150158677166,
            158.47397262642215,
            599.6432272610106
        ],
        [
            617.5062752717579,
            297.6054434986027,
            313.16609011832685,
            645.898598852792,
            875.1119928329174,
            593.6328831862332,
            342.11840055746785,
            324.154284253656,
            0,
            317.3089976663126,
            309.36386343592227,
            781.9565205303937
        ],
        [
            601.9908637180469,
            539.6906521332384,
            586.1672116384539,
            539.4163512538344,
            816.9528750178923,
            391.61843674679056,
            583.8236034968096,
            210.41150158677166,
            317.3089976663126,
            0,
            346.5385981387932,
            810.0154319517621
        ],
        [
            310.5865418848666,
            283.0989226401259,
            355.5348084224666,
            346.78091066262573,
            566.0008833915367,
            359.86942076258714,
            314.25626485402006,
            158.47397262642215,
            309.36386343592227,
            346.5385981387932,
            0,
            492.9523303525403
        ],
        [
            213.84573879317776,
            582.4165176229121,
            645.4339625399333,
            360.068049124051,
            228.9737976275888,
            567.1119818871754,
            569.9728063688653,
            599.6432272610106,
            781.9565205303937,
            810.0154319517621,
            492.9523303525403,
            0
        ]
    ],
    "incompatibilities": [
        [
            0,
            1,
            1,
            0,
            0
        ],
        [
            1,
            0,
            0,
            1,
            0
        ],
        [
            1,
            0,
            0,
            0,
            1
        ],
        [
            0,
            1,
            0,
            0,
            1
        ],
        [
            0,
            0,
            1,
            1,
            0
        ]
    ]
}