{
    "depot": [
        115,
        419
    ],
    "final_destination": [
        837,
        104
    ],
    "requests": [
        [
            [
                761,
                820
            ],
            [
                109,
                592
            ]
        ],
        [
            [
                131,
                249
            ],
            [
                735,
                32
            ]
        ],
        [
            [
                342,
                333
            ],
            [
                656,
                511
            ]
        ],
        [
            [
                243,
                454
            ],
            [
                703,
                419
            ]
        ],
        [
            [
                488,
                288
            ],
            [
                565,
                346
            ]
        ],
        [
            [
                409,
                24
            ],
            [
                705,
                823
            ]
        ],
        [
            [
                756,
                335
            ],
            [
                516,
                696
            ]
        ],
        [
            [
                753,
                173
            ],
            [
                677,
                876
            ]
        ],
        [
            [
                107,
                748
            ],
            [
                859,
                255
            ]
        ],
        [
            [
                843,
                933
            ],
            [
                276,
                392
            ]
        ],
        [
            [
                680,
                767
            ],
            [
                435,
                23
            ]
        ],
        [
            [
                220,
                586
            ],
            [
                989,
                868
            ]
        ],
        [
            [
                424,
                395
            ],
            [
                920,
                600
            ]
        ],
        [
            [
                566,
                543
            ],
            [
                475,
                173
            ]
        ],
        [
            [
                636,
                403
            ],
            [
                948,
                821
            ]
        ],
        [
            [
                527,
                744
            ],
            [
                951,
                219
            ]
        ],
        [
            [
                66,
                881
            ],
            [
                160,
                861
            ]
        ],
        [
            [
                675,
                432
            ],
            [
                296,
                371
            ]
        ],
        [
            [
                856,
                434
            ],
            [
                730,
                334
            ]
        ],
        [
            [
                465,
                876
            ],
            [
                522,
                355
            ]
        ],
        [
            [
                895,
                284
            ],
            [
                793,
                936
            ]
        ],
        [
            [
                802,
                452
            ],
            [
                913,
                227
            ]
        ],
        [
            [
                649,
                419
            ],
            [
                615,
                695
            ]
        ],
        [
            [
                686,
                147
            ],
            [
                452,
                417
            ]
        ],
        [
            [
                41,
                11
            ],
            [
                397,
                590
            ]
        ],
        [
            [
                229,
                831
            ],
            [
                829,
                682
            ]
        ],
        [
            [
                687,
                392
            ],
            [
                498,
                583
            ]
        ],
        [
            [
                446,
                184
            ],
            [
                167,
                697
            ]
        ],
        [
            [
                303,
                593
            ],
            [
                984,
                466
            ]
        ],
        [
            [
                965,
                144
            ],
            [
                904,
                513
            ]
        ]
    ],
    "travel_costs": [
        [
            0,
            760.3400555014841,
            170.75128110793196,
            242.7447218787671,
            132.69890730522238,
            395.33530072585216,
            492.4032899971323,
            646.4804714761306,
            683.7835914966079,
            329.0972500644756,
            891.1677732054723,
            663.5729048115211,
            197.2663174492797,
            309.9306374013386,
            467.736036670257,
            521.245623482826,
            524.7561338374236,
            464.59121816926324,
            560.150872533463,
            741.15180631231,
            575.6292209400076,
            791.5964881175256,
            687.7921197571254,
            534.0,
            632.4752959602454,
            414.65648433371933,
            427.48099372954584,
            572.6368831991177,
            405.93841897509526,
            256.1640099623677,
            893.3784192602818,
            173.1040149736568,
            730.8686612518011,
            548.7667992872747,
            588.0,
            455.8826603414524,
            715.0636335320095,
            487.3704956190927,
            724.3569562032245,
            761.8608796886739,
            163.24827717314506,
            509.132595695856,
            982.5868918319642,
            825.0975699879378,
            436.0229351765799,
            924.9286458965362,
            859.590600227806,
            444.2848185567452,
            187.25650856512306,
            620.8461967347469,
            412.0012135904457,
            852.627116622501,
            820.7728065670791,
            571.1182014259394,
            337.0059346658453,
            329.79539111394513,
            760.8974963817401,
            416.63533215511137,
            282.8214984756286,
            870.2700730233115,
            794.5797631452741,
            787.7239364142746
        ],
        [
            760.3400555014841,
            0,
            850.2593721918037,
            642.4406587382215,
            634.2554690343632,
            597.957356339062,
            870.3562489004144,
            485.02577251111103,
            647.0494571514607,
            657.9513659838393,
            139.61733416735902,
            96.7987603226405,
            589.4378678028754,
            542.3965339122292,
            338.7535977668724,
            435.3320571701561,
            246.03251817595174,
            697.6718426309034,
            397.4166579296847,
            397.5185530261449,
            301.25072614020365,
            552.4961538327665,
            370.2769233965303,
            416.3472108709268,
            677.1661539090683,
            1082.9963065495654,
            532.1137096523637,
            434.35008921375857,
            709.73304840623,
            511.16826975077396,
            706.1104729431507,
            690.7155709841786,
            788.428817332294,
            326.3525700833379,
            405.172802641046,
            512.9249457766701,
            56.080299571239806,
            274.592425241484,
            100.9554357129917,
            573.4361341945588,
            646.8454220290964,
            861.0952328285183,
            232.99785406737118,
            271.4424432545507,
            707.3931014648078,
            187.00267377767625,
            630.3181736234487,
            602.3968791419823,
            646.3946163142141,
            486.98767951561155,
            522.8250185291442,
            120.33287165193059,
            612.1707278202707,
            192.2004162326398,
            507.8287112796991,
            430.57635792040423,
            153.8440769090575,
            354.0310720826634,
            606.6011869424589,
            418.3837950972767,
            338.67093173167376,
            720.0222218792973
        ],
        [
            170.75128110793196,
            850.2593721918037,
            0,
            227.1057022621845,
            233.6000856164227,
            359.12393403949005,
            357.64367742209566,
            630.8890552228656,
            626.6258851978587,
            499.5768209194657,
            987.3196037757986,
            754.801298356064,
            348.5541564807398,
            327.3606573795941,
            525.0342845948253,
            527.9592787327447,
            633.909299505852,
            635.3337705489927,
            573.9555731936052,
            748.2312476768128,
            710.4118523786044,
            764.8012813796797,
            701.0349492001094,
            545.1825382383408,
            564.2951355452216,
            254.4484230644788,
            590.1931887102731,
            574.0949398836398,
            321.63644072150777,
            384.60369212996386,
            840.5837257525272,
            343.70481521212355,
            641.7982549056985,
            586.7444077279306,
            596.7277436151263,
            444.70776921479575,
            811.7585848021566,
            589.9440651451627,
            831.4114504864604,
            728.0247248548636,
            203.65166338628322,
            378.80337907679757,
            1057.9815688375675,
            863.5519671681607,
            352.2953306531325,
            997.3329434045584,
            820.5485969764375,
            612.6867062373722,
            205.20477577288497,
            605.0008264457165,
            405.1135643248693,
            954.0508372199041,
            782.3094017075342,
            658.1580357330602,
            362.30512003006527,
            432.4777450921608,
            821.3969807589993,
            496.2307930791881,
            449.44410108488466,
            880.1693018959477,
            816.8384173139752,
            720.7364289391788
        ],
        [
            242.7447218787671,
            642.4406587382215,
            227.1057022621845,
            0,
            156.33937443907087,
            152.77761616153066,
            316.18032829383935,
            414.004830889689,
            441.04534914223956,
            476.9171835864168,
            781.665529494553,
            550.0909015790027,
            280.87897749742683,
            102.80077820717118,
            307.0439707924583,
            302.21846402892066,
            450.71720623912285,
            613.5796606798502,
            347.40466318113806,
            523.8291706272189,
            556.7566793492468,
            555.1666416491539,
            475.14313632841214,
            318.81812997381434,
            391.0652119531984,
            440.77772176007267,
            510.6593776677365,
            350.00857132361773,
            181.70580618131055,
            262.90872941003687,
            651.0376333208395,
            348.3819742753634,
            495.025251881154,
            360.9432088293115,
            371.10241174101793,
            223.37860237721966,
            609.8106263423097,
            402.5481337678763,
            638.0235105386008,
            522.8508391501347,
            88.52683209061533,
            323.64950177622705,
            839.5439238062532,
            636.6890921006892,
            208.06008747474849,
            778.0616942119693,
            619.5780822462976,
            558.4872424684381,
            59.66573556070519,
            388.00128865765384,
            181.3394606807906,
            753.0006640103314,
            580.7555423756195,
            453.40158799898353,
            138.40520221436765,
            262.8193295783246,
            599.1410518400488,
            294.6794869005985,
            403.8824086290464,
            655.6317563998865,
            590.122021280345,
            545.4044370923287
        ],
        [
            132.69890730522238,
            634.2554690343632,
            233.6000856164227,
            156.33937443907087,
            0,
            295.9408724728641,
            460.9294956932134,
            526.6213060634748,
            582.2894469248091,
            323.9320916488516,
            767.7506105500667,
            537.529534072315,
            133.98880550254935,
            190.37331745809337,
            335.0373113550191,
            396.29534440868713,
            405.90146587564817,
            462.2315437094271,
            432.5598224523401,
            613.3261774944879,
            476.83120703242565,
            673.7981893712687,
            559.0035778060817,
            407.5058281791807,
            538.9786637706543,
            486.8808889245911,
            377.25985739275256,
            448.3079298874826,
            337.80023682644156,
            151.3968295572929,
            785.7378697759195,
            192.35384061671346,
            648.188244262421,
            416.9148594137657,
            461.3296001775737,
            339.6292095800948,
            591.2740481367333,
            364.8191332701727,
            605.342878045162,
            647.3461207113239,
            70.23531875061151,
            471.8315377335432,
            853.1775899541667,
            692.5640764579116,
            364.3967617858315,
            794.8043784479297,
            745.9819032657562,
            415.37693725097455,
            98.47842403288142,
            501.5665459338372,
            296.0439156611735,
            731.3166208968588,
            707.4100649552564,
            443.24372527989607,
            212.24985276791125,
            205.45559130868156,
            628.7924935938723,
            285.7726368986366,
            254.6075411294803,
            741.0971596221375,
            663.6279077917083,
            689.4461545327524
        ],
        [
            395.33530072585216,
            597.957356339062,
            359.12393403949005,
            152.77761616153066,
            295.9408724728641,
            0,
            275.56668884319095,
            272.0900586203031,
            288.8771365130858,
            597.2947346160017,
            736.2404498531713,
            516.0474784358508,
            400.7842312267288,
            124.67958934805647,
            266.6627083039546,
            187.42731924668826,
            457.6647244435603,
            727.8275894743205,
            236.01906702637393,
            395.9040287746514,
            588.4496579997307,
            407.0196555450363,
            354.2485003496839,
            207.56203891848818,
            243.0740627874558,
            525.8688049314202,
            601.6061834788602,
            224.53730202351682,
            112.16059914247964,
            356.72117963473937,
            498.2619792839908,
            485.856974839304,
            355.7316404257569,
            279.20064469839605,
            251.76576415390556,
            96.40020746865642,
            577.3335257890365,
            408.95965571190516,
            617.6285291338152,
            372.46476343407306,
            236.13555429032704,
            270.2480342204176,
            766.4209026377087,
            532.8864794681883,
            115.73245007343446,
            704.0518446819099,
            468.11323416455554,
            660.2370786316078,
            209.1721778822413,
            246.33310780323458,
            75.13321502504735,
            716.1906170845859,
            429.3553306994103,
            426.3543127493846,
            133.9290857132983,
            315.41242841714404,
            521.0729315556508,
            295.16944286290885,
            519.9249945905659,
            526.9724850502159,
            472.9492573204867,
            394.53390221880807
        ],
        [
            492.4032899971323,
            870.3562489004144,
            357.64367742209566,
            316.18032829383935,
            460.9294956932134,
            275.56668884319095,
            0,
            465.97210216921786,
            374.88264830477283,
            784.4615988051931,
            1007.2919139951438,
            790.8792575355608,
            592.9291694629301,
            371.3031106791324,
            542.2268897795461,
            441.78048847815813,
            729.6053727872348,
            923.0915447559901,
            487.05235858170323,
            606.555026357873,
            853.8383922031147,
            551.1769225938256,
            581.0619588305536,
            462.1958459354649,
            303.08084729985825,
            368.22954797245694,
            826.8306960920114,
            461.20277536025304,
            164.22241016377757,
            578.7892535284324,
            568.8022503471659,
            642.3581555487561,
            326.09814473559953,
            546.0567736050896,
            492.4032899971323,
            357.7988261579403,
            852.0663119734285,
            680.465281994607,
            893.1562013444233,
            505.82704554027157,
            391.29656272448904,
            26.019223662515373,
            1024.0781220199951,
            769.9980519455877,
            162.96318602678335,
            962.1486371657968,
            576.0112846116818,
            873.2525407921812,
            364.93561075893916,
            446.2521708630671,
            349.7570585420686,
            989.5453501482384,
            543.3461143691009,
            701.9095383309733,
            395.3454185898706,
            566.1271941887264,
            780.6177041292365,
            566.0406345837727,
            715.187388031976,
            725.250991036896,
            695.8060074474781,
            435.41244814543376
        ],
        [
            646.4804714761306,
            485.02577251111103,
            630.8890552228656,
            414.004830889689,
            526.6213060634748,
            272.0900586203031,
            465.97210216921786,
            0,
            162.02777539668932,
            769.2658838139125,
            604.2954575371223,
            438.63424398922626,
            591.8589358960461,
            337.3781261433527,
            281.71616922001476,
            137.92751719653336,
            468.7451333080697,
            879.8954483346303,
            126.37246535539298,
            140.71602609511115,
            614.2979732996032,
            148.06079832285113,
            125.71793825862721,
            136.03308421115798,
            200.6090725764914,
            784.984713226952,
            723.7022868555825,
            89.49860334105779,
            344.8202430252609,
            521.3185206761793,
            283.12894588861803,
            696.1738288674748,
            303.7268509697488,
            202.4252948620799,
            99.32270636667126,
            191.3164917094185,
            490.657721838758,
            433.49855824443057,
            546.7375970243861,
            130.41855696180662,
            483.3725271465063,
            447.6438316340347,
            581.7026731931013,
            311.64242329952447,
            324.35320254315354,
            522.5514328752721,
            226.8942484947558,
            794.9163478001947,
            461.4065452504982,
            26.019223662515373,
            234.8531456038007,
            602.1378579694187,
            190.55970193091716,
            386.6277279244208,
            314.86505045812885,
            440.34758997864407,
            354.5955442472452,
            357.865896670806,
            691.3501283720138,
            262.9543686649834,
            231.49082055234936,
            244.78970566590417
        ],
        [
            683.7835914966079,
            647.0494571514607,
            626.6258851978587,
            441.04534914223956,
            582.2894469248091,
            288.8771365130858,
            374.88264830477283,
            162.02777539668932,
            0,
            864.83582256981,
            765.3103945458993,
            598.4688797255877,
            674.2833232403126,
            396.8941924493227,
            414.5708624590011,
            258.04844506410035,
            614.0985262968801,
            986.5257219150446,
            270.4902955745363,
            280.58866691297425,
            759.7058641342715,
            180.23595645708434,
            283.2701890421934,
            267.0805122055894,
            71.8679344353238,
            730.1972336293804,
            841.1539692588985,
            228.72909740564273,
            307.1970051937356,
            615.5485358604958,
            213.974297521922,
            768.3078809956331,
            142.1442928857856,
            351.6432851626773,
            251.02987869972767,
            255.48581173912575,
            651.7698980468491,
            574.1933472272211,
            707.096174505279,
            134.01492454200763,
            524.8714128241317,
            351.60204777560665,
            733.9761576509144,
            458.4953652982765,
            278.0,
            676.704514540874,
            203.27321515635057,
            908.2912528478956,
            498.0491943573446,
            162.63455967290594,
            294.0833215264001,
            764.0477733754611,
            168.86681142249356,
            539.933329217599,
            387.4751604941922,
            548.2928049865327,
            514.6425944284052,
            482.83019789569914,
            786.1119513148238,
            373.10856328956055,
            372.02284876066415,
            108.70602559196061
        ],
        [
            329.0972500644756,
            657.9513659838393,
            499.5768209194657,
            476.9171835864168,
            323.9320916488516,
            597.2947346160017,
            784.4615988051931,
            769.2658838139125,
            864.83582256981,
            0,
            758.8945908359078,
            573.3149221850065,
            197.51708786836647,
            474.4449388495993,
            502.6987169269482,
            631.5583900163152,
            420.01904718714843,
            139.17614738165443,
            649.9846152025445,
            812.1557732356521,
            380.1946869697155,
            914.4615902267302,
            755.4078368669469,
            634.0386423554955,
            834.5310060147556,
            739.9493225890541,
            147.5567687366459,
            680.5409612947628,
            658.0402723238145,
            249.88197213884797,
            1049.275940827769,
            156.01281998605114,
            952.3864761744574,
            597.9715712306063,
            680.7767622356098,
            609.3997046274309,
            602.6848264225672,
            412.2923719886168,
            584.1951728660551,
            899.1957517693241,
            394.07740356432515,
            795.7443056660851,
            890.1258338010418,
            826.3613011268134,
            682.6778156641682,
            844.1623066685694,
            996.0808200141191,
            124.8118584109699,
            421.7226576791909,
            748.0140373014399,
            571.554021943683,
            711.2945943840709,
            959.7275655101296,
            510.7572809074776,
            478.10668265566005,
            330.2483913662563,
            725.0103447537834,
            424.38897252402774,
            78.74642849044011,
            921.2236427708528,
            830.9235825272983,
            973.4659726975566
        ],
        [
            891.1677732054723,
            139.61733416735902,
            987.3196037757986,
            781.665529494553,
            767.7506105500667,
            736.2404498531713,
            1007.2919139951438,
            604.2954575371223,
            765.3103945458993,
            758.8945908359078,
            0,
            232.64780248263682,
            713.1185034761053,
            681.9127510173131,
            478.3607425364251,
            568.9894550868231,
            368.20782175287917,
            778.7380817707582,
            528.4174486142562,
            499.1693099540476,
            382.27346232769025,
            651.0798722123116,
            482.74423870202736,
            549.3923916473543,
            801.5266683024339,
            1222.001636660115,
            622.4146527838175,
            563.0426271606796,
            847.7086763741422,
            638.1222453417527,
            798.3764776094046,
            809.343561165467,
            907.4497231251988,
            461.5766458563518,
            532.7250698061806,
            649.5021170096368,
            176.47662734764623,
            403.8539339909913,
            175.5135322418189,
            678.1887642832193,
            783.6899897280812,
            997.2782961641149,
            159.8155186457185,
            341.78648305630816,
            844.4074845712821,
            153.52198539622916,
            722.1218733704166,
            686.7845368090344,
            784.2531479057001,
            609.5654189666602,
            661.1542936410532,
            50.08991914547277,
            709.4617678212124,
            329.587621126765,
            647.4079085090017,
            562.6410934156871,
            251.39013504909062,
            491.4519305079593,
            716.0111730971802,
            487.8216887347261,
            424.4066446228193,
            829.0217126227756
        ],
        [
            663.5729048115211,
            96.7987603226405,
            754.801298356064,
            550.0909015790027,
            537.529534072315,
            516.0474784358508,
            790.8792575355608,
            438.63424398922626,
            598.4688797255877,
            573.3149221850065,
            232.64780248263682,
            0,
            494.32883792066997,
            451.57502145269285,
            251.3404066201851,
            366.64969657699163,
            154.719100307622,
            624.4933946808405,
            335.0373113550191,
            376.6497046328326,
            241.05186163977245,
            528.6908359334403,
            337.80023682644156,
            349.3780187705002,
            620.0290315783609,
            989.8772651192672,
            455.51838601751297,
            375.06532764306536,
            628.2077681786496,
            415.2168108350142,
            685.0941541131409,
            597.215204093131,
            737.0549504616329,
            257.12253887981115,
            348.75922926856,
            436.42410565870443,
            61.326992425847855,
            178.70926109186394,
            109.04127658827183,
            542.3882373355823,
            551.217742820385,
            783.301346864666,
            325.0876804802052,
            292.3850201361212,
            628.3796623061571,
            273.38617375427015,
            611.346873714097,
            528.4278569492718,
            551.6085568589378,
            435.8772763060722,
            441.2572945572685,
            203.29781110479277,
            588.1232863949531,
            97.0,
            417.71282000915414,
            333.79334924470857,
            171.5400827795067,
            258.80494585691366,
            517.7538024969011,
            427.8048620574572,
            338.6620734596657,
            681.3354533561277
        ],
        [
            197.2663174492797,
            589.4378678028754,
            348.5541564807398,
            280.87897749742683,
            133.98880550254935,
            400.7842312267288,
            592.9291694629301,
            591.8589358960461,
            674.2833232403126,
            197.51708786836647,
            713.1185034761053,
            494.32883792066997,
            0,
            279.45840477609545,
            348.6617271797982,
            454.47222137332,
            345.2723562638631,
            332.7777035800325,
            480.35507700033736,
            653.9113089708727,
            379.63798545456433,
            739.4788705568267,
            597.2269250460832,
            460.358555910499,
            640.2163696751279,
            602.2175686577069,
            245.16525039246488,
            505.6925943693461,
            461.17241894978935,
            83.2946576918352,
            866.2499639249633,
            111.16204388189341,
            756.4000264410361,
            442.40366182932985,
            511.0557699507951,
            420.267771783657,
            539.8092255602899,
            315.77840331472953,
            541.2476327892806,
            719.6401878716891,
            201.92077654367318,
            602.6557889873787,
            819.0756985773659,
            700.1399860027992,
            485.3802632987872,
            764.9895424121822,
            817.9547664755063,
            281.4693589007514,
            228.03727765433436,
            568.8620219350207,
            380.21704327923015,
            671.4380090522133,
            780.4678084328655,
            409.7633463354184,
            287.0278732109479,
            177.04519197086375,
            616.520072665927,
            278.01618657912707,
            123.00406497347964,
            773.3666659483068,
            687.8844379690531,
            782.9514672059821
        ],
        [
            309.9306374013386,
            542.3965339122292,
            327.3606573795941,
            102.80077820717118,
            190.37331745809337,
            124.67958934805647,
            371.3031106791324,
            337.3781261433527,
            396.8941924493227,
            474.4449388495993,
            681.9127510173131,
            451.57502145269285,
            279.45840477609545,
            0,
            205.10485123467947,
            212.15088969881793,
            363.8818489564985,
            603.6223985241104,
            253.71243564319033,
            433.75684432640367,
            482.74423870202736,
            483.9028828184432,
            382.27346232769025,
            226.27637967759694,
            360.7603082380322,
            542.3513621260668,
            477.6201419538334,
            263.0171097096157,
            212.14381914163798,
            232.04525420701884,
            596.3908114650997,
            371.52927206345396,
            478.0062761094252,
            259.3838853899756,
            280.0303554973996,
            149.27156460625716,
            512.0009765615687,
            314.74592928265173,
            543.4795304332998,
            456.97374103989824,
            148.03040228277433,
            372.16259887312697,
            736.8541239621313,
            536.6945127351313,
            227.7827912727386,
            675.3162222248181,
            555.612274882404,
            535.5856607490533,
            130.23056476879765,
            312.0208326378225,
            105.84894897919393,
            654.8602904436946,
            517.0541557709405,
            355.6416735985815,
            35.60898762952971,
            196.860356598275,
            496.3809021306118,
            202.03960007879644,
            396.5513838079499,
            564.482949255334,
            494.29141202331243,
            505.2227231627651
        ],
        [
            467.736036670257,
            338.7535977668724,
            525.0342845948253,
            307.0439707924583,
            335.0373113550191,
            266.6627083039546,
            542.2268897795461,
            281.71616922001476,
            414.5708624590011,
            502.6987169269482,
            478.3607425364251,
            251.3404066201851,
            348.6617271797982,
            205.10485123467947,
            0,
            156.5247584249853,
            204.74862636901867,
            603.526304314899,
            155.56991997169632,
            309.8080050611992,
            347.97988447610015,
            418.7147000046691,
            252.93675098727743,
            149.21461054467824,
            413.78255158959996,
            747.428257426758,
            443.2978682556459,
            193.49935400408964,
            378.5247680139306,
            267.7106647109898,
            564.2712113868649,
            459.6194077712559,
            538.2211441405847,
            95.51963149007642,
            184.78365728602733,
            197.00253805471644,
            312.60358283295477,
            160.96272860510285,
            351.0128202786901,
            410.8442527284518,
            326.95718374123544,
            536.2471445145419,
            533.4360317788816,
            358.55961847369264,
            381.0262458151669,
            472.4489390399771,
            503.19081867617575,
            515.7130985344468,
            320.13122309453047,
            265.6633207652121,
            193.08029417835473,
            453.8479921735911,
            469.32398191441274,
            159.70284906663375,
            169.91762710207553,
            175.41379649275027,
            297.4726878219243,
            78.89233169326407,
            427.68797037092355,
            425.03293989995643,
            339.3287491504367,
            515.9089066879927
        ],
        [
            521.245623482826,
            435.3320571701561,
            527.9592787327447,
            302.21846402892066,
            396.29534440868713,
            187.42731924668826,
            441.78048847815813,
            137.92751719653336,
            258.04844506410035,
            631.5583900163152,
            568.9894550868231,
            366.64969657699163,
            454.47222137332,
            212.15088969881793,
            156.5247584249853,
            0,
            357.9972066930132,
            743.8978424488137,
            48.60041152089147,
            222.1733557382613,
            502.9612311103113,
            285.02982300103264,
            173.08090593707902,
            20.615528128088304,
            260.83711392361323,
            712.5229820854903,
            590.6208597738485,
            52.17278984298233,
            289.932750823359,
            383.3914448706439,
            418.7147000046691,
            559.8660554096846,
            383.9817704006272,
            109.83624174196785,
            68.8839603971781,
            91.04943712072031,
            425.63012111456584,
            316.62122480970856,
            474.77363027025837,
            267.6434194969119,
            360.16801634792614,
            429.8848683077831,
            583.8099005669568,
            345.6370929168338,
            280.7507791618752,
            521.6013803662717,
            364.8026863936174,
            660.5603681723571,
            341.5025622158639,
            116.60617479361889,
            123.6931687685298,
            555.6419710569028,
            328.1843993854675,
            292.7541630788536,
            184.53184007102948,
            303.46334210246874,
            339.24917096435183,
            226.81269805722957,
            553.531390257138,
            353.6566131150385,
            289.6963927977012,
            360.2804463192528
        ],
        [
            524.7561338374236,
            246.03251817595174,
            633.909299505852,
            450.71720623912285,
            405.90146587564817,
            457.6647244435603,
            729.6053727872348,
            468.7451333080697,
            614.0985262968801,
            420.01904718714843,
            368.20782175287917,
            154.719100307622,
            345.2723562638631,
            363.8818489564985,
            204.74862636901867,
            357.9972066930132,
            0,
            480.9261897630446,
            345.3230371695465,
            452.04092735061056,
            145.83552379307312,
            589.0874298438221,
            401.1097106777646,
            347.1440623141926,
            617.8106506042122,
            879.4799599763488,
            310.4400103079499,
            386.65747115502626,
            565.8277122941223,
            270.142554959414,
            742.8620329509378,
            444.7785966073458,
            741.7600690250183,
            266.32686683847726,
            369.59572508350254,
            399.8099548535528,
            194.74342094150447,
            49.244289008980516,
            199.80990966416053,
            591.0541430359829,
            432.3251091481965,
            726.8459259017691,
            478.3513353174631,
            418.5510721524913,
            573.3628868352049,
            427.98364454731217,
            674.8340536754203,
            385.19865004955557,
            438.73682316395553,
            457.50300545460897,
            389.0321323489873,
            328.05487345869443,
            645.2015189070776,
            100.72239075796404,
            335.4906854146625,
            201.5341162185698,
            308.2985565973347,
            163.59095329510126,
            363.05509223807894,
            534.914011781333,
            442.1425109622462,
            711.1258679024411
        ],
        [
            464.59121816926324,
            697.6718426309034,
            635.3337705489927,
            613.5796606798502,
            462.2315437094271,
            727.8275894743205,
            923.0915447559901,
            879.8954483346303,
            986.5257219150446,
            139.17614738165443,
            778.7380817707582,
            624.4933946808405,
            332.7777035800325,
            603.6223985241104,
            603.526304314899,
            743.8978424488137,
            480.9261897630446,
            0,
            756.6254026927725,
            907.6943318099987,
            399.0313270909942,
            1021.5918950344114,
            851.9019896678255,
            743.8635627586553,
            960.8100748847298,
            870.3591212827037,
            170.4963342714441,
            790.4188762928173,
            793.8570400267292,
            372.9785516621565,
            1162.4844084975934,
            292.18145047213386,
            1080.9079516776626,
            696.4194138592059,
            786.9008832121107,
            731.591416023999,
            641.626838590781,
            486.5439342957632,
            611.020457922646,
            1010.3093585630096,
            532.1851181684809,
            933.9834045634858,
            923.0915447559901,
            899.042268194327,
            817.6460114254824,
            884.0384607017955,
            1105.2008867169804,
            96.1041102138717,
            559.4640292279745,
            860.2935545498409,
            696.1407903578125,
            729.0774993099157,
            1070.1051350217883,
            579.6524820959538,
            603.5660692915068,
            440.7289416410045,
            788.5239374933395,
            524.8123474157214,
            209.89759407863633,
            1007.4467727875254,
            915.2420444887789,
            1094.6095194177694
        ],
        [
            560.150872533463,
            397.4166579296847,
            573.9555731936052,
            347.40466318113806,
            432.5598224523401,
            236.01906702637393,
