{
    "depot": [
        867,
        471
    ],
    "final_destination": [
        838,
        20
    ],
    "requests": [
        [
            [
                19,
                829
            ],
            [
                657,
                301
            ]
        ],
        [
            [
                339,
                382
            ],
            [
                27,
                885
            ]
        ],
        [
            [
                596,
                160
            ],
            [
                553,
                261
            ]
        ],
        [
            [
                771,
                689
            ],
            [
                611,
                328
            ]
        ],
        [
            [
                828,
                520
            ],
            [
                822,
                1000
            ]
        ],
        [
            [
                41,
                969
            ],
            [
                916,
                442
            ]
        ],
        [
            [
                332,
                550
            ],
            [
                264,
                205
            ]
        ],
        [
            [
                152,
                746
            ],
            [
                447,
                787
            ]
        ],
        [
            [
                215,
                688
            ],
            [
                543,
                6
            ]
        ],
        [
            [
                750,
                10
            ],
            [
                151,
                369
            ]
        ],
        [
            [
                130,
                439
            ],
            [
                632,
                309
            ]
        ],
        [
            [
                794,
                771
            ],
            [
                771,
                817
            ]
        ],
        [
            [
                359,
                986
            ],
            [
                140,
                696
            ]
        ],
        [
            [
                10,
                869
            ],
            [
                328,
                310
            ]
        ],
        [
            [
                519,
                415
            ],
            [
                325,
                173
            ]
        ],
        [
            [
                614,
                473
            ],
            [
                176,
                985
            ]
        ],
        [
            [
                679,
                828
            ],
            [
                579,
                688
            ]
        ],
        [
            [
                456,
                613
            ],
            [
                56,
                551
            ]
        ],
        [
            [
                540,
                582
            ],
            [
                557,
                648
            ]
        ],
        [
            [
                487,
                645
            ],
            [
                459,
                436
            ]
        ],
        [
            [
                12,
                112
            ],
            [
                709,
                426
            ]
        ],
        [
            [
                419,
                417
            ],
            [
                400,
                78
            ]
        ],
        [
            [
                687,
                428
            ],
            [
                885,
                573
            ]
        ],
        [
            [
                505,
                427
            ],
            [
                760,
                200
            ]
        ],
        [
            [
                974,
                76
            ],
            [
                625,
                825
            ]
        ],
        [
            [
                422,
                658
            ],
            [
                156,
                15
            ]
        ],
        [
            [
                181,
                869
            ],
            [
                674,
                168
            ]
        ],
        [
            [
                700,
                309
            ],
            [
                894,
                993
            ]
        ],
        [
            [
                402,
                922
            ],
            [
                173,
                571
            ]
        ],
        [
            [
                547,
                830
            ],
            [
                422,
                149
            ]
        ]
    ],
    "travel_costs": [
        [
            0,
            920.47161824795,
            535.4484102133463,
            412.5069696380899,
            238.20159529272678,
            62.625873247404705,
            964.5102384111844,
            540.8012573949879,
            766.0613552451266,
            687.1630083175315,
            475.61539083591487,
            737.6943811633649,
            308.7539473431878,
            723.3871715754988,
            944.9089903265817,
            352.47694960096334,
            253.00790501484337,
            403.47614551544433,
            434.83905068427333,
            345.3259329966402,
            417.942579788181,
            927.3111667611902,
            451.2427284732686,
            185.06485349736184,
            364.66422912043345,
            409.2358733053592,
            482.6945203749469,
            793.0952023559341,
            232.66499521844705,
            647.7854583116234,
            480.916832726824,
            270.1851217221259,
            936.4806458224324,
            377.751240898028,
            293.2319900692965,
            530.9105386032566,
            56.938563381947034,
            659.0637298471217,
            525.6006088276534,
            566.745974842345,
            723.2288711051295,
            285.4277491765648,
            359.071023615106,
            761.0216816885048,
            562.5317768802043,
            618.5208161412194,
            861.2067115391054,
            360.60088740878047,
            814.9361938213323,
            356.97198769651385,
            409.4984737456295,
            164.28329190760695,
            610.3589108057652,
            103.5760590097924,
            291.35888522576414,
            428.81231325604443,
            844.6638384588273,
            359.2464335243984,
            522.6978094463378,
            701.1675976540844,
            549.2804383919018,
            451.9314107251232
        ],
        [
            920.47161824795,
            0,
            549.7353908927457,
            883.4534509525671,
            764.9209109443929,
            866.0034641963045,
            141.718029904455,
            419.2970307550484,
            156.77372228788855,
            241.44771690782247,
            1097.7804880758265,
            405.48859416757944,
            777.1672921578727,
            374.49833110442563,
            41.0,
            649.1502137410108,
            693.3693099640335,
            660.0007575753228,
            487.46794766425415,
            576.5847726050351,
            502.87175303450886,
            717.0341693392304,
            574.2334020239505,
            779.1180911774543,
            630.7138812488591,
            1216.1554176995637,
            437.77848279695064,
            166.8652150689292,
            856.8319555198674,
            394.1294203684876,
            528.0009469688478,
            828.1473298876233,
            56.568542494923804,
            779.6024627975465,
            775.541746136209,
            821.0054811022884,
            976.9227195638352,
            670.3737763367538,
            430.0558103316359,
            975.6561894438021,
            478.564520206001,
            803.8463783584522,
            752.0957385865181,
            179.80545041794477,
            604.0215227953388,
            723.8591023120453,
            221.32555207205516,
            577.4781381143359,
            280.4514218184675,
            567.6310421391698,
            589.956778077852,
            799.0675816224808,
            842.1175689890337,
            903.0459567486031,
            971.9681064726353,
            606.013201176344,
            825.4483630124904,
            930.5621956645349,
            890.2364854351904,
            300.4663042672173,
            790.4486068050219,
            1151.1915566055893
        ],
        [
            535.4484102133463,
            549.7353908927457,
            0,
            339.6071259558609,
            529.974527689775,
            508.0993997241091,
            658.310716911095,
            168.14577009250038,
            409.22487705416927,
            330.16965336020814,
            554.350971858082,
            216.6333307688362,
            598.6200798503171,
            604.3310351123795,
            587.7159177698014,
            183.0,
            289.6653241242382,
            560.817260790001,
            258.940147524481,
            283.5507009337131,
            301.78303464575345,
            424.062495394252,
            87.3212459828649,
            351.02706448363784,
            171.9912788486672,
            704.8836783470022,
            288.20999288713085,
            511.9892576998075,
            368.30693721405794,
            543.6625791794023,
            493.9311692938602,
            328.15392729632237,
            591.9062425756296,
            245.83937845674765,
            277.308492477241,
            784.3551491511994,
            580.111196237411,
            192.2342321232095,
            419.15271679902065,
            427.7756421303111,
            188.4489320744482,
            301.9569505740843,
            613.0652493821518,
            371.74857094547116,
            72.83543093852057,
            209.46837470128995,
            624.6422976392168,
            388.8907301543713,
            329.6209944769902,
            343.91859501922835,
            131.59027319676787,
            372.6070316030013,
            310.05967167627585,
            578.4436013994796,
            458.6556442474027,
            527.2997250141517,
            410.09511091940607,
            397.5185530261449,
            825.4368540354858,
            251.5491999589742,
            247.34186867572583,
            616.4778990361292
        ],
        [
            412.5069696380899,
            883.4534509525671,
            339.6071259558609,
            0,
            557.1947594872012,
            428.28028205837353,
            981.0739013958124,
            470.9522268765697,
            735.2088138753506,
            651.1105896850396,
            214.97906874856446,
            543.1362628291358,
            642.2810911119834,
            859.3282259998214,
            919.8244397709815,
            266.37192044207666,
            313.517144666763,
            673.136687456567,
            474.1402746023586,
            425.6994244769424,
            497.0975759345443,
            585.9692824713596,
            312.0544824225411,
            283.0282671395209,
            282.08154849263,
            387.2208672063013,
            527.5225113679984,
            821.5266276877456,
            181.70580618131055,
            786.3078277621303,
            671.7894015240194,
            153.62942426501505,
            921.6213973210474,
            109.77249200050075,
            168.66831356244717,
            869.8712548417725,
            426.5254974793418,
            335.0358189805979,
            644.4610151126288,
            162.8649747490233,
            491.6360442441135,
            153.28731193415845,
            679.9073466289359,
            703.727219879976,
            307.12212554617423,
            271.31162894354526,
            925.7564474525682,
            528.2736033534138,
            666.6940827696013,
            489.55592121840374,
            308.13146544940844,
            289.0069203323685,
            212.46176126540982,
            504.0734073525403,
            168.80758276807356,
            665.6320304793031,
            463.27637539594014,
            78.40918313565064,
            884.6993839717534,
            589.788097540125,
            174.34735443934906,
            279.5782538038322
        ],
        [
            238.20159529272678,
            764.9209109443929,
            529.974527689775,
            557.1947594872012,
            0,
            178.35358140502814,
            781.8567643756752,
            460.48018415562683,
            621.6188542829118,
            556.0008992798482,
            679.3246646486494,
            688.026889009434,
            85.16454661418683,
            507.8907362809446,
            781.9980818390798,
            372.26334764518515,
            267.02996086581743,
            166.68833192518306,
            324.0385779502188,
            254.57808232446092,
            287.3882391469769,
            953.4201592162817,
            444.846040782651,
            274.1842446239389,
            373.3630940518894,
            645.7383370994788,
            350.3740857997349,
            616.8468205316456,
            386.5759951160962,
            436.4057744805859,
            264.6828290615015,
            404.4007912949726,
            769.3841693198528,
            480.32072618199606,
            394.8683324856527,
            315.1539306434238,
            286.41578168809065,
            700.9315230462959,
            338.4966764977169,
            720.0506926598988,
            697.7105417004963,
            404.6245172996812,
            128.0,
            631.0388260638168,
            583.0008576323022,
            682.0351897079798,
            664.5607571922976,
            192.00260414900626,
            728.1957154501803,
            217.89217516927957,
            401.6876896296425,
            270.2091782304961,
            714.8160602560633,
            162.6407083112958,
            489.1237062339139,
            199.52944644838766,
            912.4149275411928,
            529.9528280894441,
            327.94054339163375,
            609.530967219878,
            642.9626738777299,
            672.3466367878997
        ],
        [
            62.625873247404705,
            866.0034641963045,
            508.0993997241091,
            428.28028205837353,
            178.35358140502814,
            0,
            906.0739484170152,
            496.9064298235635,
            712.777665194414,
            635.6044367371895,
            515.9302278409358,
            702.6841395677009,
            253.29232124168317,
            661.1482435883802,
            889.33964265628,
            326.3525700833379,
            219.10043359153812,
            342.14762895568924,
            383.4488231824424,
            294.5980312222062,
            363.18865621051543,
            912.3157348199143,
            421.77007954571644,
            168.35973390332975,
            336.1220016601115,
            467.38848937473847,
            428.8123132560445,
            735.1258395676213,
            246.78938388836747,
            585.7303133695574,
            418.40291585982044,
            277.85247884444004,
            880.2420121761969,
            377.7644768900326,
            289.74644087546613,
            480.03749853527074,
            117.59251676871278,
            646.0038699574485,
            465.2418725781247,
            587.725275958079,
            693.6353508869051,
            287.98784696580515,
            302.420237418067,
            710.1549126775087,
            542.30987451825,
            611.0793729132083,
            800.8301942359567,
            300.37476591751175,
            772.6221586260648,
            299.7081914129141,
            378.44021984984636,
            151.647617851386,
            615.262545585216,
            77.83315488916018,
            327.1452276894774,
            366.3795845840759,
            840.6003806803802,
            384.21348232460554,
            477.582453614033,
            656.9824959616504,
            549.9790905116303,
            500.09999000199946
        ],
        [
            964.5102384111844,
            141.718029904455,
            658.310716911095,
            981.0739013958124,
            781.8567643756752,
            906.0739484170152,
            0,
            510.1391966904719,
            249.098374141623,
            330.5102116425452,
            1192.6281901749596,
            537.420691823454,
            778.596814789272,
            318.4540783221342,
            104.69479452198185,
            731.7103251970686,
            757.8555271290169,
            653.3949800847876,
            546.7732619651404,
            631.4823829688363,
            551.2640020897428,
            857.4905247289907,
            669.0201790678664,
            842.613197143268,
            713.4844076782617,
            1291.4867401564757,
            491.81500587111003,
            172.04650534085255,
            932.6741124315611,
            364.04670030093666,
            524.7446998303079,
            908.6693568069741,
            85.15867542417506,
            873.7322244257676,
            857.776777489342,
            781.6149947384581,
            1021.4470128205379,
            795.8800160828264,
            444.92696029797963,
            1085.9894106297722,
            610.0,
            885.9350992030962,
            745.6567574963698,
            290.3962809679215,
            718.7836948623695,
            845.146141208726,
            135.94484175576503,
            606.9637550958047,
            418.26905216618644,
            607.6981158437139,
            677.3573650592426,
            860.8559693700219,
            960.6050176841677,
            932.2832187699187,
            1052.7687305386687,
            601.4914795739006,
            960.9063429908246,
            1020.9260502112776,
            853.3375650936739,
            419.3184947030121,
            904.1907984490884,
            1239.2780156203853
        ],
        [
            540.8012573949879,
            419.2970307550484,
            168.14577009250038,
            470.9522268765697,
            460.48018415562683,
            496.9064298235635,
            510.1391966904719,
            0,
            266.11275805567834,
            180.92263539977523,
            682.8791986874398,
            230.48861143232216,
            512.1376768018537,
            436.8352092036538,
            453.2604108015612,
            230.63824487712353,
            292.3234509922185,
            444.6268098079557,
            139.08630414242805,
            210.44714300745446,
            181.79658962697843,
            542.4426236939719,
            158.927656498169,
            375.3784756748847,
            212.26869764522513,
            798.0225560721951,
            140.5844941663198,
            352.93342148342936,
            439.8920322079044,
            378.5287307457652,
            353.0226621620771,
            409.4215431557065,
            453.0452516029718,
            363.8158875035558,
            356.5459297201413,
            665.2818951391959,
            593.9023488756379,
            351.63759753473465,
            263.4274093559742,
            583.4869321587246,
            255.97265478953022,
            384.8129415703167,
            513.8190342912571,
            241.20530674095875,
            240.03333101884,
            377.064981137204,
            462.12660602912706,
            282.936388610585,
            276.0018115882575,
            245.41597340026584,
            170.66048165876012,
            396.8689960175776,
            476.8731487513215,
            553.4780935140974,
            552.8869685568652,
            401.8382759270202,
            563.2060013884795,
            512.7260477096906,
            715.6067355747848,
            160.3807968554839,
            410.97566837952826,
            732.7591691681517
        ],
        [
            766.0613552451266,
            156.77372228788855,
            409.22487705416927,
            735.2088138753506,
            621.6188542829118,
            712.777665194414,
            249.098374141623,
            266.11275805567834,
            0,
            85.63293758829018,
            948.314293892062,
            307.7872641939559,
            642.4865757352445,
            316.9369022376536,
            187.86431273661316,
            494.21655172606273,
            536.6311582455868,
            533.3413541063546,
            331.8207347348866,
            421.23627574082457,
            349.89426974444723,
            649.2734400851461,
            423.70980635335786,
            622.3736819628543,
            475.78356423903506,
            1060.4640493670686,
            283.97887245356833,
            126.37246535539298,
            700.9086959083901,
            305.73845031333565,
            403.8328862289449,
            673.0898899849856,
            186.93849255838137,
            629.3059669191132,
            620.8099548170921,
            716.530529705469,
            822.260299418621,
            552.4717187331854,
            297.8355250805384,
            836.9474296513491,
            377.00132625761415,
            649.1294169886311,
            623.0585847253852,
            51.419840528729765,
            470.1829431189524,
            598.5465729581952,
            240.20199832640856,
            430.92110646845794,
            217.3499482401595,
            416.68813278038056,
            436.2900411423575,
            642.3776148030066,
            712.5503490982233,
            753.1387654343653,
            817.1780711693137,
            479.5518741491894,
            731.0109438305284,
            778.8247556414728,
            782.0313292957003,
            176.2554963681984,
            655.2167580274485,
            998.8353217623013
        ],
        [
            687.1630083175315,
            241.44771690782247,
            330.16965336020814,
            651.1105896850396,
            556.0008992798482,
            635.6044367371895,
            330.5102116425452,
            180.92263539977523,
            85.63293758829018,
            0,
            863.6602341198766,
            263.10834270315337,
            584.9187977830768,
            330.96827642540006,
            273.4702908909851,
            408.58903558465687,
            453.2394510631218,
            484.66070606146735,
            252.4004754353684,
            341.8493820383474,
            275.3779221361073,
            610.7249790208355,
            339.2005306599623,
            538.872897815431,
            390.15509736513764,
            974.9999999999999,
            209.1626161626403,
            184.16568627190026,
            615.5209175974445,
            299.5413160150032,
            361.09278585981195,
            587.4802124327252,
            272.31048455760936,
            544.5851632205931,
            535.1784749034662,
            682.4902929712628,
            742.9111656180704,
            485.47914476319164,
            252.23996511258875,
            756.774735307674,
            325.35672730097343,
            563.4980035457091,
            570.7687798049224,
            75.4254598925323,
            394.528832913388,
            526.6165587977652,
            299.5496619927988,
            364.0,
            209.88091861815357,
            344.33123587615455,
            350.7705802943001,
            559.1779680924492,
            637.4362713244361,
            679.7977640445722,
            731.5524588161809,
            432.2834718098762,
            675.5812312372215,
            693.6000288350629,
            744.3560975769594,
            124.31009613060397,
            577.3820225812369,
            913.4292528707409
        ],
        [
            475.61539083591487,
            1097.7804880758265,
            554.350971858082,
            214.97906874856446,
            679.3246646486494,
            515.9302278409358,
            1192.6281901749596,
            682.8791986874398,
            948.314293892062,
            863.6602341198766,
            0,
            753.9502636115992,
            762.2709492037592,
            1051.4071523439434,
            1133.790545030254,
            466.2467158061276,
            482.560876988593,
            821.075514188555,
            670.8539334311159,
            609.3307804468768,
            687.3092462640088,
            745.0154360816962,
            524.6046130182235,
            422.7209481442812,
            483.646565169236,
            233.52087701102874,
            726.2836911290243,
            1030.3601312162657,
            303.15177716780744,
            976.1393343165719,
            844.7538102903117,
            305.4995908344232,
            1135.0568267712415,
            319.0767932645682,
            347.0518693221519,
            992.6147288852811,
            462.79585132107655,
            523.6611499815506,
            833.9892085632764,
            207.03864373589778,
            698.3423229333877,
            321.4420632089086,
            807.2731879605566,
            917.9847493286585,
            517.7682879435549,
            455.18567640030153,
            1131.415485133556,
            699.2317212483999,
            879.9528396453983,
            666.5530736558043,
            515.9040608485265,
            418.01554994999884,
            356.5445273735105,
            578.9594113579984,
            190.26297590440447,
            824.5301692479178,
            594.0210433982958,
            175.32826355154492,
            993.4913185327791,
            804.7670470390794,
            356.2372804746859,
            88.56635930193812
        ],
        [
            737.6943811633649,
            405.48859416757944,
            216.6333307688362,
            543.1362628291358,
            688.026889009434,
            702.6841395677009,
            537.420691823454,
            230.48861143232216,
            307.7872641939559,
            263.10834270315337,
            753.9502636115992,
            0,
            742.3745685299302,
            593.000843169721,
            446.4302857109943,
            389.7396566940552,
            485.1927452054492,
            672.8461934201605,
            369.5294304923493,
            434.22229330148406,
            412.1710809845834,
            347.63918076074225,
            289.836160614924,
            557.1086070058512,
            375.19195087314966,
            918.7518707463947,
            365.0,
            433.0138565912181,
            584.6366392897387,
            554.3221085253592,
            571.6379973374758,
            544.768758281897,
            457.7390086064328,
            458.9259199478713,
            493.6415703726744,
            890.8338790144883,
            786.0057251699888,
            269.65162710430656,
            470.7366567413249,
            598.3794782577357,
            73.08214556237385,
            518.5595433506165,
            744.1538819357189,
            257.1944789454082,
            236.3154671196957,
            329.8196476864288,
            547.9343026312552,
            513.4218538395108,
            134.23859355639865,
            475.4050904228939,
            329.013677527242,
            579.1459228899051,
            450.800399289974,
            766.7991914445398,
            673.810804306372,
            627.7109207270493,
            424.7964218305046,
            607.7639344350732,
            943.7224168154531,
            138.82723075823418,
            411.53857656360725,
            822.6937461777621
        ],
        [
            308.7539473431878,
            777.1672921578727,
            598.6200798503171,
            642.2810911119834,
            85.16454661418683,
            253.29232124168317,
            778.596814789272,
            512.1376768018537,
            642.4865757352445,
            584.9187977830768,
            762.2709492037592,
            742.3745685299302,
            0,
            485.2319033204639,
            790.1012593332578,
            449.8455290430261,
            348.1436485130814,
            128.35108102388543,
            373.1058830948663,
            316.602274154814,
            331.85087012090236,
            1022.6460775850069,
            515.6946771104002,
            359.3021013019545,
            449.2849875079291,
            717.9310551856634,
            388.7840017284662,
            620.7841814994965,
            471.4657993958841,
            420.0773738253466,
            253.9488137400921,
            489.56000653648175,
            775.4256895409128,
            564.0753495766323,
            479.3099206150442,
            230.70543990118657,
            350.89172119045503,
            775.4069899091702,
            347.3686802231888,
            805.1248350411257,
            758.3224907649779,
            489.57941133180833,
            51.42956348249517,
            658.2864118299876,
            655.4975209716663,
            759.9769733353768,
            654.0030580968256,
            230.4647478466067,
            770.0935008166216,
            267.01685340067957,
            473.76154339498686,
            355.31676008879737,
            797.1731305055383,
            217.9105320997588,
            572.011363523488,
            177.4175865014514,
            989.232025361088,
            614.8243651645565,
            243.48305895893452,
            652.4116798463989,
            724.7537512838413,
            752.287843847021
        ],
        [
            723.3871715754988,
            374.49833110442563,
            604.3310351123795,
            859.3282259998214,
            507.8907362809446,
            661.1482435883802,
            318.4540783221342,
            436.8352092036538,
            316.9369022376536,
            330.96827642540006,
            1051.4071523439434,
            593.000843169721,
            485.2319033204639,
            0,
            368.0896629898753,
            592.9932545990722,
            572.8821868412388,
            356.880932525121,
            385.4062791392999,
            442.6928958092732,
            364.23206887916945,
            940.3642911127581,
            572.1546993602342,
            647.2619253439832,
            577.7516767608727,
            1098.3282751527433,
            333.99550895184206,
            213.00938946440837,
            758.0303424006192,
            77.10382610480494,
            244.29490375363955,
            747.0133867609067,
            347.0230539892127,
            750.5071618579,
            704.6048538010508,
            463.21161470757613,
            778.5788335165554,
            786.7566332735937,
            217.5890622251036,
            997.1238639206265,
            651.1167330056877,
            729.9712323098768,
            445.31449560956355,
            363.40198128243605,
            676.7104255144884,
            813.7106365287356,
            183.00273222004088,
            370.4105830021599,
            530.1264000217307,
            391.72439290909625,
            559.0169943749473,
            660.3786792439622,
            908.9251894408033,
            668.7637849046553,
            882.3814367947685,
            310.92925240317936,
            991.9929435232893,
            876.5551893634535,
            535.0457924327599,
            454.7757689235432,
            839.3676191038107,
            1078.237914376971
        ],
        [
            944.9089903265817,
            41.0,
            587.7159177698014,
            919.8244397709815,
            781.9980818390798,
            889.33964265628,
            104.69479452198185,
            453.2604108015612,
            187.86431273661316,
            273.4702908909851,
            1133.790545030254,
            446.4302857109943,
            790.1012593332578,
            368.0896629898753,
            0,
            682.053516961829,
            722.2409570219623,
            670.2551752877407,
            514.2489669411112,
            602.718010349782,
            526.9772291095699,
            757.0026420033156,
            609.5777226900603,
            807.9665834674105,
            663.6181130740781,
            1248.2567844798602,
            462.8876753598004,
            171.0,
            888.6506625215559,
            395.5666821156706,
            538.4143385906434,
            860.9488951151515,
            23.3452350598575,
            815.1766679683614,
            808.62970511848,
            822.4992401212295,
            1001.5812498244962,
            710.9233432656434,
            444.62680980795574,
            1014.3263774545153,
            519.5007218474291,
            836.9492218766918,
            762.7745407392672,
            216.40009242142202,
            643.1212949358776,
            763.9640043876414,
            202.5141970331957,
            597.0946323657582,
            321.3098193333033,
            589.9576255969575,
            623.7707912366528,
            827.5566445869431,
            881.9189305145909,
            923.7104524687376,
            1005.0179102881699,
            616.5719747117931,
            866.3902123177525,
            965.5552806546086,
            892.6544684254934,
            339.66601242985735,
            829.5444532995203,
            1185.911042194987
        ],
        [
            352.47694960096334,
            649.1502137410108,
            183.0,
            266.37192044207666,
            372.26334764518515,
            326.3525700833379,
            731.7103251970686,
            230.63824487712353,
            494.21655172606273,
            408.58903558465687,
            466.2467158061276,
            389.7396566940552,
            449.8455290430261,
            592.9932545990722,
            682.053516961829,
            0,
            111.3058848399311,
            442.9096973424718,
            207.78113485107352,
            168.31518053936784,
            232.2154172315008,
            590.642023564189,
            100.0199980003999,
            168.50222550459088,
            18.439088914585774,
            567.4028551214736,
            261.6447973876033,
            566.0035335578746,
            209.7546185427153,
            520.324898500927,
            415.94350577933056,
            178.99720668211557,
            680.4145795028205,
            157.7085920297306,
            126.62148316932637,
            658.8125681861268,
            397.9170767886194,
            330.34073318317866,
            378.9036816923267,
            409.7035513636659,
            370.86385642173326,
            154.93547043850222,
            474.45547736326114,
            471.8071639981742,
            217.9587116864109,
            310.16124838541646,
            665.2435644183264,
            279.51565251341475,
            482.560876988593,
            236.07837681583632,
            63.56886030125127,
            190.3181546778972,
            357.39334073258834,
            398.6477141537375,
            322.9643943223463,
            423.4808142053191,
            540.1564588154065,
            291.60589843142753,
            688.9912916721082,
            379.54182905181875,
            283.1342437784593,
            507.7263042230528
        ],
        [
            253.00790501484337,
            693.3693099640335,
            289.6653241242382,
            313.517144666763,
            267.02996086581743,
            219.10043359153812,
            757.8555271290169,
            292.3234509922185,
            536.6311582455868,
            453.2394510631218,
            482.560876988593,
            485.1927452054492,
            348.1436485130814,
            572.8821868412388,
            722.2409570219623,
            111.3058848399311,
            0,
            360.90164865237176,
            211.10187114282053,
            131.7459676802292,
            213.80598681982693,
            701.9437299385186,
            202.88173895153798,
            85.75546629807339,
            118.3089176689568,
            535.91883713861,
            266.6252051100946,
            586.7750846789595,
            185.18099254513137,
            496.5329797707298,
            363.2327077783607,
            177.2935419015594,
            717.1561894036752,
            220.60145058453267,
            145.03103116229988,
            566.562441395474,
            303.58689036254515,
            440.8219595256116,
            355.64729719203547,
            472.36638322387,
            474.5366160793074,
            164.98484778912277,
            378.133574282951,
            523.8368066487883,
            329.1883959072677,
            416.5585192983094,
            673.7863162754197,
            217.83020910791964,
            563.425239051287,
            184.04890654388578,
            159.3549497191725,
            105.99056561788885,
            449.2449220636779,
            288.8615585362649,
            309.58843647655834,
            352.17183305880667,
            647.7098115668775,
            310.8456208473911,
            590.5929224093361,
            451.75767840735153,
            376.61651583540515,
            505.35630994378613
        ],
        [
            403.47614551544433,
            660.0007575753228,
            560.817260790001,
            673.136687456567,
            166.68833192518306,
            342.14762895568924,
            653.3949800847876,
            444.6268098079557,
            533.3413541063546,
            484.66070606146735,
            821.075514188555,
            672.8461934201605,
            128.35108102388543,
            356.880932525121,
            670.2551752877407,
            442.9096973424718,
            360.90164865237176,
            0,
            309.7644266212633,
            282.55441953719287,
            265.2413994835648,
            978.5422831947529,
            486.33424720042075,
            400.0799920015996,
            437.1235523281718,
            807.7926714200865,
            308.1379561170613,
            499.68490071243895,
            519.4246817393259,
            292.5149568825499,
            132.015150645674,
            527.4590031462161,
            654.4868218688594,
            580.8313008094519,
            504.6028141023393,
            223.68057582186253,
            452.9514322750288,
            748.567966186104,
            235.59499145779816,
            833.1746515587232,
            699.6177527764714,
            521.1237856786043,
            92.65527507918802,
            554.9279232476953,
            625.7195857570706,
            744.540798076237,
            526.9326332653919,
            172.04650534085255,
            681.8049574475094,
            217.44884455889851,
            449.51529451176634,
            403.11784877377977,
            800.2130966186445,
            327.81244637749796,
            633.2021794024403,
            54.08326913195984,
            966.6943674191962,
            660.0189391222043,
            271.01660465735307,
            567.5253298311891,
            726.0096418092531,
            823.4955980453083
        ],
        [
            434.83905068427333,
            487.46794766425415,
            258.940147524481,
            474.1402746023586,
            324.0385779502188,
            383.4488231824424,
            546.7732619651404,
            139.08630414242805,
            331.8207347348866,
            252.4004754353684,
