{
    "depot": [
        201,
        818
    ],
    "final_destination": [
        439,
        946
    ],
    "requests": [
        [
            [
                649,
                615
            ],
            [
                407,
                662
            ]
        ],
        [
            [
                424,
                449
            ],
            [
                66,
                482
            ]
        ],
        [
            [
                159,
                351
            ],
            [
                896,
                164
            ]
        ],
        [
            [
                209,
                662
            ],
            [
                877,
                363
            ]
        ],
        [
            [
                578,
                13
            ],
            [
                84,
                139
            ]
        ],
        [
            [
                887,
                400
            ],
            [
                813,
                751
            ]
        ],
        [
            [
                214,
                858
            ],
            [
                945,
                442
            ]
        ],
        [
            [
                791,
                975
            ],
            [
                186,
                878
            ]
        ],
        [
            [
                696,
                811
            ],
            [
                339,
                533
            ]
        ],
        [
            [
                22,
                657
            ],
            [
                923,
                306
            ]
        ],
        [
            [
                474,
                886
            ],
            [
                609,
                489
            ]
        ],
        [
            [
                820,
                263
            ],
            [
                607,
                788
            ]
        ],
        [
            [
                925,
                57
            ],
            [
                568,
                707
            ]
        ],
        [
            [
                721,
                666
            ],
            [
                714,
                26
            ]
        ],
        [
            [
                388,
                890
            ],
            [
                513,
                365
            ]
        ],
        [
            [
                861,
                479
            ],
            [
                119,
                820
            ]
        ],
        [
            [
                698,
                215
            ],
            [
                803,
                18
            ]
        ],
        [
            [
                187,
                137
            ],
            [
                251,
                988
            ]
        ],
        [
            [
                512,
                388
            ],
            [
                129,
                554
            ]
        ],
        [
            [
                653,
                318
            ],
            [
                498,
                801
            ]
        ],
        [
            [
                998,
                179
            ],
            [
                85,
                96
            ]
        ],
        [
            [
                691,
                423
            ],
            [
                641,
                345
            ]
        ],
        [
            [
                651,
                17
            ],
            [
                804,
                316
            ]
        ],
        [
            [
                119,
                336
            ],
            [
                47,
                235
            ]
        ],
        [
            [
                821,
                1
            ],
            [
                411,
                438
            ]
        ],
        [
            [
                191,
                89
            ],
            [
                409,
                814
            ]
        ],
        [
            [
                103,
                156
            ],
            [
                971,
                697
            ]
        ],
        [
            [
                578,
                479
            ],
            [
                518,
                521
            ]
        ],
        [
            [
                275,
                291
            ],
            [
                868,
                452
            ]
        ],
        [
            [
                919,
                137
            ],
            [
                206,
                791
            ]
        ]
    ],
    "travel_costs": [
        [
            0,
            491.84652077655284,
            431.1496260000697,
            468.8848472706278,
            156.2049935181331,
            888.9060692784137,
            803.3181188047486,
            42.05948168962618,
            610.5317354568884,
            495.04949247524735,
            240.75298544358697,
            281.3414295833445,
            831.3759678990006,
            1050.3794552446275,
            541.7600945067844,
            200.3821349322339,
            741.9710236929741,
            781.4205013947355,
            681.1438908189664,
            530.6797527699733,
            674.0207711932919,
            1021.5331614783731,
            629.3846200853656,
            918.7496938775,
            488.9253521755648,
            1025.6164000248825,
            729.0685838794592,
            669.2144648765446,
            507.0009861923347,
            532.1700855929427,
            989.5882982331591,
            258.40278636268613,
            362.10633797270106,
            954.3275119161136,
            814.8625650991706,
            689.0065311736893,
            615.6565601047389,
            833.6138194631852,
            61.84658438426491,
            316.6528067142308,
            885.1146818350716,
            524.1230771488697,
            407.1068655770865,
            383.4188310451118,
            943.6275748408374,
            550.0481797079235,
            82.02438661763951,
            1001.2012784650248,
            177.20045146669352,
            273.6421020237931,
            297.4861341306516,
            731.2591879764658,
            646.0100618411451,
            784.6100942506412,
            602.9966832412928,
            434.1658669218482,
            208.0384579831335,
            779.4491644745024,
            434.39383052709206,
            760.8186380472023,
            27.459060435491963,
            270.2369330791037
        ],
        [
            491.84652077655284,
            0,
            279.60865508778517,
            556.5932087260857,
            442.5031073337226,
            606.1724177162798,
            320.73197533142843,
            498.27101059563955,
            386.99353999776275,
            201.55644370746376,
            628.4051241038699,
            322.59262235829266,
            391.33745029066665,
            622.527107843506,
            88.23264701911646,
            379.13849712209384,
            251.87298386289865,
            402.9900743194552,
            664.7766542230556,
            265.1377000729998,
            297.0269348055829,
            558.477394350031,
            196.5400722499104,
            598.0033444722529,
            598.949914433586,
            637.6362599476287,
            697.45250734369,
            713.3000771064027,
            153.4177303964571,
            494.82522166922735,
            548.9845170858647,
            246.52180430947686,
            597.9782604744089,
            514.2081290683764,
            339.83525420415106,
            738.783459479163,
            213.0539837693724,
            342.84836298282073,
            532.4828635740308,
            320.6618156251224,
            412.9854718994362,
            132.19682295728595,
            178.02527910383964,
            122.57650672131264,
            592.5757335564797,
            284.59796204470615,
            568.2649030161901,
            616.5427803486147,
            545.4658559433395,
            523.5656596836733,
            239.57671005337724,
            766.4574352173772,
            270.11849251763573,
            336.78776699874356,
            711.9016786045668,
            296.60242750186654,
            311.7707491090208,
            332.27699288394916,
            161.23585209251695,
            273.00183149568795,
            476.68123520860354,
            391.9961734507111
        ],
        [
            431.1496260000697,
            279.60865508778517,
            0,
            282.5402626175604,
            302.6450065671,
            462.3980968818967,
            465.58565269990874,
            459.76189489778295,
            641.3774239868442,
            452.80017667841076,
            452.6234638195417,
            439.85111117286044,
            437.5065713792194,
            636.1328477605916,
            367.8287645087045,
            442.4669479181468,
            438.0285378830927,
            360.32207814676025,
            391.8073506201741,
            107.07474025184464,
            263.8219096284462,
            634.3311438042437,
            268.26293072282647,
            488.00922122435355,
            325.25989608311687,
            598.5925158235775,
            428.82280722927976,
            434.6147719532782,
            156.89486925964152,
            217.17504460687928,
            585.1230639788522,
            213.67732682715777,
            359.5177325251148,
            551.3701116310169,
            461.09109728989563,
            460.10868281309365,
            492.4682730897494,
            521.0470228299937,
            490.59657560973653,
            119.5031380341119,
            519.0857347298229,
            189.27493230747697,
            385.24018481980823,
            295.4657340538831,
            512.8635296060736,
            122.38055401083948,
            480.2770034053265,
            573.93553644987,
            566.0830327787612,
            313.1293662370235,
            359.69431466176945,
            489.41802173602065,
            240.63457773146402,
            402.60278190792474,
            433.50317184537414,
            17.029386365926403,
            365.3080891521566,
            600.5938727626182,
            118.40608092492548,
            444.010135019461,
            405.5712021334848,
            497.2263066250618
        ],
        [
            468.8848472706278,
            556.5932087260857,
            282.5402626175604,
            0,
            314.99365072966157,
            538.3353973128649,
            729.6471750099495,
            509.9745091668798,
            888.1441324469808,
            707.0848605365553,
            335.26854907670656,
            620.8461967347469,
            666.8320628164186,
            820.4827847066628,
            644.2584884966592,
            585.6295757558697,
            713.574102669092,
            555.8929753108956,
            215.82400237230337,
            354.93379664382485,
            495.1009997970111,
            856.4490644515878,
            536.8500721803063,
            594.6595664748024,
            42.720018726587654,
            748.8284182641576,
            263.94696436973845,
            202.88173895153798,
            438.1152816325859,
            130.59862173851607,
            789.5543046554809,
            397.77506206397607,
            160.65490966665163,
            760.3538649865601,
            718.1002715498721,
            224.8755211222422,
            766.6263757528826,
            791.2502764612473,
            527.6911975767646,
            255.97656142701817,
            765.3241143463337,
            470.6846077789245,
            625.8378384214236,
            542.2333446035941,
            643.1562796086189,
            354.2767279966326,
            470.7026662342163,
            725.0,
            643.60935356783,
            205.20477577288497,
            563.4012779538222,
            265.5202440493003,
            482.0373429517676,
            645.9489143887464,
            161.245154965971,
            266.59519875646674,
            526.1834280932839,
            882.6437559967214,
            397.2165656162895,
            716.1578038393494,
            442.5031073337226,
            657.5902979819577
        ],
        [
            156.2049935181331,
            442.5031073337226,
            302.6450065671,
            314.99365072966157,
            0,
            746.5668087987839,
            726.861747514615,
            196.0637651377735,
            660.8275115338344,
            509.2838108559902,
            187.06683297688025,
            346.9884724310017,
            729.7410499622451,
            937.379858968604,
            512.0156247615887,
            289.8706608127149,
            677.1949497744353,
            662.5179242858264,
            525.4607501992895,
            408.5156055770697,
            561.6689416373315,
            925.0999945951789,
            538.0009293672271,
            781.913678100083,
            338.1952099010274,
            900.813521212909,
            573.2826527987743,
            516.9835587327705,
            411.88590653237947,
            376.8248930206177,
            883.020384815662,
            198.0,
            229.88910370002316,
            848.5122273721222,
            731.8640584152223,
            537.7304157289227,
            610.5219078788247,
            768.1770629223447,
            217.22108553268947,
            183.14202139323461,
            797.8295557323006,
            435.8084441586693,
            417.4685616905781,
            361.80934205738794,
            812.1089828342007,
            425.0,
            181.8350901228913,
            876.1118650035507,
            328.69438693108225,
            134.40238093129153,
            320.68988134956805,
            579.4238517700147,
            535.8292638518355,
            688.2884569713488,
            456.69793080328265,
            301.6289110811495,
            251.20509548972132,
            762.8033822683274,
            339.64981966725674,
            691.6509235156127,
            129.03487900563943,
            365.4531433713493
        ],
        [
            888.9060692784137,
            606.1724177162798,
            462.3980968818967,
            538.3353973128649,
            746.5668087987839,
            0,
            495.22722057657535,
            920.0657585194658,
            985.2984319484121,
            806.6771349183016,
            850.8066760433888,
            879.1729067709036,
            347.9425239892359,
            349.7785013404912,
            668.4743824560519,
            897.3455298824417,
            545.2017975025394,
            234.95531490051462,
            410.1914187303289,
            380.76370625362915,
            314.0859754907882,
            451.61488018000466,
            425.2869619445205,
            73.10950690573695,
            561.2575166534521,
            243.29611587528476,
            394.3919370372574,
            496.0584642962964,
            466.0,
            411.2091925042532,
            362.8456972323084,
            671.1497597407005,
            694.3378140357905,
            352.02982828163863,
            460.327057644888,
            509.8156529570271,
            774.5121044890132,
            564.5617769562513,
            949.6783666062947,
            572.2945046040544,
            452.63009179682257,
            477.00838567052466,
            775.5423908465609,
            694.0720423702428,
            136.6199107011859,
            357.9511139806664,
            928.4018526478715,
            225.05554869853796,
            1028.3744454234557,
            703.051918424237,
            792.0505034402794,
            499.9379961555233,
            337.92454779136716,
            378.00132274900835,
            575.5388779222478,
            456.63333211669953,
            818.6342284561524,
            788.8631059949502,
            511.53103522660285,
            526.1378146455546,
            862.3618729976413,
            943.2974080320585
        ],
        [
            803.3181188047486,
            320.73197533142843,
            465.58565269990874,
            729.6471750099495,
            726.861747514615,
            495.22722057657535,
            0,
            814.0595801291205,
            582.9588321657027,
            453.21297421852347,
            902.3713204662481,
            637.7813104818923,
            152.50573759698352,
            345.0985366529391,
            313.5474445757771,
            699.3575623384651,
            83.16850365372699,
            264.4730610100015,
            747.7760359893864,
            375.19195087314966,
            247.95160818191923,
            247.30952266340248,
            197.34487578855445,
            449.8722040757797,
            770.6620530427068,
            404.42180950092194,
            762.3234221772278,
            821.0919558733967,
            318.9388656153402,
            621.6309194369276,
            264.9396157617807,
            546.8491565322197,
            825.0848441221059,
            236.17154782064665,
            38.3275357934736,
            844.3518224058025,
            358.71576491701614,
            71.61005515987263,
            848.4603703179071,
            563.9086805503174,
            100.65783625729297,
            291.8989551197469,
            478.48092960953,
            442.7301661283089,
            412.0740224765449,
            375.6341305046707,
            875.3422187921705,
            391.1265779770022,
            866.1639567656922,
            773.4856171901324,
            558.6787985954005,
            857.6829250952825,
            252.0734020082246,
            118.0889495253472,
            856.0519844028165,
            477.514397688698,
            632.3606565876786,
            308.65028754239,
            388.332331901427,
            55.362442142665635,
            785.2655601769378,
            706.2719023152486
        ],
        [
            42.05948168962618,
            498.27101059563955,
            459.76189489778295,
            509.9745091668798,
            196.0637651377735,
            920.0657585194658,
            814.0595801291205,
            0,
            588.7427281928839,
            484.28607248195766,
            277.96582523756405,
            261.50334605889844,
            849.2708637413626,
            1071.037814458481,
            542.1374364494671,
            176.91806012954132,
            749.8333148106985,
            804.8012176929159,
            721.5053707353813,
            556.5105569528757,
            695.9317495272077,
            1037.1581364478611,
            645.5648689326271,
            947.760518274527,
            530.5742172401519,
            1050.1895067081941,
            769.3438762997987,
            710.7214644289281,
            525.487392807858,
            570.2718649907252,
            1008.3977389899286,
            275.0727176584403,
            404.0792001575929,
            973.0159299826494,
            827.40195793822,
            730.6579226970716,
            608.481717063052,
            841.0808522371675,
            34.40930106817051,
            348.209706929603,
            898.5460477905403,
            540.5423202673404,
            399.1854205754514,
            384.8597147013441,
            970.6822343073968,
            576.584772605035,
            102.31813133555559,
            1025.9244611568631,
            135.16286472252648,
            315.6596268134397,
            289.66359798911566,
            772.8421572352274,
            667.4563656150115,
            801.1641529674179,
            644.9945736205849,
            463.9062405271134,
            199.90247622278218,
            773.9315215185385,
            453.8557039412417,
            769.7739928056806,
            67.47592163134935,
            241.5967715016076
        ],
        [
            610.5317354568884,
            386.99353999776275,
            641.3774239868442,
            888.1441324469808,
            660.8275115338344,
            985.2984319484121,
            582.9588321657027,
            588.7427281928839,
            0,
            189.52836199366047,
            832.1568361793347,
            329.2567387313432,
            712.5903451493011,
            927.7284085334458,
            316.8296072023573,
            411.8664832199872,
            500.9151624776395,
            765.6689885322508,
            1032.9859631185702,
            649.9307655435308,
            671.3367262410123,
            822.474923629894,
            560.9848482802365,
            968.1756039066469,
            927.310627567699,
            974.461902795589,
            1070.0448588727484,
            1069.628440160414,
            539.8008892174967,
            856.8033613379444,
            847.7192931625422,
            495.40387564087547,
            876.7405545541966,
            817.7689160147871,
            618.0129448482451,
            1094.872138653642,
            225.07776433935007,
            554.8017663994951,
            612.7266927431838,
            632.1930085029413,
            681.8980862269669,
            518.960499460219,
            262.3451924468981,
            348.6445180983059,
            952.1186900801811,
            670.3610967232512,
            689.6441111181912,
            957.0752321526245,
            540.1564588154066,
            784.5285208327356,
            340.7711842277747,
            1127.4205071755614,
            647.6109943476871,
            659.1282121105119,
            1049.3502751703074,
            657.8518070203958,
            414.5419158541148,
            331.1857484856497,
            529.7593793412251,
            528.6378722717471,
            613.2544333308973,
            353.1925820285585
        ],
        [
            495.04949247524735,
            201.55644370746376,
            452.80017667841076,
            707.0848605365553,
            509.2838108559902,
            806.6771349183016,
            453.21297421852347,
            484.28607248195766,
            189.52836199366047,
            0,
            691.3696551049952,
            234.32669502214213,
            561.8540735813882,
            788.0082486877914,
            147.13938969562162,
            317.9701243827791,
            370.7411495909241,
            596.0033556952511,
            844.6046412375438,
            461.28624518838626,
            494.8717005446967,
            700.4484277946522,
            388.03221515745315,
            795.2741665614444,
            747.3647034748162,
            819.5883112880515,
            881.0839914559792,
            883.5575815983925,
            352.3464204444257,
            669.0597880608278,
            709.9330954392815,
            325.1491965236882,
            710.7327205075055,
            677.2067631085798,
            483.1821602667052,
            908.9158376879566,
            131.48764200486673,
            445.1539059696095,
            514.3821536562092,
            452.47430866293394,
            553.673188803648,
            333.54609876297457,
            91.92388155425118,
            164.92422502470643,
            785.2063423075492,
            482.0840175737005,
            577.070186372507,
            800.186228324382,
            478.90917719333794,
            622.5255014856821,
            198.25236442474022,
            940.5030568796678,
            469.2344829613442,
            506.6448460213525,
            867.742473317977,
            469.4187895685472,
            287.0156790142309,
            297.69279467262896,
            340.2704806473814,
            398.0766257895583,
            490.40799340956914,
            290.29984498790213
        ],
        [
            240.75298544358697,
            628.4051241038699,
            452.6234638195417,
            335.26854907670656,
            187.06683297688025,
            850.8066760433888,
            902.3713204662481,
            277.96582523756405,
            832.1568361793347,
            691.3696551049952,
            0,
            506.7001085454788,
            889.9662914964813,
            1084.1628106516107,
            699.0579375130504,
            433.87210096985956,
            857.6741805604271,
            807.6756774844715,
            545.5501810099599,
            558.9821106260915,
            716.2974242589456,
            1086.7658441449105,
            708.7432539361487,
            897.352216245104,
            335.33565274214425,
            1033.7973689268126,
            592.608639829019,
            507.5056649930127,
            583.7979102394938,
            444.9325791622816,
            1036.8264078427017,
            385.03246616356915,
            180.4466680213298,
            1003.4565262132684,
            904.1354986947476,
            521.6972302015796,
            796.5657537203066,
            947.7098712158695,
            275.2035610234722,
            340.3894827987492,
            966.9550144655127,
            610.5677685564478,
            599.4881149781037,
            548.2845976315585,
            936.4961291964852,
            571.2661376276385,
            189.67867565965344,
            1009.0995986521847,
            402.4947204622689,
            148.51935900750448,
            497.30473554954204,
            564.5263501378832,
            693.1846795768066,
            853.1148808923685,
            422.73987273499523,
            446.4101253331962,
            417.6338108917907,
            949.8426185426721,
            514.3073011342537,
            870.4831991486108,
            227.62249449472256,
            507.3558908695158
        ],
        [
            281.3414295833445,
            322.59262235829266,
            439.85111117286044,
            620.8461967347469,
            346.9884724310017,
            879.1729067709036,
            637.7813104818923,
            261.50334605889844,
            329.2567387313432,
            234.32669502214213,
            506.7001085454788,
            0,
            712.6324438306189,
            943.7383111858921,
            330.77031305726337,
            86.09297300012355,
            561.6208685581404,
            707.4015832608802,
            802.1034845953482,
            499.4476949591418,
            595.5375722823875,
            880.0142044308149,
            511.32963927392285,
            886.8427143524381,
            654.6182093403758,
            950.5966547384858,
            845.7529190017615,
            818.8656788509334,
            420.0773738253466,
            627.3962065553154,
            871.220982300128,
            233.80547470065795,
            574.1776728504863,
            836.2822490044853,
            660.2560109533272,
            842.6796544357767,
            364.8917647741588,
            647.2843270155705,
            288.1110896859057,
            377.9338566469006,
            733.485514512727,
            419.3256491081841,
            165.20593209688323,
            202.18061232472317,
            892.8605714219887,
            522.4576537864098,
            361.08309293014537,
            928.2591233055563,
            245.22030910999194,
            478.7995405177411,
            88.32326986700618,
            880.5799225510425,
            566.1890143759414,
            658.6349520030045,
            778.5435119503599,
            452.40800169758273,
            97.0,
            531.7236124153223,
            367.6424893833682,
            586.1672116384539,
            284.33958570695,
            69.46221994724903
        ],
        [
            831.3759678990006,
            391.33745029066665,
            437.5065713792194,
            666.8320628164186,
            729.7410499622451,
            347.9425239892359,
            152.50573759698352,
            849.2708637413626,
            712.5903451493011,
            561.8540735813882,
            889.9662914964813,
            712.6324438306189,
            0,
            231.21634890292688,
            414.981927317323,
            761.4151298733169,
            219.85677155821242,
            131.1030129325791,
            645.4184689021534,
            332.3988567970714,
            175.82377541163197,
            196.82479518597242,
            205.526154053444,
            298.4577021958053,
            704.7907490879829,
            262.0019083899963,
            652.623168451749,
            724.9399975170359,
            324.3763246601083,
            545.7187920531966,
            160.2404443328837,
            574.2560404558232,
            785.1604931477385,
            124.80785231707178,
            115.10430052782563,
            746.3725611248045,
            488.0502023357844,
            218.32544515012447,
            883.2785517604285,
            551.5985859300221,
            111.61541112229978,
            309.1876452900407,
            566.5633239100463,
            510.5291372683835,
            259.6247291765559,
            323.5011591942137,
            895.3490939292897,
            245.58908770545975,
            921.6213973210474,
            749.7746328064186,
            626.999202551327,
            753.7333746093509,
            196.88829320200833,
            55.36244214266564,
            773.506948902206,
            444.86627204138546,
            687.4023567023902,
            459.51822597150596,
            397.200201409818,
            194.99999999999997,
            809.8024450444689,
            782.0805585104389
        ],
        [
            1050.3794552446275,
            622.527107843506,
            636.1328477605916,
            820.4827847066628,
            937.379858968604,
            349.7785013404912,
            345.0985366529391,
            1071.037814458481,
            927.7284085334458,
            788.0082486877914,
            1084.1628106516107,
            943.7383111858921,
            231.21634890292688,
            0,
            642.2592934321776,
            991.0892997101724,
            426.82549127248717,
            276.57367915259033,
            742.3233796668404,
            529.2730864119202,
            376.9681684174408,
            142.1724305201258,
            434.4099446375509,
            276.90431560378397,
            852.9226225162515,
            118.1185844818672,
            734.6972165457005,
            827.9402152329599,
            546.3451290164487,
            690.837173290494,
            80.22468448052632,
            796.4602940511222,
            958.3871868926461,
            110.8602724153247,
            309.7418279793674,
            844.9881655976017,
            702.9793738083644,
            385.51913052402466,
            1104.6094332387354,
            754.9648998463438,
            249.0080319989699,
            535.2382647008712,
            797.1731305055384,
            741.5854637194556,
            213.26509325250584,
            514.4006220836052,
            1109.8671091621736,
            128.08200498118381,
            1149.3637370301883,
            938.4162189561729,
            857.8257398796098,
            840.9048697682753,
            404.47496832313374,
            285.87060009731675,
            895.8615964533807,
            639.8101280848873,
            916.1359069483087,
            641.6509954796298,
            617.2074205645944,
            399.0914682124888,
            1027.480900065787,
            1013.1717524684548
        ],
        [
            541.7600945067844,
            88.23264701911646,
            367.8287645087045,
            644.2584884966592,
            512.0156247615887,
            668.4743824560519,
            313.5474445757771,
            542.1374364494671,
            316.8296072023573,
            147.13938969562162,
            699.0579375130504,
            330.77031305726337,
            414.981927317323,
            642.2592934321776,
            0,
            401.3290420590068,
            233.6000856164227,
            451.58609367428494,
            751.6628233456806,
            347.80023001717524,
            354.5814433948849,
            560.2660082496528,
            244.8448488328885,
            652.7641227886226,
            686.5158410408313,
            672.4767653978835,
            783.4723990033089,
            801.2640014377283,
            235.41028014935964,
            582.7014673055149,
            564.8406855034436,
            314.0254766734699,
            680.3535845426259,
            531.6286297783444,
            340.80052816860484,
            826.7393785226394,
            125.25573839150046,
            316.7838379715733,
            575.4728490554528,
            404.4910382196372,
            412.80019379840417,
            209.45882650296696,
            166.9730517179344,
            158.39823231336896,
            640.0382801051825,
            365.8756619399547,
            621.3855485928201,
            653.1676660705122,
            569.7227395847914,
            602.5014522804073,
            260.679880313,
            854.046837123117,
            330.8186814555671,
            359.70682506730395,
            800.0231246657811,
            384.8168395483753,
            345.3230371695465,
            251.9146680921935,
            249.46743274423616,
            259.62472917655595,
            529.9528280894442,
            397.39652741311164
        ],
        [
            200.3821349322339,
            379.13849712209384,
            442.4669479181468,
            585.6295757558697,
            289.8706608127149,
            897.3455298824417,
            699.3575623384651,
            176.91806012954132,
            411.8664832199872,
            317.9701243827791,
            433.87210096985956,
            86.09297300012355,
            761.4151298733169,
            991.0892997101724,
            401.3290420590068,
            0,
            626.6179059043876,
            742.7819330059126,
            779.3651262405832,
            517.08800024754,
            630.403838820799,
            936.8142825555126,
            556.6848300429966,
            911.7554496683857,
            615.8546906535664,
            988.8427579752,
            824.8696866778412,
            787.3887222966811,
            452.79244693347084,
            609.5654189666602,
            921.3956804760918,
            228.7902969970536,
            519.7576358265455,
            886.0812603819132,
            718.9228053136164,
            810.1956553820812,
            447.1532175887814,
            714.8097649025229,
            202.3561217260303,
            360.34705493454504,
            792.010732250517,
            457.8667928557387,
            241.58849310345886,
            256.6885272075868,
            923.4565501419111,
            539.6758286230726,
            277.9586300153316,
            965.7168322028979,
            168.44286865284622,
            424.2369620860493,
            141.49558296992876,
            849.8499867623698,
            600.8610488290949,
            708.8949146382699,
            738.4483732800825,
            452.58479868418027,
            78.84795495128584,
            614.115624292364,
            391.2301113155786,
            649.8030470842684,
            207.18349355100662,
            75.74298647399638
        ],
        [
            741.9710236929741,
            251.87298386289865,
            438.0285378830927,
            713.574102669092,
            677.1949497744353,
            545.2017975025394,
            83.16850365372699,
            749.8333148106985,
            500.9151624776395,
            370.7411495909241,
            857.6741805604271,
            561.6208685581404,
            219.85677155821242,
            426.82549127248717,
            233.6000856164227,
            626.6179059043876,
            0,
            310.26601489689455,
            755.8042074505804,
            360.6688231605277,
            263.0304164920856,
            329.80145542432035,
            178.98603297464305,
            507.487930890972,
            755.6540213616281,
            479.6707203905613,
            775.2418977325723,
            823.9496343830732,
            283.0,
            615.418556756294,
            346.8832656672847,
            489.49463735571203,
            795.0056603572078,
            316.9384798348096,
            117.09824934643557,
            848.1326547185881,
            276.2028240261131,
            91.78779875342909,
            784.1084108718641,
            524.785670536077,
            183.77431811871867,
            252.1983346495373,
            399.99624998242166,
            371.25866993243403,
            476.25413384032686,
            366.1966684720111,
            816.6057800432225,
            464.6342647717664,
            794.469005059354,
            735.8321819545541,
            485.23499461601074,
            865.369863122122,
            257.59658382827985,
            172.67889274604465,
            849.7835018403216,
            451.8639175681103,
            562.6091005307327,
            244.18026128252058,
            345.56186132152953,
            27.892651361962706,
            725.5129220075959,
            629.4227514159303
        ],
        [
            781.4205013947355,
            402.9900743194552,
            360.32207814676025,
            555.8929753108956,
            662.5179242858264,
            234.95531490051462,
            264.4730610100015,
            804.8012176929159,
            765.6689885322508,
            596.0033556952511,
            807.6756774844715,
            707.4015832608802,
            131.1030129325791,
            276.57367915259033,
            451.58609367428494,
            742.7819330059126,
            310.26601489689455,
            0,
            516.9187557053816,
            254.01771591761076,
            112.40106761058811,
            302.1522794883401,
            208.11775512915762,
            203.50184274349948,
            591.5082417008236,
            246.82990094394967,
            522.4222430180399,
            597.9180545860779,
            289.9931033662697,
            429.7731959999367,
            234.36083290515933,
            533.376039956802,
            686.0852716681796,
            204.46271053666484,
            232.2606294661237,
            618.6857037300927,
            548.1979569462112,
            335.466838897677,
            837.68311430994,
            479.5883651632929,
            242.70558296009594,
            288.09199919470166,
            580.1810062385704,
            508.8850557837202,
            189.67603960437384,
            238.17010727629108,
            837.4162644706634,
            223.23530186778254,
            892.937847781132,
            662.3307330933693,
            619.1897931975301,
            624.4437524709492,
            141.94717327231282,
            146.4137971640651,
            651.3071472047577,
            363.45288552988546,
            665.0729283319237,
            553.943137876082,
            355.01549261968836,
            291.66590476090965,
            757.5222769001582,
            775.526917650187
        ],
        [
            681.1438908189664,
            664.7766542230556,
            391.8073506201741,
            215.82400237230337,
            525.4607501992895,
            410.1914187303289,
            747.7760359893864,
            721.5053707353813,
