{
    "depot": [
        886,
        535
    ],
    "final_destination": [
        215,
        134
    ],
    "requests": [
        [
            [
                294,
                830
            ],
            [
                55,
                118
            ]
        ],
        [
            [
                507,
                374
            ],
            [
                35,
                674
            ]
        ],
        [
            [
                564,
                931
            ],
            [
                328,
                63
            ]
        ],
        [
            [
                282,
                541
            ],
            [
                225,
                0
            ]
        ],
        [
            [
                674,
                558
            ],
            [
                63,
                962
            ]
        ],
        [
            [
                389,
                879
            ],
            [
                333,
                524
            ]
        ],
        [
            [
                51,
                814
            ],
            [
                130,
                727
            ]
        ],
        [
            [
                428,
                665
            ],
            [
                509,
                422
            ]
        ],
        [
            [
                584,
                404
            ],
            [
                920,
                726
            ]
        ],
        [
            [
                938,
                620
            ],
            [
                944,
                909
            ]
        ],
        [
            [
                272,
                792
            ],
            [
                4,
                43
            ]
        ],
        [
            [
                296,
                482
            ],
            [
                595,
                309
            ]
        ],
        [
            [
                752,
                90
            ],
            [
                14,
                676
            ]
        ],
        [
            [
                396,
                16
            ],
            [
                437,
                19
            ]
        ],
        [
            [
                508,
                921
            ],
            [
                108,
                61
            ]
        ],
        [
            [
                691,
                579
            ],
            [
                196,
                758
            ]
        ],
        [
            [
                429,
                195
            ],
            [
                35,
                291
            ]
        ],
        [
            [
                285,
                431
            ],
            [
                439,
                596
            ]
        ],
        [
            [
                925,
                963
            ],
            [
                172,
                260
            ]
        ],
        [
            [
                545,
                126
            ],
            [
                613,
                159
            ]
        ],
        [
            [
                439,
                884
            ],
            [
                414,
                89
            ]
        ],
        [
            [
                262,
                186
            ],
            [
                845,
                740
            ]
        ],
        [
            [
                34,
                120
            ],
            [
                67,
                31
            ]
        ],
        [
            [
                150,
                617
            ],
            [
                991,
                614
            ]
        ],
        [
            [
                53,
                945
            ],
            [
                499,
                503
            ]
        ],
        [
            [
                938,
                871
            ],
            [
                247,
                392
            ]
        ],
        [
            [
                676,
                650
            ],
            [
                984,
                251
            ]
        ],
        [
            [
                628,
                832
            ],
            [
                394,
                250
            ]
        ],
        [
            [
                456,
                24
            ],
            [
                630,
                293
            ]
        ],
        [
            [
                578,
                679
            ],
            [
                506,
                407
            ]
        ]
    ],
    "travel_costs": [
        [
            0,
            661.4295124954737,
            411.7790669764552,
            510.39200620699387,
            604.0298005893418,
            213.243991709028,
            604.4377552734442,
            880.3783277659668,
            476.0924280011183,
            329.1883959072677,
            99.64436762808022,
            665.6162558111092,
            592.3757253635566,
            464.7375603499248,
            713.7653676103934,
            540.259197052674,
            199.90247622278218,
            569.6042485796607,
            609.9319634188718,
            429.7731959999367,
            532.5053990336625,
            567.1066919019736,
            714.9664327784907,
            947.6966814334636,
            740.5538467930606,
            928.4336271376645,
            340.0,
            239.42639787625757,
            393.4119977834942,
            667.8480366071312,
            340.0,
            929.7580330387041,
            862.2772176046401,
            730.8542946442882,
            850.379915096776,
            927.177437171548,
            553.1093924351674,
            779.9999999999999,
            393.5708322525946,
            194.0025773024678,
            378.4706065205064,
            1009.9445529334766,
            368.4521678590045,
            883.32610059932,
            684.0007309937614,
            911.0214047979333,
            725.1406760070766,
            885.2892182784111,
            451.14299285259887,
            765.1280938509577,
            464.65578657754816,
            649.3843238021689,
            209.0598000573042,
            961.6532639158462,
            131.40015220691336,
            388.3207437158103,
            654.8053145783103,
            300.4330208216134,
            568.5850859809814,
            352.27829907617075,
            400.97880243224824,
            781.691755105553
        ],
        [
            661.4295124954737,
            0,
            503.2941485850993,
            288.27244058355626,
            289.2490276561012,
            467.3157390886808,
            106.89246933250254,
            243.52617929085162,
            212.55822731665785,
            515.3406640272044,
            677.3743425905649,
            43.9089968002003,
            348.0057470789814,
            870.266625810734,
            820.3657720797474,
            232.54461937443318,
            469.6913880411264,
            649.1918052471087,
            399.1014908516379,
            644.8643268161142,
            747.4068503833771,
            154.72879499304582,
            644.7945409198188,
            756.1084578286371,
            257.1089263327899,
            267.03183330831547,
            645.3038044208325,
            422.2842644475401,
            334.0059879702758,
            822.1192127666158,
            321.6473223889793,
            751.0426086448092,
            302.3524433504714,
            767.7532155582287,
            832.863134014227,
            266.05450569385215,
            308.47528264027903,
            193.6620768245554,
            461.182176585349,
            634.5801761794959,
            654.7831702174392,
            838.7305884489965,
            601.6992604283306,
            319.5559418943732,
            823.5107771000936,
            791.1744434699594,
            121.60592090848208,
            597.9983277568592,
            275.2834902423318,
            582.9099415861767,
            742.9683707938045,
            750.6537151043749,
            558.3018896618568,
            830.6202501745307,
            729.7019939674003,
            385.9455920204298,
            440.5144719529655,
            900.744691907757,
            588.5575587824865,
            633.4548129109131,
            473.15219538748835,
            700.4691285131702
        ],
        [
            411.7790669764552,
            503.2941485850993,
            0,
            559.9089211648622,
            280.2034974799565,
            248.4854120466632,
            518.6029309597084,
            633.6686831460112,
            301.53275112332324,
            82.63776376451628,
            496.263035093286,
            479.52997820782804,
            237.0337528707673,
            375.07465923466486,
            374.81328685093325,
            547.0009140760187,
            275.4650613054222,
            195.25624189766637,
            229.2007853389687,
            722.2499567324321,
            250.8944000969332,
            514.5133623143329,
            308.81871704933945,
            536.8845313472907,
            431.8541420433524,
            729.4909183807567,
            657.8525670695524,
            323.6309626719916,
            473.7140487678194,
            353.696197321939,
            313.15491374078744,
            519.461259383219,
            559.2709540106655,
            358.83422356291493,
            468.4015371452148,
            736.80390878442,
            229.73027662891977,
            516.4668430790113,
            48.041648597857254,
            542.6536648729095,
            690.7922987410905,
            602.1378579694187,
            109.40292500660118,
            578.1461752878764,
            361.83559802761255,
            507.11931534896206,
            494.1426919423174,
            479.2421100028669,
            232.18096390531244,
            353.86579376933287,
            239.71024175032656,
            299.78992644850496,
            498.19674828324605,
            557.8969438883852,
            540.2369850352713,
            129.24782396620841,
            260.62233212063774,
            492.6032886613731,
            167.7647161950331,
            147.27525250360293,
            33.015148038438355,
            377.9735440477283
        ],
        [
            510.39200620699387,
            288.27244058355626,
            559.9089211648622,
            0,
            481.27331112373145,
            388.8817300928394,
            182.56231812726304,
            526.1729753607648,
            298.7507322166759,
            527.3793700932945,
            486.41237648727645,
            323.39604202896487,
            522.9005641611031,
            861.7569262849007,
            930.2951144663718,
            56.885850613311575,
            374.2098341839776,
            748.2786913977973,
            572.5740126830767,
            362.41550739448223,
            805.2241923837112,
            133.5440002396214,
            803.8836980558817,
            968.8245455189499,
            519.607544210051,
            511.1917448472735,
            378.78225935225635,
            302.49793387724156,
            117.88553770501284,
            913.4073570975877,
            252.38858928247924,
            959.1923686101761,
            588.1241365562206,
            899.5109782542957,
            990.7986677423421,
            501.95816558753177,
            467.98504249601825,
            479.5539594247972,
            511.9628892800727,
            410.8053066843222,
            380.6363093557944,
            1049.830462503351,
            622.7720289158788,
            606.2384019509157,
            920.8001954821686,
            982.2606578704045,
            406.6362010446192,
            830.3258396557342,
            357.5611835756224,
            777.1132478603103,
            773.5534887776022,
            855.256686615194,
            339.7675676105652,
            1028.1094299732883,
            531.8063557348671,
            432.9076113906985,
            625.3079241461761,
            799.2496481075234,
            701.8981407583296,
            641.4047084329829,
            527.2001517450465,
            870.0632160940951
        ],
        [
            604.0298005893418,
            289.2490276561012,
            280.2034974799565,
            481.27331112373145,
            0,
            392.3684492922437,
            354.53208599504785,
            357.6171136844544,
            191.55155963865184,
            331.621772505968,
            660.7397369615362,
            251.19912420229497,
            60.63827174318212,
            651.3839113763864,
            537.2345856327569,
            442.1266786793125,
            410.7614879708174,
            375.93217473368776,
            110.0409014866745,
            769.1118254194249,
            491.31863388233097,
            377.22407134221964,
            355.5629339512205,
            488.61539067041264,
            152.31546211727817,
            464.3888456886104,
            734.3269026802709,
            408.7994618391761,
            452.10286440145455,
            545.4951878797833,
            326.58842600435185,
            480.060412864881,
            280.5316381444346,
            480.20828814171875,
            543.9944852661653,
            474.55452795226813,
            53.75872022286245,
            240.2082429892863,
            256.30060475933334,
            664.2808141140312,
            757.4087403773475,
            570.3402493249096,
            389.60621144945827,
            300.08165555395084,
            544.5263997273227,
            510.56439358811537,
            233.42022191746798,
            351.43847256667846,
            166.3550420035413,
            301.7631521574495,
            505.4552403526944,
            470.88002718314567,
            597.1348256466039,
            553.4663494739314,
            712.7482023828611,
            220.3020653557292,
            153.05554547287727,
            759.5419672407838,
            311.8092365533773,
            427.3265730094491,
            261.02107194630855,
            412.47787819469784
        ],
        [
            213.243991709028,
            467.3157390886808,
            248.4854120466632,
            388.8817300928394,
            392.3684492922437,
            0,
            429.26215766125955,
            673.5465833927153,
            268.26293072282647,
            178.3704011320264,
            271.1825953117198,
            465.1451386395434,
            385.5645211893854,
            474.4554773632611,
            609.1370945854472,
            399.1553582253406,
            27.018512172212596,
            437.94291865493153,
            409.20654931220247,
            476.47245460781886,
            450.8491987350094,
            401.87187012778094,
            555.0927850368802,
            775.5282070950095,
            527.3111036191065,
            731.7171584704024,
            409.46916855851305,
            92.02173656261874,
            277.8344831010003,
            576.7841884101887,
            154.45711378890906,
            759.4478257260336,
            649.4436080215125,
            603.937910715994,
            716.2157496173901,
            732.4868599504022,
            342.6908227542722,
            569.6463815385823,
            213.82469455140114,
            297.8925980953539,
            442.83292560513155,
            845.0591695260161,
            261.23169792351,
            670.4655099257529,
            588.8038722698757,
            753.2363506894765,
            518.1544171383662,
            692.538807576875,
            238.05251521460556,
            583.787632619945,
            403.6359746107871,
            536.2471445145419,
            249.72985404232313,
            803.8519764235205,
            321.9083720563974,
            183.43936327844145,
            458.13207702582883,
            436.2900411423575,
            416.2499249249181,
            268.6279955626368,
            225.88713996153035,
            624.8655855462038
        ],
        [
            604.4377552734442,
            106.89246933250254,
            518.6029309597084,
            182.56231812726304,
            354.53208599504785,
            429.26215766125955,
            0,
            344.1932596667169,
            217.52471123989568,
            513.4685968976097,
            607.0271822579283,
            145.8012345626744,
            407.74747086891904,
            868.4987046622464,
            863.0283888725793,
            126.19429464123964,
            425.6806314597835,
            685.1685923916829,
            459.9130352577539,
            542.5421642600693,
            768.9895968086954,
            50.24937810560445,
            704.5409853230683,
            837.9176570522906,
            354.6336137480484,
            342.4207937611266,
            549.0582847020888,
            367.1648131289272,
            243.57750306627253,
            857.6211284710748,
            275.1744900967384,
            831.0697924963945,
            409.07334305720775,
            818.2768480166111,
            894.1683286719565,
            336.4000594530268,
            359.38976056643577,
            300.30817504690077,
            472.49232798004243,
            552.6029315883151,
            555.8102194094671,
            920.3917644133937,
            606.0825026347486,
            426.4199807701323,
            861.338493276598,
            864.9190713587022,
            227.79376637651876,
            686.3381090978411,
            287.38301967931227,
            655.9344479443048,
            754.0397867486834,
            790.3954706347955,
            476.7147994346305,
            907.0766230038121,
            657.7453914699821,
            391.7601306922387,
            507.28000157703826,
            865.1063518435175,
            629.0198725000666,
            633.6221271388807,
            486.2848959200769,
            765.0496715900216
        ],
        [
            880.3783277659668,
            243.52617929085162,
            633.6686831460112,
            526.1729753607648,
            357.6171136844544,
            673.5465833927153,
            344.1932596667169,
            0,
            405.37636832948215,
            672.4499981411257,
            907.9675104319538,
            222.09232314512806,
            412.6124089263434,
            1007.7584035868914,
            869.3842648679582,
            469.3591375482106,
            681.7807565486136,
            725.2895973333686,
            448.8262470043391,
            886.6098352714118,
            846.9828805826007,
            394.26387103055737,
            662.499056603102,
            694.2081820318743,
            220.47675614449702,
            131.01526628603247,
            888.8295674649893,
            646.1586492495477,
            577.2806942900481,
            887.7640452282352,
            544.016543866085,
            696.0114941579628,
            140.91131963046828,
            800.4561199716072,
            832.3893319835377,
            148.48568954616468,
            404.50463532572775,
            117.51595636338071,
            602.8498983992615,
            873.4443313686338,
            898.0389746553319,
            772.4312267121262,
            742.2674720072274,
            142.87407042567241,
            883.7539250266445,
            755.1542888708241,
            155.43809056984713,
            523.2446846361653,
            445.0483119842159,
            567.0599615560951,
            863.0579354828968,
            810.7983719766586,
            797.440906901571,
            783.1634567572723,
            961.0411021387171,
            545.3668490108287,
            465.2956049652737,
            1089.7054647931247,
            660.1098393449381,
            778.8979393989946,
            610.4703104983894,
            699.4969621092002
        ],
        [
            476.0924280011183,
            212.55822731665785,
            301.53275112332324,
            298.7507322166759,
            191.55155963865184,
            268.26293072282647,
            217.52471123989568,
            405.37636832948215,
            0,
            304.06742673295344,
            511.9814449762804,
            201.1591409804685,
            225.6390923576852,
            660.0007575753228,
            649.7884271053156,
            268.2088738278434,
            276.7038127673705,
            470.00106382858326,
            274.23530042647684,
            579.493744573658,
            551.5523547225594,
            219.27608168699112,
            506.9487153549164,
            672.5035315892401,
            282.11345235560816,
            468.0010683748489,
            550.0327262990812,
            248.45321491178174,
            260.5551764981843,
            641.6112530185236,
            150.65191668213188,
            662.0709931721824,
            393.10303992719264,
            610.2491294545205,
            695.294182342985,
            470.567742200844,
            170.01764614298128,
            304.3813397697041,
            256.14449047363877,
            495.767082408665,
            570.7819198257773,
            752.7682246216295,
            393.2238548206352,
            414.1461094831147,
            646.062690456584,
            683.5320036399174,
            249.94599416673992,
            542.5172808307584,
            69.8713102782537,
            479.12524458642326,
            538.7587586295001,
            576.1701137684946,
            423.690925085728,
            729.5731628836138,
            565.3052272887629,
            176.8756625429287,
            327.55152266475574,
            693.204154632674,
            416.39044177310313,
            423.30603586530634,
            269.53292934259446,
            572.127608143498
        ],
        [
            329.1883959072677,
            515.3406640272044,
            82.63776376451628,
            527.3793700932945,
            331.621772505968,
            178.3704011320264,
            513.4685968976097,
            672.4499981411257,
            304.06742673295344,
            0,
            414.6950686950594,
            497.8835205145879,
            298.3756022197525,
            356.1179579858337,
            431.1473066134126,
            522.5562170714267,
            205.11947737842937,
            260.20376630633154,
            300.2165884823821,
            654.7992058639046,
            280.72228269234347,
            501.42297514174595,
            388.85472865840273,
            618.9959612146108,
            483.4511350695125,
            758.0514494412632,
            586.0076791305725,
            262.6404386228442,
            430.25573790479547,
            400.97880243224824,
            275.0654467576762,
            601.3626193903309,
            611.8014383768642,
            426.40004690431266,
            540.4599892684008,
            763.4166621184005,
            278.2103520719529,
            557.1759147701918,
            77.12976079309465,
            465.38156388065056,
            620.1814250685036,
            683.1698178344825,
            95.63472172804185,
            631.5726403193856,
            412.1092088269807,
            586.7069114984074,
            525.2237618387044,
            560.5086975239545,
            240.6013300046365,
            436.44014480796795,
            246.71035649116962,
            357.94552658190884,
            425.46092652557417,
            637.5092156196647,
            457.98362416138855,
            130.48371545905644,
            337.2135821701137,
            428.26276980377366,
            244.57309745759034,
            120.15406776301833,
            78.05767098754612,
            457.2318886516994
        ],
        [
            99.64436762808022,
            677.3743425905649,
            496.263035093286,
            486.41237648727645,
            660.7397369615362,
            271.1825953117198,
            607.0271822579283,
            907.9675104319538,
            511.9814449762804,
            414.6950686950594,
            0,
            687.8517282089215,
            656.6642977960656,
            561.6903061296322,
            811.5294202923269,
            524.8818914765492,
            250.3797116381437,
            663.1033102013592,
            679.8014415989422,
            343.2462672775918,
            631.2566831329392,
            564.5325499915837,
            803.3255877911521,
            1033.0614696134978,
            788.0057106392061,
            942.7884174086994,
            251.0,
            263.71196408202644,
            375.558251140885,
            766.5115785165935,
            364.8026863936174,
            1015.722895281976,
            904.613176998876,
            826.0441876800538,
            944.8645405559466,
            939.4620801288362,
            612.5691797666611,
            815.0539859420355,
            472.4880950881196,
            107.51744044572489,
            289.06227702694105,
            1097.8547262730165,
            463.00107991234745,
            925.6954142697261,
            782.4333837458624,
            1000.6902617693449,
            754.7237905353188,
            961.0671152422186,
            499.5768209194657,
            846.3781660699904,
            564.0443244994138,
            746.0140749342469,
            151.81897114655993,
            1051.4570842407218,
            53.33854141237835,
            454.32367316704955,
            727.6434566461791,
            371.856154984693,
            657.9027283725155,
            449.2137575809539,
            481.656516617392,
            871.1630157438962
        ],
        [
            665.6162558111092,
            43.9089968002003,
            479.52997820782804,
            323.39604202896487,
            251.19912420229497,
            465.1451386395434,
            145.8012345626744,
            222.09232314512806,
            201.1591409804685,
            497.8835205145879,
            687.8517282089215,
            0,
            310.92764431616564,
            850.4140168176909,
            785.8447683862252,
            268.9553866350328,
            470.0319138101156,
            617.2989551262824,
            361.23399618529817,
            675.0185182644992,
            719.7812167596484,
            190.66462702871763,
            606.0825026347486,
            712.9011151625448,
            213.32838535928593,
            267.15164233071823,
            670.6690689155121,
            428.22891074751135,
            358.24014292091834,
            789.7341324775067,
            326.1977927577071,
            708.0713240910127,
            264.7508262498911,
            731.1477278908825,
            793.3933450691404,
            269.40861159213154,
            274.85450696686786,
            156.1697794069006,
            439.39617658782606,
            651.3524391602444,
            682.109228789642,
            795.5029855380808,
            581.0490512856896,
            282.8780656042458,
            790.4138156687293,
            749.1708750345277,
            83.25863318599458,
            554.2291944674153,
            257.4975728040946,
            541.3169127230369,
            719.0062586653887,
            717.1980200753485,
            575.3546732233953,
            788.1281621665349,
            740.705744543675,
            367.4914965002592,
            400.78048854703496,
            894.2175350550893,
            555.5609777513176,
            614.1376067299576,
            450.53412745318195,
            660.4642306741524
        ],
        [
            592.3757253635566,
            348.0057470789814,
            237.0337528707673,
            522.9005641611031,
            60.63827174318212,
            385.5645211893854,
            407.74747086891904,
            412.6124089263434,
            225.6390923576852,
            298.3756022197525,
            656.6642977960656,
            310.92764431616564,
            0,
            601.3318551349163,
            476.6088543029808,
            487.50897427637165,
            406.73578647569235,
            316.31945877546013,
            52.17278984298233,
            791.8345786842096,
            434.4387183481693,
            426.67669259053747,
            297.94630388712665,
            446.8646327468756,
            198.84918908559823,
            522.893870685056,
            750.656379444017,
            415.48044478651457,
            482.41475930987025,
            485.14327780563957,
            343.99563950724723,
            436.55125701342337,
            324.01388859121454,
            420.2201803816661,
            487.201190474736,
            533.5625549080445,
            55.97320787662612,
            295.9408724728641,
            221.28940327092033,
            670.0089551640336,
            776.0367259350553,
            527.2428283058955,
            345.4417461743731,
            342.28642976314444,
            483.9938016132025,
            461.0694090915163,
            293.55749011054036,
            323.4223245232153,
            182.87974190707948,
            254.2833065696606,
            452.56822690065195,
            410.33279176785277,
            606.6011869424589,
            505.8082640685105,
            707.4242008865684,
            204.0833163195855,
            102.47438704378766,
            725.7444453800525,
            251.8491612056709,
            383.76685630731583,
            222.9910312097776,
            357.30239293909017
        ],
        [
            464.7375603499248,
            870.266625810734,
            375.07465923466486,
            861.7569262849007,
            651.3839113763864,
            474.4554773632611,
            868.4987046622464,
            1007.7584035868914,
            660.0007575753228,
            356.1179579858337,
            561.6903061296322,
            850.4140168176909,
            601.3318551349163,
            0,
            363.6096808392208,
            866.0814049499043,
            492.79001613263233,
            339.63804262773624,
            578.247351917845,
            889.9764041815939,
            210.10711553871752,
            853.4664609696155,
            499.3155315028764,
            718.6264676450485,
            800.0831206818451,
            1104.3667868964549,
            802.8430730846471,
            565.1336125200836,
            752.2898377620156,
            303.2688576164721,
            614.1636589704735,
            697.5621836080278,
            924.7405041415672,
            424.8588000736245,
            534.62977844486,
            1111.35277927398,
            603.2553356581275,
            890.310619952385,
            411.42800099166806,
            657.8145635359557,
            841.2044935685972,
            749.4751496881,
            269.46242780766295,
            942.358742730177,
            322.9024620531717,
            644.6526196332409,
            869.1144918823986,
            744.6408530291634,
            594.983193039938,
            604.400529450463,
            155.18376203714098,
            338.0014792867037,
            656.6193722393514,
            687.5361808661418,
            575.9314195284019,
            484.33253039621445,
            588.4122704362989,
            282.39157211220027,
            392.12753027554703,
            236.8396081739708,
            401.25428346623295,
            538.7995916850717
        ],
        [
            713.7653676103934,
            820.3657720797474,
            374.81328685093325,
            930.2951144663718,
            537.2345856327569,
            609.1370945854472,
            863.0283888725793,
            869.3842648679582,
            649.7884271053156,
            431.1473066134126,
            811.5294202923269,
            785.8447683862252,
            476.6088543029808,
            363.6096808392208,
            0,
            911.9040519703814,
            635.6052233894873,
            182.0164827701052,
            429.5881748838066,
            1084.7349906774466,
            185.20529150107996,
            869.0644394980155,
            216.46246787838302,
            376.64306710730784,
            649.3974129914594,
            990.2979349670481,
            1012.3186257300613,
            693.0771962775864,
            848.3395546595714,
            60.53098380168622,
            687.5267267532223,
            355.92836357896516,
            750.5231508754409,
            82.66196223173026,
            171.7469068134853,
            1002.8982999287615,
            511.8915900852445,
            759.1291062790308,
            421.4320823098308,
            882.4262008802775,
            1047.7370853415468,
            392.92874672133627,
            354.18921496849674,
            762.5772092057301,
            41.10960958218893,
            291.49442533262965,
            768.4816198192381,
            453.81273670975787,
            581.5917812349139,
            331.2280181385627,
            259.8807418798092,
            75.18643494673758,
            851.925466223425,
            329.34176777323586,
            843.5810571604841,
            497.77304065206255,
            404.4465354036303,
            633.2211304118017,
            234.00854685246009,
            362.6086044207997,
            406.1785321752,
            216.06711920141854
        ],
        [
            540.259197052674,
            232.54461937443318,
            547.0009140760187,
            56.885850613311575,
            442.1266786793125,
            399.1553582253406,
            126.19429464123964,
            469.3591375482106,
            268.2088738278434,
            522.5562170714267,
            524.8818914765492,
            268.9553866350328,
            487.50897427637165,
            866.0814049499043,
            911.9040519703814,
            0,
            387.88271423202144,
            730.2855605857204,
            538.3576877875898,
            419.10977082382607,
            795.8605405471488,
            78.29431652425353,
            775.074835096586,
            930.740028149644,
            469.6594510919587,
            455.6325273726624,
            432.8972164382672,
            318.8494942759044,
            149.4021418855834,
            898.5059821726285,
            251.9206224190469,
            921.9642075482107,
            533.6084706973832,
            876.6778199544003,
            963.4988323812333,
            446.88477262041494,
            433.8594242378515,
            424.87645263064417,
            499.00100200300193,
            455.81684918396775,
            436.1651063530873,
            1012.3734488813898,
            618.1528937083447,
            551.4172648729817,
            904.7900308911455,
            948.4724561103501,
            352.0127838587684,
            787.8001015486099,
            332.24388632448904,
            741.4964598701736,
            769.2002340093248,
            837.2932580643414,
            382.5310444918164,
            993.2678390041631,
            572.3093569041135,
            418.09687872549347,
            589.8830392543932,
            821.8734695803241,
            680.6151629224844,
            639.7405724197895,
            514.0038910358559,
            839.7725882642277
        ],
        [
            199.90247622278218,
            469.6913880411264,
            275.4650613054222,
            374.2098341839776,
            410.7614879708174,
            27.018512172212596,
            425.6806314597835,
            681.7807565486136,
            276.7038127673705,
            205.11947737842937,
            250.3797116381437,
            470.0319138101156,
            406.73578647569235,
            492.79001613263233,
            635.6052233894873,
            387.88271423202144,
            0,
            464.86557196677836,
            432.134238402837,
            449.6798861412416,
            475.94642555649057,
            395.63746030930895,
            581.7989343407222,
            801.4549269921547,
            542.3329235810786,
            735.5270219373317,
            382.4565334779889,
            72.56721022610694,
            260.72590972130104,
            602.7022482121664,
            150.89400253157845,
            785.5042966146017,
            662.843118694009,
            630.8922253443927,
            743.2341488387088,
            735.5766445449448,
            362.2002208723788,
            580.1939330947886,
            240.36014644695157,
            272.1212964837556,
            415.8232797715876,
            871.3581353266865,
            286.55889447022923,
            683.9137372505396,
            614.9113757282427,
            779.8801189926564,
            526.3705918837032,
            716.4356216716196,
            252.57276179350777,
            609.1978332200468,
            427.18146027186157,
            562.8756523425045,
            222.79362647975367,
            830.469746589242,
            302.0347662107791,
            206.49455198624491,
            481.7727680141334,
            439.8101863304214,
            443.2268042436062,
            292.43289828608545,
            252.60443384865596,
            651.6141496315131
        ],
        [
            569.6042485796607,
            649.1918052471087,
            195.25624189766637,
            748.2786913977973,
            375.93217473368776,
            437.94291865493153,
            685.1685923916829,
            725.2895973333686,
            470.00106382858326,
            260.20376630633154,
            663.1033102013592,
            617.2989551262824,
            316.31945877546013,
            339.63804262773624,
            182.0164827701052,
            730.2855605857204,
            464.86557196677836,
            0,
            276.4633791300396,
            914.2428561383457,
            134.97036711811967,
            689.0725651192333,
            167.2423391369542,
            402.05720985949256,
            505.8903043150758,
            838.9731819313416,
            846.2015126434128,
            517.7200015452368,
            667.3604723086316,
            173.11845655504212,
            506.41583703513857,
            381.8442090696152,
            620.2233468678844,
            166.20770138594662,
            282.20737056285407,
            849.8499867623697,
            342.72000233426706,
            610.2663352995968,
            240.68444071023788,
            723.2164268045907,
            880.3527702006736,
            451.3634898837078,
            201.37527157027003,
            635.2841883755647,
            176.1817243643619,
            347.8462303949836,
            609.3094451918499,
            405.5268178554903,
            401.12466889983216,
            265.09243670840556,
            187.48866632412745,
            107.05606008068855,
            685.6245328166139,
            397.4166579296847,
            701.0028530612411,
            315.8543968349974,
            268.2032811134122,
            557.8180707004749,
            65.19202405202648,
            223.61797781037197,
            225.5504378182406,
            222.52415599210798
        ],
        [
            609.9319634188718,
            399.1014908516379,
            229.2007853389687,
            572.5740126830767,
            110.0409014866745,
            409.20654931220247,
