{
    "depot": [
        10,
        460
    ],
    "final_destination": [
        60,
        181
    ],
    "requests": [
        [
            [
                359,
                508
            ],
            [
                129,
                138
            ]
        ],
        [
            [
                634,
                20
            ],
            [
                359,
                361
            ]
        ],
        [
            [
                272,
                783
            ],
            [
                971,
                698
            ]
        ],
        [
            [
                386,
                809
            ],
            [
                582,
                3
            ]
        ],
        [
            [
                753,
                839
            ],
            [
                970,
                643
            ]
        ],
        [
            [
                630,
                991
            ],
            [
                619,
                505
            ]
        ],
        [
            [
                794,
                411
            ],
            [
                259,
                635
            ]
        ],
        [
            [
                329,
                563
            ],
            [
                198,
                536
            ]
        ],
        [
            [
                43,
                76
            ],
            [
                423,
                840
            ]
        ],
        [
            [
                55,
                509
            ],
            [
                813,
                568
            ]
        ],
        [
            [
                652,
                729
            ],
            [
                803,
                831
            ]
        ],
        [
            [
                733,
                35
            ],
            [
                198,
                494
            ]
        ],
        [
            [
                452,
                342
            ],
            [
                227,
                226
            ]
        ],
        [
            [
                837,
                814
            ],
            [
                459,
                435
            ]
        ],
        [
            [
                475,
                418
            ],
            [
                142,
                615
            ]
        ],
        [
            [
                805,
                701
            ],
            [
                43,
                422
            ]
        ],
        [
            [
                81,
                684
            ],
            [
                470,
                761
            ]
        ],
        [
            [
                526,
                780
            ],
            [
                545,
                143
            ]
        ],
        [
            [
                945,
                910
            ],
            [
                605,
                914
            ]
        ],
        [
            [
                197,
                923
            ],
            [
                657,
                347
            ]
        ],
        [
            [
                426,
                886
            ],
            [
                526,
                176
            ]
        ],
        [
            [
                168,
                103
            ],
            [
                696,
                314
            ]
        ],
        [
            [
                798,
                292
            ],
            [
                241,
                818
            ]
        ],
        [
            [
                537,
                785
            ],
            [
                984,
                287
            ]
        ],
        [
            [
                357,
                402
            ],
            [
                92,
                153
            ]
        ],
        [
            [
                402,
                141
            ],
            [
                858,
                433
            ]
        ],
        [
            [
                454,
                703
            ],
            [
                341,
                913
            ]
        ],
        [
            [
                796,
                174
            ],
            [
                721,
                527
            ]
        ],
        [
            [
                82,
                561
            ],
            [
                804,
                472
            ]
        ],
        [
            [
                43,
                387
            ],
            [
                408,
                275
            ]
        ]
    ],
    "travel_costs": [
        [
            0,
            352.28539566663846,
            763.5286504120196,
            415.9002284202306,
            513.0077972116993,
            834.080331862585,
            816.3093776259097,
            785.5297575521886,
            335.21634805003174,
            385.4153603581466,
            66.52818951391959,
            696.0783001933044,
            838.6620296639164,
            457.4800542100169,
            899.5804577690648,
            466.892921342785,
            830.7261883436685,
            234.98297810692588,
            607.1704867662788,
            1037.653603087273,
            499.33756117480283,
            595.425897992353,
            390.40107581818984,
            805.7096251131669,
            619.1558769809103,
            351.81387124444086,
            505.39588443120505,
            506.1472117872428,
            836.4161643583893,
            124.03628501370072,
            80.11242100947892,
            343.28559538669845,
            362.7698995230999,
            990.0328277385554,
            732.1427456445908,
            977.2865495851256,
            610.6602983656298,
            304.3451987464235,
            202.7806696901852,
            561.2209903415944,
            810.2302141984092,
            875.4941461826002,
            191.04973174542803,
            319.13163428278307,
            449.6954525009119,
            203.59027481684876,
            50.32891812864648,
            549.7281146166712,
            621.863329036212,
            748.4256810131517,
            656.7937271320426,
            588.992359882537,
            701.3643846104533,
            426.05750785545365,
            989.2446613452105,
            317.7624899197512,
            848.4297260233166,
            561.0436703145309,
            714.1498442203849,
            794.0906749232106,
            438.8952038926832,
            283.4448800031498
        ],
        [
            352.28539566663846,
            0,
            560.1508725334631,
            288.4337012209218,
            302.2085372718646,
            514.5842982447094,
            553.8321045226613,
            445.68374437486494,
            62.64982043070834,
            535.2382647008712,
            304.0016447323929,
            367.00136239529144,
            602.9966832412928,
            190.2761151589973,
            567.556164621617,
            146.81961721786362,
            485.96810594935135,
            329.028874112896,
            319.17550031291563,
            710.6335201775948,
            445.4985970797215,
            383.89191187103694,
            447.7789633290068,
            489.2616886697752,
            329.261294415241,
            106.01886624558857,
            369.51048699597146,
            216.91011963483862,
            550.0227268031749,
            282.0248216026384,
            338.37405337880153,
            435.66041821583934,
            147.0,
            640.8151059393028,
            552.0452879972802,
            625.7363662118416,
            260.0173071162764,
            161.64467204334326,
            163.41664541900252,
            338.1124073440665,
            457.9475952551776,
            549.0582847020888,
            161.60754932861275,
            311.36473788789897,
            123.81033882515628,
            241.94627502815578,
            327.4935113861037,
            276.27884464793897,
            409.659614802338,
            474.7125445993607,
            338.71079108879894,
            371.63557418524937,
            388.8508711575686,
            331.6986584235758,
            662.9223182243904,
            444.2004052226877,
            504.6047958551326,
            405.3998026639875,
            362.49827585796874,
            446.4538050011446,
            238.0966190436143,
            443.0914126904289
        ],
        [
            763.5286504120196,
            560.1508725334631,
            0,
            844.5193899491,
            827.058039075856,
            827.6001449975707,
            971.008238893986,
            422.47011728641826,
            622.7953114788196,
            593.6472016273639,
            757.8667429040543,
            709.2284540259225,
            100.12991560967183,
            369.8756547814414,
            819.5395048440314,
            428.58488074125995,
            702.1410114784637,
            864.1209406095885,
            767.6353300884476,
            942.7730373743194,
            1003.1839312907678,
            890.6289912191271,
            473.3339201874296,
            317.6161204976851,
            771.1251519695101,
            471.86120840772656,
            261.658173959844,
            706.3207486687617,
            223.51733713517615,
            772.9068507912192,
            695.6795239188802,
            518.6029309597084,
            438.07077053827726,
            757.1347304146072,
            54.70831746635972,
            707.8311945654839,
            485.23190332046386,
            720.3124322125781,
            675.5383038732889,
            846.7118754334322,
            576.4937120212154,
            828.4213903563814,
            644.0279497040482,
            456.1633479358025,
            450.38872099554186,
            772.0680021863359,
            714.7621982170014,
            758.9314857086903,
            151.82226450688975,
            894.470234272779,
            327.80787055835003,
            189.73665961010275,
            300.46630426721725,
            889.5240300295434,
            440.21472033542904,
            558.0797434059043,
            469.8350774473954,
            939.839347973897,
            514.410342042226,
            482.9120002650586,
            340.7359681630338,
            596.1518262993078
        ],
        [
            415.9002284202306,
            288.4337012209218,
            844.5193899491,
            0,
            116.92732785794773,
            484.2489029414522,
            414.03864553927815,
            640.9898595141736,
            227.26416347501862,
            743.1621626536164,
            349.521100936696,
            383.8176650442238,
            878.6495319523024,
            476.3202704063727,
            565.8498033930913,
            417.65296598970775,
            539.2708039566021,
            215.13251730038397,
            254.01771591761076,
            684.8780913418094,
            158.8238017426859,
            185.27007313648903,
            687.9069704545811,
            719.5533336730502,
            265.0075470623431,
            390.3664944638564,
            655.0297703158232,
            198.80643852752857,
            803.4033856040189,
            292.205407205274,
            457.44617169673637,
            660.6617894202752,
            430.8746917608413,
            704.1491319315817,
            839.3449827097318,
            711.9016786045669,
            444.6268098079557,
            148.56984889270095,
            257.84685377176896,
            161.40012391568973,
            582.1563363908358,
            533.1650776260576,
            298.3236497497307,
            558.8148172695494,
            395.0607548213313,
            212.42410409367392,
            427.5067250933019,
            199.21847303902317,
            695.7937912916441,
            357.8407467016578,
            581.6536770278342,
            658.0007598779807,
            632.2475780894697,
            46.75467891024384,
            867.7326777297258,
            655.2098900352466,
            682.565747748889,
            147.1767644704829,
            516.852977160817,
            616.2345332744669,
            525.8897222802515,
            638.2382000475998
        ],
        [
            513.0077972116993,
            302.2085372718646,
            827.058039075856,
            116.92732785794773,
            0,
            368.22411653774117,
            304.4010512465422,
            569.9719291333565,
            252.51732613822756,
            809.2823981775459,
            446.72250894710913,
            277.76968877111125,
            848.2246164784419,
            471.6407531161827,
            451.02771533465653,
            401.0012468808545,
            432.69504272639875,
            329.6209944769902,
            142.97202523570826,
            568.0510540435604,
            220.7192787229969,
            86.76981041814025,
            738.8910609826053,
            661.0847146924515,
            152.8953890737062,
            408.0318615010353,
            668.1915892915745,
            125.93649193144932,
            755.8604368532592,
            392.3263947276553,
            543.8133871099534,
            718.5332281808546,
            448.81287860309885,
            595.437654167084,
            829.4889993242829,
            607.1342520398598,
            383.020887158912,
            215.41819793137253,
            331.470964037576,
            48.270073544588676,
            490.3162244919089,
            417.57993246802465,
            366.83647583085303,
            604.292975302543,
            381.0577384071868,
            311.7242371070944,
            517.1247431713165,
            96.74709297958259,
            684.7167297503399,
            242.87033577610916,
            535.6164672599228,
            648.2969998388085,
            584.0590723548432,
            145.27904184706063,
            793.780826173069,
            718.8685554397271,
            603.4567093006756,
            113.3181362359971,
            437.8915390824536,
            536.9292318360028,
            534.4529913846493,
            707.5733177558352
        ],
        [
            834.080331862585,
            514.5842982447094,
            827.6001449975707,
            484.2489029414522,
            368.22411653774117,
            0,
            195.53260597659923,
            429.959300399468,
            505.9169892383532,
            1042.242294286698,
            772.0777162954516,
            149.33519344079613,
            804.2487177484339,
            581.0421671445197,
            87.64131445842195,
            504.5047076093542,
            147.4720312466062,
            689.6441111181912,
            234.54210709380092,
            204.70710783946905,
            562.3095233054478,
            330.36040925026117,
            940.1707291763554,
            548.847884208366,
            222.64770378335368,
            589.7329904287194,
            781.2841992514631,
            328.4767876121538,
            666.3887754156727,
            726.3091628225544,
            841.6673927389609,
            938.4972029793163,
            619.4513701655684,
            259.6247291765559,
            853.3094397696536,
            292.4123800388759,
            359.8777570231314,
            534.4642176984349,
            632.3242838923712,
            330.00151514803684,
            277.5626055505316,
            50.635955604688654,
            653.490627323759,
            807.7406762074075,
            499.65187881163826,
            650.7664711707265,
            823.4008744226594,
            293.5523803344132,
            726.4158588577208,
            165.9186547679314,
            501.2783657809301,
            700.7838468458017,
            528.0852203953449,
            512.4304830901456,
            598.3853273602219,
            952.6368668070746,
            419.3578424210045,
            418.5928809714756,
            313.63673254260254,
            370.5266522127659,
            661.151268621637,
            955.621787110361
        ],
        [
            816.3093776259097,
            553.8321045226613,
            971.008238893986,
            414.03864553927815,
            304.4010512465422,
            195.53260597659923,
            0,
            602.7404084678577,
            523.2446846361652,
            1087.103490933591,
            750.2992736235323,
            262.9220416777567,
            961.5326307515518,
            672.9673097558305,
            272.35638417338413,
            593.5941374373571,
            338.71079108879894,
            629.0071541723512,
            235.23817717368922,
            325.2475979926677,
            438.306970056375,
            229.4362656599867,
            1000.9935064724447,
            718.9054179793055,
            226.01991062736045,
            649.1918052471088,
            880.0477259785404,
            337.5203697556638,
            833.6935887962676,
            696.5658619254893,
            842.2499628970012,
            989.2471885226665,
            685.8141147570527,
            449.5887009256349,
            989.1653046887561,
            486.5223530322117,
            486.1244696577205,
            514.1760398929533,
            627.4145360126748,
            256.2225595063791,
            460.88827279504517,
            235.6459208218975,
            658.50816243992,
            864.6583140177396,
            581.7018136468203,
            616.0519458617106,
            817.5145258648313,
            280.17851452243804,
            852.2493766498161,
            80.95677859203637,
            644.5657452890279,
            821.6087876842604,
            680.2095265431086,
            425.73465914816006,
            787.9923857500147,
            995.8353277525356,
            602.7835432391962,
            299.34094273921164,
            472.839296167313,
            547.3910850571098,
            749.6265737018665,
            990.4544411531507
        ],
        [
            785.5297575521886,
            445.68374437486494,
            422.47011728641826,
            640.9898595141736,
            569.9719291333565,
            429.959300399468,
            602.7404084678577,
            0,
            489.2126327068834,
            822.3296176108458,
            745.4696506230149,
            348.26426747514597,
            380.9160012391183,
            348.8911004883902,
            405.2875522391479,
            319.07679326456827,
            290.2085457046363,
            763.4775700700054,
            456.05372490530107,
            521.3463340237466,
            786.4814047388533,
            600.8735307866373,
            697.6675426017754,
            119.06720791217036,
            453.7895988230669,
            437.0926675202868,
            475.98739479108065,
            448.1785358537376,
            237.00843866833097,
            727.6290263588994,
            751.383390819893,
            718.8560356566536,
            437.8641341786285,
            337.1913403395763,
            459.79125698516714,
            291.2043955712207,
            198.64792976520044,
            580.000862068325,
            608.9671583919776,
            567.1701684679828,
            158.1455026233753,
            420.0964175043629,
            601.7516098856737,
            596.4176389075025,
            335.8586011999693,
            683.1690859516406,
            751.080554934023,
            476.9444412088268,
            365.82099447680696,
            537.3360214986523,
            151.21177202850313,
            356.43933565194516,
            137.88763541376724,
            686.6279924384091,
            226.88322987827902,
            747.9090853840459,
            67.67569726275453,
            676.1752731355975,
            137.05838172107534,
            61.81423784210237,
            409.257864921372,
            769.1917836274644
        ],
        [
            335.21634805003174,
            62.64982043070834,
            622.7953114788196,
            227.26416347501862,
            252.51732613822756,
            505.9169892383532,
            523.2446846361652,
            489.2126327068834,
            0,
            564.769864635145,
            279.2704782106408,
            363.1597444651596,
            664.8308055437865,
            252.9229131573492,
            566.6259789314288,
            205.76928828180363,
            495.600645681581,
            275.94383486499567,
            293.08360581922693,
            707.0113153267067,
            383.437087408091,
            337.25064862799,
            487.3612623095931,
            541.6659487174729,
            304.2170277943034,
            163.41664541900252,
            428.2674398083516,
            187.6832437912346,
            607.7910825275409,
            247.0080970332754,
            335.81542549442247,
            469.70735570139834,
            204.215572373901,
            656.040395097741,
            614.4989829120957,
            645.9729096486942,
            295.74313178838156,
            100.41912168506553,
            133.75350462698165,
            292.5149568825499,
            484.0258257572627,
            544.5181356024792,
            148.06079832285116,
            352.0979977222251,
            182.43903091169938,
            194.09533739891847,
            318.8683113763423,
            243.0740627874558,
            472.2880476997062,
            446.51651705172117,
            392.7340066762745,
            434.255685052021,
            443.49746335238495,
            269.75729832573575,
            710.7749292145861,
            473.5704804989433,
            544.7393872302607,
            350.2056538664103,
            393.6495903719449,
            483.638294596282,
            298.63857754817946,
            467.20980297934676
        ],
        [
            385.4153603581466,
            535.2382647008712,
            593.6472016273639,
            743.1621626536164,
            809.2823981775459,
            1042.242294286698,
            1087.103490933591,
            822.3296176108458,
            564.769864635145,
            0,
            433.1662498394814,
            892.9109698060608,
            691.217042613968,
            487.89035653515435,
            1084.0110700541761,
            550.9882031405028,
            985.5298067537075,
            609.1863425914931,
            853.7593337703547,
            1228.478734044672,
            860.886171337419,
            895.9849329090306,
            127.8827588066507,
            785.2903921480257,
            864.1278840542063,
            452.6278824818462,
            364.8369498830951,
            749.699939975988,
            759.3503802593373,
            486.5655146020935,
            311.0,
            106.01886624558857,
            425.53613242590814,
            1117.1696379690954,
            543.9209501388965,
            1086.654498909382,
            718.2040100138678,
            599.2804018153773,
            485.41219597368996,
            853.2854153212746,
            913.7636455889455,
            1071.2726076960992,
            445.81274095745624,
            237.3941869549463,
            549.4879434528114,
            548.0164231115707,
            346.0,
            807.188949379264,
            506.4513796999668,
            1009.0034687750087,
            671.1460347793169,
            493.24334764900783,
            695.0201435929753,
            767.9635408012545,
            964.3661130504328,
            91.26883367283709,
            889.7606419706369,
            888.4666566619143,
            814.3003131523406,
            857.8677054184985,
            415.72346577983785,
            106.36728820459793
        ],
        [
            66.52818951391959,
            304.0016447323929,
            757.8667429040543,
            349.521100936696,
            446.72250894710913,
            772.0777162954516,
            750.2992736235323,
            745.4696506230149,
            279.2704782106408,
            433.1662498394814,
            0,
            636.2460215985637,
            827.2605393707595,
            430.6947875236012,
            839.3741716302687,
            429.7452733887832,
            774.1860241569851,
            176.92088627406318,
            543.3985645914056,
            976.1664817027881,
            437.6756790135819,
            528.9328879924182,
            421.4320823098308,
            774.0400506433759,
            555.4277630799526,
            320.39506862621965,
            505.7993673384734,
            443.6631605170752,
            813.2072306614102,
            58.59180830116101,
            122.58874336577563,
            378.30807551518114,
            338.1124073440666,
            935.2951405839764,
            730.5922255266613,
            924.759968856784,
            564.0141842188013,
            239.774894432257,
            145.52662986546483,
            494.9595943104851,
            760.2927067912725,
            814.3635551766791,
            143.78456106272327,
            331.16914107446667,
            410.7213167100047,
            137.13132391981054,
            87.82368700982667,
            485.51930960570456,
            611.6011772388932,
            683.0263538107442,
            623.4163937530036,
            576.8275305496435,
            670.0044775969785,
            360.6618915272308,
            955.1570551485237,
            357.91758827976025,
            806.5884948348818,
            494.986868512691,
            666.243198839583,
            749.9133283253472,
            423.51505286117043,
            328.0381075424013
        ],
        [
            696.0783001933044,
            367.00136239529144,
            709.2284540259225,
            383.8176650442238,
            277.76968877111125,
            149.33519344079613,
            262.9220416777567,
            348.26426747514597,
            363.1597444651596,
            892.9109698060608,
            636.2460215985637,
            0,
            698.7109559753591,
            435.6248385939443,
            203.5927307150233,
            357.8407467016578,
            155.54099138169332,
            572.7704601321545,
            135.9301291105103,
            344.39802554602426,
            494.6321865790782,
            275.18175811634023,
            791.2850308201212,
            460.74396360668686,
            127.91012469699183,
            440.4020890050364,
            638.9397467680344,
            199.69977466186586,
            573.3768394345904,
            594.2423747933161,
            698.4590181249005,
            789.1831219685326,
            470.3966411444707,
            320.50273009757655,
            729.3668487119496,
            329.4237392781522,
            226.4177554875059,
            404.08538701616027,
            493.32038271289787,
            254.48379123236907,
            227.68838354206832,
            182.22239159883728,
            511.21521886579234,
            658.508921731513,
            351.6887828748594,
            522.5858781100002,
            682.0043988127936,
            184.79177470872452,
            595.6886770788916,
            190.87692369692047,
            382.03272111168695,
            567.1728131707301,
            417.3260116503643,
            420.5258612737153,
            552.8001447177813,
            803.3529734805243,
            360.6272313622475,
            361.3543966800459,
            213.4595980507787,
            298.58499627409276,
            515.4143963841135,
            806.7019276039942
        ],
        [
            838.6620296639164,
            602.9966832412928,
            100.12991560967183,
            878.6495319523024,
            848.2246164784419,
            804.2487177484339,
            961.5326307515518,
            380.9160012391183,
            664.8308055437865,
            691.217042613968,
            827.2605393707595,
            698.7109559753591,
            0,
            416.1850549935689,
            785.9115726339701,
            461.79324377907477,
            669.8805863734221,
            919.9483681163852,
            773.2231243308751,
            900.3160556160265,
            1037.2270725352284,
            904.6822646653355,
            569.0773233928761,
            265.09243670840556,
            775.1877192009689,
            525.4188805134434,
            347.5586281478278,
            723.9233384827429,
            152.61061562027723,
            836.9450400115888,
            774.5992512260775,
            612.7193484785673,
            496.1370778323265,
            704.4238780734225,
            154.3534904043313,
            652.5588096102911,
            483.6279561811951,
            764.6410922779393,
            732.9570246610643,
            862.6268022731499,
            538.9703145814248,
            799.0719617155892,
            704.9155977845858,
            540.8484075968051,
            484.84636741961884,
            828.0585728075038,
            791.1188279898286,
            772.1690229476964,
            216.81328372588246,
            888.2707920448584,
            321.12302938282085,
            250.45957757690164,
            281.4427117549858,
            924.7448296692446,
            355.6754138255834,
            651.7706651883008,
            417.16783193338387,
            961.5341907597463,
            492.1463197058371,
            442.7301661283089,
            404.01113846031524,
            688.6544852101089
        ],
        [
            457.4800542100169,
            190.2761151589973,
            369.8756547814414,
            476.3202704063727,
            471.6407531161827,
            581.0421671445197,
            672.9673097558305,
            348.8911004883902,
            252.9229131573492,
            487.89035653515435,
            430.6947875236012,
            435.6248385939443,
            416.1850549935689,
            0,
            609.1050812462494,
            79.40403012442127,
            503.4779041824974,
            504.58398706260976,
            444.20715887972807,
            752.1123586273529,
            634.4966508973865,
            544.6209691152187,
            371.183243156261,
            349.5940502926215,
            451.08092400366473,
            112.36102527122117,
            207.12556578076016,
            361.00554012369395,
            382.83155564817275,
            429.9546487712396,
            411.4681032595357,
            382.0274859221519,
            94.92101980067429,
            629.3623757423064,
            363.07161827936926,
            599.1034969018291,
            233.36237914453991,
            350.8532456740282,
            319.6122650963195,
            498.84366288447524,
            425.9072669020805,
            601.931889834722,
            296.00675667964066,
            253.1422524984717,
            93.2630687893123,
            413.0726328383424,
            416.7505248946905,
            419.38645662443605,
            219.65882636488794,
            592.1089426786257,
            205.0609665440988,
            181.7470770053813,
            245.60130292814003,
            520.6697609809888,
            534.8354887252715,
            406.59685193075467,
            416.0733108479802,
            581.6889203001892,
            326.4751139060985,
            375.2385907659286,
            80.15609770940699,
            423.77470429462875
        ],
        [
            899.5804577690648,
            567.556164621617,
            819.5395048440314,
            565.8498033930913,
            451.02771533465653,
            87.64131445842195,
            272.35638417338413,
            405.2875522391479,
            566.6259789314288,
            1084.0110700541761,
            839.3741716302687,
            203.5927307150233,
            785.9115726339701,
            609.1050812462494,
            0,
            536.5258614456529,
            117.44360348695028,
            767.0958219153589,
            312.8530006248941,
            144.49913494550754,
            649.2156806485808,
            417.2589124272842,
            976.2591868965947,
            523.4548691148073,
            301.39840742777653,
            632.5693637855062,
            801.3451191590301,
            398.76057979695037,
            641.3119365800078,
            796.2625195248111,
            901.5348024341599,
            978.8973388461121,
            658.5537183859794,
            177.2343081911626,
            850.1446935669245,
            216.63333076883623,
            378.1600190395595,
            605.0826389841309,
            696.8536431705011,
            414.81562169233695,
            247.16795908855178,
            38.01315561749642,
            714.647465538079,
            847.2567497518094,
            535.2803004034429,
            722.9287655087464,
            885.4942122905152,
            370.8072275455267,
            731.7820713846438,
            252.63412279421004,
            500.4887611125749,
            709.7640452995629,
            519.5007218474291,
            596.0134226676442,
            547.1179031982045,
            995.96485881782,
            381.57830126987045,
            505.7835505431152,
            309.55613384328217,
            343.5884165684286,
            688.8846057214517,
            1002.2065655342716
        ],
        [
            466.892921342785,
            146.81961721786362,
            428.58488074125995,
            417.65296598970775,
            401.0012468808545,
            504.5047076093542,
            593.5941374373571,
            319.07679326456827,
            205.76928828180363,
            550.9882031405028,
            429.7452733887832,
            357.8407467016578,
            461.79324377907477,
            79.40403012442127,
            536.5258614456529,
            0,
            434.7286509996782,
            475.38615882248826,
            365.57488972849325,
            680.4145795028205,
            576.4624879382873,
            470.55817918722863,
            439.8567948776056,
            346.70592726401435,
            372.20021493814323,
            119.07980517283356,
            286.457675756821,
            285.77263689863656,
            403.20838284936485,
            418.20808217919466,
            433.110840316887,
            445.1022354470937,
            129.24782396620841,
            569.575280362482,
            428.57204761860055,
            543.7370688117556,
            168.24089871371942,
            306.1780527732189,
            301.0863663469337,
            425.19172146221285,
            369.78912909927465,
            527.4021236210564,
            287.23683607782624,
            313.63673254260254,
            23.3452350598575,
            386.90825785966365,
            432.01851812161937,
            343.0364412128834,
            283.7692724732542,
            512.7533520124466,
            195.35864454894235,
            247.31558786295702,
            244.24782496472716,
            463.417738115407,
            525.5872905617107,
            465.7402709665549,
            383.29362113137233,
            512.8167313963147,
            269.0669061776271,
            333.4021595610923,
            157.9177000845694,
            477.90584846808474
        ],
        [
            830.7261883436685,
            485.96810594935135,
            702.1410114784637,
            539.2708039566021,
            432.69504272639875,
            147.4720312466062,
            338.71079108879894,
            290.2085457046363,
            495.600645681581,
            985.5298067537075,
            774.1860241569851,
            155.54099138169332,
            669.8805863734221,
            503.4779041824974,
            117.44360348695028,
            434.7286509996782,
            0,
            724.1995581329775,
            289.9689638564789,
            251.55715056424057,
            647.2619253439832,
            421.74162706567154,
            873.7121951764208,
            409.05989781448875,
            280.8558349046713,
            538.6139619430598,
            689.9340548197342,
            351.00569795944904,
            527.0768444923377,
            736.4299016199709,
            824.1601786060766,
            879.7414392877034,
            560.817260790001,
            166.02710622064095,
            732.7571221080011,
            174.89711261195825,
            270.2073278058906,
            549.9745448654875,
            629.026231567492,
            406.5033825197522,
            133.24038426843416,
            130.01538370516005,
            641.3251905234971,
            748.1370195358602,
            436.4309796519949,
            668.5544106503224,
            811.4708867236087,
            340.3307215048327,
            615.6005198178442,
            292.17973920174546,
            383.6925852814985,
            594.5300665231323,
            402.0572098594925,
            576.0078124470188,
            451.0399095423818,
            899.262475587634,
            273.19040978775223,
            510.13723643741207,
            193.2149062572554,
            229.00218339570475,
            582.3100548676796,
            908.5290309065529
        ],
        [
            234.98297810692588,
            329.028874112896,
            864.1209406095885,
            215.13251730038397,
            329.6209944769902,
            689.6441111181912,
            629.0071541723512,
            763.4775700700054,
            275.94383486499567,
            609.1863425914931,
            176.92088627406318,
            572.7704601321545,
            919.9483681163852,
            504.58398706260976,
            767.0958219153589,
            475.38615882248826,
            724.1995581329775,
            0,
            455.2373007564297,
            893.0688663255482,
            265.6633207652121,
            399.78619285813267,
            587.4776591496906,
            817.1615507352265,
            467.05138903551074,
            394.5883931389772,
            630.785224937934,
            373.48360071092816,
            878.251103045137,
            123.00406497347964,
            299.42110814035806,
            548.1058291972455,
            426.16076778605515,
            890.1101055487461,
            845.4359822008997,
            889.9449421172077,
            566.9964726521674,
            184.6212338816963,
            188.66107176627614,
            375.89892258425004,
            741.1342658385186,
            736.8127306174887,
            223.13448859376265,
            480.7078114613908,
            452.642242836437,
            92.097774131626,
            264.7413832403238,
            396.547601177967,
            712.7250521765037,
            572.255187831443,
            667.3417415387711,
            675.3436162428723,
            717.7220910631078,
            208.70074269153906,
            986.4167476274924,
            531.1139237489448,
            816.5353635942536,
            346.46933486240886,
            658.9757203418044,
            753.4407740492945,
            523.6506469011568,
            503.438178925675
        ],
        [
            607.1704867662788,
            319.17550031291563,
            767.6353300884476,
            254.01771591761076,
            142.97202523570826,
            234.54210709380092,
            235.23817717368922,
