{
    "depot": [
        814,
        287
    ],
    "final_destination": [
        653,
        166
    ],
    "requests": [
        [
            [
                425,
                170
            ],
            [
                372,
                17
            ]
        ],
        [
            [
                797,
                568
            ],
            [
                436,
                889
            ]
        ],
        [
            [
                931,
                276
            ],
            [
                19,
                153
            ]
        ],
        [
            [
                702,
                791
            ],
            [
                763,
                739
            ]
        ],
        [
            [
                318,
                308
            ],
            [
                851,
                555
            ]
        ],
        [
            [
                735,
                591
            ],
            [
                86,
                158
            ]
        ],
        [
            [
                388,
                957
            ],
            [
                558,
                279
            ]
        ],
        [
            [
                357,
                71
            ],
            [
                474,
                427
            ]
        ],
        [
            [
                681,
                463
            ],
            [
                375,
                265
            ]
        ],
        [
            [
                555,
                215
            ],
            [
                450,
                99
            ]
        ],
        [
            [
                527,
                191
            ],
            [
                257,
                75
            ]
        ],
        [
            [
                805,
                252
            ],
            [
                716,
                68
            ]
        ],
        [
            [
                26,
                385
            ],
            [
                913,
                839
            ]
        ],
        [
            [
                681,
                69
            ],
            [
                648,
                809
            ]
        ],
        [
            [
                830,
                611
            ],
            [
                183,
                593
            ]
        ],
        [
            [
                195,
                892
            ],
            [
                408,
                109
            ]
        ],
        [
            [
                621,
                562
            ],
            [
                434,
                227
            ]
        ],
        [
            [
                311,
                463
            ],
            [
                693,
                127
            ]
        ],
        [
            [
                332,
                504
            ],
            [
                943,
                598
            ]
        ],
        [
            [
                534,
                419
            ],
            [
                822,
                315
            ]
        ]
    ],
    "travel_costs": [
        [
            0,
            406.2142291943993,
            281.513765205185,
            117.51595636338072,
            516.2944896084017,
            496.44435740574187,
            314.0971187387748,
            793.9622157256604,
            505.4750241109842,
            220.60145058453264,
            268.8215021161812,
            302.63013729633735,
            36.1386219991853,
            794.0705258350797,
            255.36836139193122,
            324.39482116704636,
            865.5553130794127,
            335.9672603096915,
            532.902430093915,
            528.5953083408895,
            309.5545186231337,
            517.9420817041225,
            710.8361273880219,
            806.2139914439589,
            454.8681127535761,
            270.54204848784593,
            739.340922714278,
            256.12496949731394,
            367.6955262170047,
            439.55090717685937,
            409.6828041302198,
            595.980704385637,
            239.92707225321618,
            560.8074535881277,
            547.7590711252531,
            701.2823967561143,
            443.3057635537802,
            384.7076812334269,
            200.60159520801423,
            336.69273826443003,
            29.120439557122076,
            201.40009930484146
        ],
        [
            406.2142291943993,
            0,
            544.7825254172532,
            516.9835587327705,
            679.977940818671,
            174.62244987400675,
            522.820236792724,
            787.8692784973914,
            120.10412149464314,
            389.0822535146007,
            137.56816492197603,
            104.13932974625868,
            388.7467041660932,
            453.2394510631218,
            275.2035610234722,
            598.7537056252763,
            757.7492989109261,
            438.2693235899588,
            314.39624679693617,
            346.70592726401435,
            271.8124353299532,
            161.91973320136123,
            719.0841397221885,
            406.3557554655772,
            661.8194617869741,
            574.1959595817442,
            339.2123228893667,
            171.95929750961417,
            261.6295090390226,
            107.35455276791944,
            75.27283706623525,
            193.00000000000003,
            308.35855752678566,
            828.0730644091741,
            676.7939125021737,
            487.33253533906395,
            63.32456079595025,
            57.70615218501404,
            271.42770676554005,
            671.9434500015608,
            422.6511563925976,
            228.03508501982762
        ],
        [
            281.513765205185,
            544.7825254172532,
            0,
            321.27869521647403,
            242.39224410034248,
            545.0146787014089,
            66.12866246946174,
            564.4484033107012,
            663.7838503609439,
            156.46405337968207,
            427.9871493397904,
            463.7121952245811,
            316.10124960208555,
            792.42034299985,
            512.3055728761889,
            54.203320931470614,
            683.6519582360603,
            176.10224302944013,
            497.21323393489837,
            469.3836384025332,
            302.27470949452584,
            695.8634923603911,
            483.0755634473762,
            881.7647078444454,
            174.34735443934906,
            55.54277630799527,
            820.744174514812,
            375.022665981671,
            352.43439105739947,
            519.5122712698902,
            583.4123755972271,
            731.1969638886638,
            506.5185090398968,
            294.78297101427006,
            283.3407842157567,
            614.5087468864865,
            601.6660203135955,
            498.0461825975579,
            453.0971198319406,
            149.05032707109368,
            254.23217734976035,
            427.012880367794
        ],
        [
            117.51595636338072,
            516.9835587327705,
            321.27869521647403,
            0,
            563.6186654112868,
            613.8346682943218,
            371.0,
            870.982204181004,
            609.5088186400587,
            312.20025624589096,
            380.9160012391183,
            412.84500723637194,
            128.2653499585917,
            911.5404543957442,
            324.5751068705054,
            349.89426974444723,
            959.7666383032911,
            421.7771923658272,
            647.5870597842425,
            640.9251126301731,
            421.96919318831794,
            616.0860329531907,
            787.9048165863692,
            920.2570293130066,
            492.53730823156945,
            290.2430016382824,
            853.1992733236473,
            373.0120641480648,
            481.3003220443552,
            556.1088023040095,
            512.5329257716036,
            703.3327804105252,
            299.1471209956733,
            563.2876707331699,
            603.4716231936677,
            812.3995322499884,
            549.0154824774982,
            499.4096514886351,
            280.79351844371337,
            322.22352490158136,
            115.76700738984316,
            298.97157055479374
        ],
        [
            516.2944896084017,
            679.977940818671,
            242.39224410034248,
            563.6186654112868,
            0,
            617.0453792064243,
            202.70421801235418,
            355.178828197853,
            798.3890029302759,
            328.67156859089596,
            594.4619415908809,
            625.0,
            548.7531321095125,
            788.5505690822878,
            722.3053370978231,
            220.8710030764564,
            516.9622810225133,
            242.90327292978165,
            510.35771768437087,
            468.26167897875223,
            408.17643244067875,
            841.4130971169869,
            283.4783942384322,
            934.6298732653478,
            80.15609770940699,
            279.1003403795847,
            883.2581729030306,
            531.8646444350292,
            429.5113502574757,
            619.358539135451,
            736.4563802425776,
            843.0189796202693,
            723.1355336311444,
            216.39085008382403,
            56.92099788303083,
            555.4862734577696,
            742.6708557631705,
            624.4357452933008,
            664.0609911747565,
            308.7555667514353,
            490.893063711436,
            626.917857458216
        ],
        [
            496.44435740574187,
            174.62244987400675,
            545.0146787014089,
            613.8346682943218,
            617.0453792064243,
            0,
            503.9623001773049,
            652.7641227886226,
            240.18742681497713,
            394.7074866277558,
            254.59379411132548,
            239.5203540411545,
            490.20913904169515,
            301.9817875303078,
            434.61477195327814,
            594.9394927217389,
            596.8123658236314,
            395.3795644693843,
            155.15798400340216,
            196.49936386665482,
            242.85180666406413,
            295.96790366524544,
            592.8617039411469,
            336.78776699874356,
            619.5046408220038,
            587.4504234401402,
            276.26798583983634,
            241.7457341919398,
            196.20652384668557,
            71.40028011149536,
            247.19425559668656,
            240.85265205099986,
            464.76230483979657,
            797.4873039741761,
            599.917494327345,
            315.35694062442957,
            218.4055860091495,
            141.4814475470194,
            416.3964457100949,
            689.0029027515051,
            504.04860876705135,
            363.8529922922168
        ],
        [
            314.0971187387748,
            522.820236792724,
            66.12866246946174,
            371.0,
            202.70421801235418,
            503.9623001773049,
            0,
            504.3461113164252,
            642.8716823752621,
            138.92443989449805,
            416.8644863741693,
            450.8480897153719,
            346.15170084805305,
            738.3203911582017,
            524.785670536077,
            97.08243919473799,
            618.2240694117304,
            117.63077828527703,
            442.89953714132514,
            412.28388277981475,
            264.5467822522134,
            679.1502042994613,
            422.14334058468813,
            839.3449827097318,
            150.62536307010183,
            121.45781160551181,
            780.1858752887032,
            358.7101894287365,
            308.24827655641485,
            485.67067031065403,
            568.5850859809814,
            703.3775657497188,
            523.345010485435,
            305.2670961633435,
            234.71898091121645,
            552.003623176515,
            582.4542900520178,
            472.3314514194455,
            465.8969843216417,
            208.11775512915762,
            289.38728375656035,
            432.8383069923455
        ],
        [
            793.9622157256604,
            787.8692784973914,
            564.4484033107012,
            870.982204181004,
            355.178828197853,
            652.7641227886226,
            504.3461113164252,
            0,
            886.5421591780054,
            574.3561612797412,
            760.5609771740857,
            778.5094732885401,
            819.0934012675234,
            676.9254020939087,
            935.0898352564849,
            561.3198731561176,
            203.65166338628316,
            458.6000436109879,
            499.96499877491425,
            456.4482446017292,
            557.4585186361403,
            940.1361603512546,
            83.23460818673925,
            884.633822550325,
            433.7614551801486,
            613.1663722025206,
            854.1691869881518,
            698.9878396653264,
            536.9320254929855,
            692.1220990547838,
            860.2371765972453,
            891.675389365435,
            947.5784927909665,
            538.0975747947579,
            299.17219122104245,
            417.75710646259506,
            848.2358162680941,
            731.4478792094485,
            884.265231703701,
            660.9886534578336,
            774.9322551036316,
            834.2098057443343
        ],
        [
            505.4750241109842,
            120.10412149464314,
            663.7838503609439,
            609.5088186400587,
            798.3890029302759,
            240.18742681497713,
            642.8716823752621,
            886.5421591780054,
            0,
            508.5666131393212,
            244.82646915723797,
            208.08652046684813,
            483.1821602667052,
            456.24226020832396,
            324.0061727807049,
            717.8641932844959,
            836.8303292782833,
            557.4737661989127,
            394.6897515771089,
            433.7211085478778,
            390.4266896614523,
            56.04462507680822,
            821.805938163019,
            347.8045428110449,
            781.7032685105007,
            691.5865817090438,
            284.6225570821821,
            289.2490276561012,
            374.73323845103465,
            194.83326204732086,
            97.12363255150623,
            100.07996802557444,
            359.01253460011674,
            948.1350114830693,
            793.300069330641,
            550.236312869298,
            63.60031446463139,
            173.9683879329805,
            340.63470169670023,
            788.1148393476677,
            525.1295078359243,
            310.8713560301109
        ],
        [
            220.60145058453264,
            389.0822535146007,
            156.46405337968207,
            312.20025624589096,
            328.67156859089596,
            394.7074866277558,
            138.92443989449805,
            574.3561612797412,
            508.5666131393212,
            0,
            278.1726082848561,
            312.5699921617557,
            244.73863609981976,
            659.6279254246291,
            394.0,
            210.0119044244873,
            648.2568935229305,
            115.76268828944843,
            370.0,
            351.4000569151917,
            153.4438007871286,
            542.5836341063007,
            491.42751245733075,
            730.9883720005402,
            287.92360097775935,
            193.29769786523585,
            668.6179776224985,
            221.32555207205516,
            210.10711553871752,
            364.4722211636986,
            431.111354524559,
            574.7347214150194,
            396.54760117796707,
            441.8144406874904,
            347.57013680694723,
            514.6882551603446,
            447.0402666427265,
            341.62113517755307,
            336.2142174269256,
            294.73547462088777,
            204.41379601191306,
            298.31694554617576
        ],
        [
            268.8215021161812,
            137.56816492197603,
            427.9871493397904,
            380.9160012391183,
            594.4619415908809,
            254.59379411132548,
            416.8644863741693,
            760.5609771740857,
            244.82646915723797,
            278.1726082848561,
            0,
            36.87817782917155,
            252.72316870441458,
            555.6446706304309,
            192.85227507084275,
            482.12135401784474,
            766.765283512497,
            353.2208940592274,
            347.9080338250326,
            365.0342449688796,
            205.07803392855124,
            269.6163941602958,
            684.4245758299448,
            539.5739059665506,
            563.7730039652483,
            450.7948535642349,
            472.4510556660869,
            64.07027391856539,
            226.947130407062,
            186.81541692269406,
            156.46405337968207,
            329.24762717444145,
            218.0137610335641,
            719.4025298815677,
            601.2362264534632,
            530.3470561811388,
            181.23189564753773,
            121.59358535712317,
            163.6704005005181,
            545.1907922920195,
            285.112258592997,
            109.5673308974897
        ],
        [
            302.63013729633735,
            104.13932974625868,
            463.7121952245811,
            412.84500723637194,
            625.0,
            239.5203540411545,
            450.8480897153719,
            778.5094732885401,
            208.08652046684813,
            312.5699921617557,
            36.87817782917155,
            0,
            284.6137733842127,
            537.2494765004429,
            196.46882704388503,
            517.8889842427621,
            775.6448929761608,
            382.7231375289453,
            347.3326935374786,
            368.77364330982226,
            228.10743083029976,
            233.02574965011914,
            703.9069540784493,
            509.4192772167147,
            596.657355607052,
            487.3109889998377,
            442.23297027697976,
            93.30058949438637,
            241.8780684559888,
            169.0562036720333,
            119.97082978791138,
            293.8639140826924,
            225.49944567559362,
            754.2545989253231,
            629.7340708584856,
            529.0935645044268,
            144.51643505151932,
            99.72462083156796,
            177.91008965204867,
            581.9836767470373,
            320.00156249618533,
            128.4562182223967
        ],
        [
            36.1386219991853,
            388.7467041660932,
            316.10124960208555,
            128.2653499585917,
            548.7531321095125,
            490.20913904169515,
            346.15170084805305,
            819.0934012675234,
            483.1821602667052,
            244.73863609981976,
            252.72316870441458,
            284.6137733842127,
            0,
            790.272105037246,
            221.054291973714,
            359.86942076258714,
            884.1379982785493,
            360.49410536096144,
            537.17501803416,
            535.9412281211439,
            318.32373458477764,
            492.6601262533837,
            736.1589502274628,
            792.2101993789275,
            488.8077331630505,
            306.47185841443905,
            725.1186109871958,
            248.4713263135205,
            374.4142091320788,
            430.1964667451373,
            386.566941162847,
            575.8758546770301,
            204.39422692434343,
            596.8525781128872,
            578.7037238518515,
            709.3412436902285,
            421.96919318831794,
            371.8413640250369,
            167.83622970026465,
            372.50503352303843,
            65.25335240430181,
            174.64249196572982
        ],
        [
            794.0705258350797,
            453.2394510631218,
            792.42034299985,
            911.5404543957442,
            788.5505690822878,
            301.9817875303078,
            738.3203911582017,
            676.9254020939087,
            456.24226020832396,
            659.6279254246291,
            555.6446706304309,
            537.2494765004429,
            790.272105037246,
            0,
            727.2420504893814,
            835.1598649360492,
            534.4249245684562,
            620.7688780858783,
            295.48096385384963,
            328.32453456907547,
            509.13652393046794,
            505.11384855297723,
            649.7045482371199,
            232.10557942453687,
            817.6093199077417,
            842.3330695158538,
            234.79565583715555,
            542.4573715970685,
            449.9644430396695,
            369.05419656196835,
            511.44110120325684,
            386.6018623855814,
            759.3345771134093,
            996.4361494847525,
            752.7682246216295,
            260.6012279326404,
            471.2748667179272,
            437.5248564367515,
            715.1594227862763,
            941.4127681309618,
            799.0719617155892,
            664.1460682711297
        ],
        [
            255.36836139193122,
            275.2035610234722,
            512.3055728761889,
            324.5751068705054,
            722.3053370978231,
            434.61477195327814,
            524.785670536077,
            935.0898352564849,
            324.0061727807049,
            394.0,
            192.85227507084275,
            196.46882704388503,
            221.054291973714,
            727.2420504893814,
            0,
            562.1076409372141,
            955.7850176687224,
            496.63769490444434,
            540.4960684408352,
            557.6970503777118,
            379.61691216277495,
            313.34485794408687,
            855.818321841733,
            667.308024828115,
            674.9992592588528,
            514.8747420489764,
            601.6194810675598,
            243.37008854828483,
            413.53718091605737,
            363.3895980899839,
            232.93990641364994,
            424.04245070511513,
            35.014282800023196,
            804.1915194777921,
            740.7354453514426,
            722.8969497791508,
            275.914841934971,
            293.21152774063984,
            59.22837157984338,
            590.3261810219839,
            283.54364743368876,
            100.96038827183659
        ],
        [
            324.39482116704636,
            598.7537056252763,
            54.203320931470614,
            349.89426974444723,
            220.8710030764564,
            594.9394927217389,
            97.08243919473799,
            561.3198731561176,
            717.8641932844959,
            210.0119044244873,
            482.12135401784474,
            517.8889842427621,
            359.86942076258714,
            835.1598649360492,
            562.1076409372141,
            0,
            694.39614054227,
            214.66718426438632,
            539.6897256757812,
            509.3652913185193,
            352.8172331391992,
            750.0666637039672,
            482.20327663756086,
            931.3887480531424,
            144.4749113168096,
            59.80802621722271,
            871.0596994465993,
            429.1945945605559,
            400.7393167634042,
            571.6126310710778,
            637.6080300623573,
            784.6177413237608,
            554.8378141403125,
            242.63758983306772,
            268.9386547151599,
            647.2503379682393,
            655.8109483685065,
            551.6085568589378,
            503.0159043211258,
            113.74532957444889,
            296.108088373148,
            478.90917719333794
        ],
        [
            865.5553130794127,
            757.7492989109261,
            683.6519582360603,
            959.7666383032911,
            516.9622810225133,
            596.8123658236314,
            618.2240694117304,
            203.65166338628316,
            836.8303292782833,
            648.2568935229305,
            766.765283512497,
            775.6448929761608,
            884.1379982785493,
            534.4249245684562,
            955.7850176687224,
            694.39614054227,
            0,
            538.8654748636249,
            444.40634558925916,
            411.4766092987546,
            581.936422644261,
            892.7228013218885,
            241.0186714758838,
            759.6690068707555,
            588.2456969668372,
            737.4991525418859,
            742.049189744184,
            712.4170127109543,
            542.2785262206129,
            652.3258388259659,
            832.9909963499007,
            819.3491319333901,
            974.8933274979371,
            719.953470718768,
            460.5409862324959,
            299.24070578716396,
            811.4542500967013,
            706.6441820322303,
            912.8137816663375,
            803.7039255845401,
            852.0903707940842,
            858.3938489993973
        ],
        [
            335.9672603096915,
            438.2693235899588,
            176.10224302944013,
            421.7771923658272,
            242.90327292978165,
            395.3795644693843,
            117.63077828527703,
            458.6000436109879,
            557.4737661989127,
            115.76268828944843,
            353.2208940592274,
            382.7231375289453,
            360.49410536096144,
            620.7688780858783,
            496.63769490444434,
            214.66718426438632,
            538.8654748636249,
            0,
            325.42433836454217,
            294.7626163542453,
            167.38578195294843,
            599.1877835870822,
            375.7046712512369,
            727.7946138849888,
            226.92069099136816,
            230.1064970834157,
            670.4036097754845,
            289.9275771636772,
            199.58456854175878,
            385.64880396547323,
            493.568637577389,
            608.0008223678649,
            503.05168720520163,
            402.4835400361113,
            248.4713263135205,
            439.09566155907305,
            500.57766630164394,
            383.6587024948085,
            440.918359790109,
            324.00617278070484,
            318.4493680320311,
            397.290825466685
        ],
        [
            532.902430093915,
            314.39624679693617,
            497.21323393489837,
            647.5870597842425,
            510.35771768437087,
            155.15798400340216,
            442.89953714132514,
            499.96499877491425,
            394.6897515771089,
            370.0,
            347.9080338250326,
            347.3326935374786,
            537.17501803416,
            295.48096385384963,
            540.4960684408352,
            539.6897256757812,
            444.40634558925916,
            325.42433836454217,
            0,
            46.06517122512408,
            227.29936207565564,
            450.1521964847001,
            443.9605838359978,
            425.86852431237503,
            529.6036253652348,
            547.7809781290329,
            379.0118731649445,
            308.00162337234525,
            166.9281282468596,
            208.0865204668481,
            389.63701056239506,
            391.7397095010921,
            565.7296173968622,
            709.7746121128876,
            482.99585919550077,
            182.43903091169938,
            367.04904304465913,
            266.1296676434253,
            508.74355032766755,
            646.2576885422718,
            532.0009398487939,
            452.96026315781836
        ],
        [
            528.5953083408895,
            346.70592726401435,
            469.3836384025332,
            640.9251126301731,
            468.26167897875223,
            196.49936386665482,
            412.28388277981475,
            456.4482446017292,
            433.7211085478778,
            351.4000569151917,
            365.0342449688796,
            368.77364330982226,
            535.9412281211439,
            328.32453456907547,
            557.6970503777118,
            509.3652913185193,
            411.4766092987546,
            294.7626163542453,
            46.06517122512408,
            0,
            219.15519615103813,
            488.6399492468866,
            398.79944834465357,
            470.28714632658205,
            490.9032491234907,
            521.4997603067523,
            424.53739529045026,
            318.90594224629933,
            161.53327830512202,
            242.8373941550189,
            421.8400170680823,
            435.5066015573129,
            580.9922546815922,
            670.6608680995187,
            439.1821945388952,
            173.55690709389816,
            402.24495024798017,
            295.1829940901068,
            521.9674319342156,
            618.1884825843975,
            525.1866334932755,
            466.13839146759835
        ],
        [
            309.5545186231337,
            271.8124353299532,
            302.27470949452584,
            421.96919318831794,
            408.17643244067875,
            242.85180666406413,
            264.5467822522134,
            557.4585186361403,
            390.4266896614523,
            153.4438007871286,
            205.07803392855124,
            228.10743083029976,
            318.32373458477764,
            509.13652393046794,
            379.61691216277495,
            352.8172331391992,
            581.936422644261,
            167.38578195294843,
            227.29936207565564,
            219.15519615103813,
            0,
            433.4143514005968,
            480.10832111097596,
            579.6386805588461,
            393.4984116867564,
            344.9420241141981,
            518.4833652104954,
            142.04224723651762,
            60.53098380168622,
            221.35265979879256,
            330.8413517080354,
            441.6616351914665,
            395.37956446938426,
            565.7216630110606,
            406.32007088008834,
            391.7614069813411,
            334.62815183424124,
            216.48094604375694,
            332.4830822763769,
            446.45492493643746,
            306.2025473440742,
            279.58898404622454
        ],
        [
            517.9420817041225,
            161.91973320136123,
            695.8634923603911,
            616.0860329531907,
            841.4130971169869,
            295.96790366524544,
            679.1502042994613,
            940.1361603512546,
            56.04462507680822,
            542.5836341063007,
            269.6163941602958,
            233.02574965011914,
            492.6601262533837,
            505.11384855297723,
            313.34485794408687,
            750.0666637039672,
            892.7228013218885,
            599.1877835870822,
            450.1521964847001,
            488.6399492468866,
            433.4143514005968,
            0,
            874.3454694798846,
            378.29221509304153,
            821.075514188555,
            720.336726816008,
            318.8683113763423,
            321.30981933330327,
            422.4973372697158,
            248.01814449753468,
            113.17243480636087,
            128.79829191413992,
            347.75997469519115,
            984.055384620195,
            838.7133002403145,
            606.2153082857608,
            98.79271228182775,
            218.96118377465905,
            339.32432862970495,
            814.6177017472675,
            539.7258563381969,
            318.0597428157169
        ],
        [
            710.8361273880219,
            719.0841397221885,
            483.0755634473762,
            787.9048165863692,
            283.4783942384322,
            592.8617039411469,
            422.14334058468813,
            83.23460818673925,
            821.805938163019,
            491.42751245733075,
            684.4245758299448,
            703.9069540784493,
            736.1589502274628,
            649.7045482371199,
            855.818321841733,
            482.20327663756086,
            241.0186714758838,
            375.7046712512369,
            443.9605838359978,
            398.79944834465357,
            480.10832111097596,
            874.3454694798846,
            0,
            845.9225732890687,
            359.76242160625947,
            532.7109910636348,
            810.4696169505677,
            622.0803806583198,
            463.5601363361608,
            626.9744811393841,
            790.1240408948458,
            833.4488586590061,
            867.4335709436199,
            479.6133859683234,
            226.59214461229675,
            389.39054944875073,
            780.5024023025169,
            662.0030211411425,
            804.1722452310822,
            584.5767699797864,
            691.7167050173069,
            754.8629014595962
        ],
        [
            806.2139914439589,
            406.3557554655772,
            881.7647078444454,
            920.2570293130066,
            934.6298732653478,
            336.78776699874356,
            839.3449827097318,
            884.633822550325,
            347.8045428110449,
            730.9883720005402,
            539.5739059665506,
            509.4192772167147,
            792.2101993789275,
            232.10557942453687,
            667.308024828115,
            931.3887480531424,
            759.6690068707555,
            727.7946138849888,
            425.86852431237503,
            470.28714632658205,
            579.6386805588461,
            378.29221509304153,
            845.9225732890687,
            0,
            947.0649396952672,
            924.0281380997009,
            67.18630812896329,
            553.531390257138,
            531.1318103823193,
            373.2023579775455,
            434.36965824053595,
            250.45558488482544,
            702.1637985541549,
            1126.868226546476,
            908.8327678951722,
            469.5700160785397,
            391.48052314259513,
            421.5459642791045,
            674.50129725598,
            1025.5734980975278,
            819.1782467814926,
            634.1332667507673
        ],
        [
            454.8681127535761,
            661.8194617869741,
            174.34735443934906,
            492.53730823156945,
            80.15609770940699,
            619.5046408220038,
            150.62536307010183,
            433.7614551801486,
            781.7032685105007,
            287.92360097775935,
            563.7730039652483,
            596.657355607052,
            488.8077331630505,
            817.6093199077417,
            674.9992592588528,
            144.4749113168096,
            588.2456969668372,
            226.92069099136816,
            529.6036253652348,
            490.9032491234907,
            393.4984116867564,
            821.075514188555,
            359.76242160625947,
            947.0649396952672,
            0,
            203.9607805437114,
            892.1266726199817,
            503.6119537898202,
            425.28225921145594,
            612.5520386057009,
            712.438769298808,
            834.8245324617623,
            672.6440366196671,
            180.27756377319946,
            134.6291201783626,
            598.0936381537593,
            723.1355336311444,
            608.5926387987288,
            615.9902596632515,
            228.6503881474947,
            428.0852718793302,
            583.4629379832107
        ],
        [
            270.54204848784593,
            574.1959595817442,
            55.54277630799527,
            290.2430016382824,
            279.1003403795847,
            587.4504234401402,
            121.45781160551181,
            613.1663722025206,
            691.5865817090438,
            193.29769786523585,
            450.7948535642349,
            487.3109889998377,
            306.47185841443905,
            842.3330695158538,
            514.8747420489764,
            59.80802621722271,
            737.4991525418859,
            230.1064970834157,
            547.7809781290329,
            521.4997603067523,
            344.9420241141981,
            720.336726816008,
            532.7109910636348,
            924.0281380997009,
            203.9607805437114,
            0,
            861.8781816474994,
            402.5232912515747,
            398.1369111248039,
            557.3831716153619,
            607.2371859496089,
            763.698893543784,
            505.3652144736518,
            290.6888370749727,
            325.15380975778214,
            669.0799653255208,
            628.6215077453204,
            530.5402906471854,
            456.2323969206921,
            101.55294185792945,
            241.7457341919398,
            436.4916952245483
        ],
        [
            739.340922714278,
            339.2123228893667,
            820.744174514812,
            853.1992733236473,
            883.2581729030306,
            276.26798583983634,
            780.1858752887032,
            854.1691869881518,
            284.6225570821821,
            668.6179776224985,
            472.4510556660869,
            442.23297027697976,
            725.1186109871958,
            234.79565583715555,
            601.6194810675598,
            871.0596994465993,
            742.049189744184,
            670.4036097754845,
            379.0118731649445,
            424.53739529045026,
            518.4833652104954,
            318.8683113763423,
            810.4696169505677,
            67.18630812896329,
            892.1266726199817,
            861.8781816474994,
            0,
            487.2627627882106,
            472.1281605665987,
            308.1720298794166,
            368.75059321986186,
            190.07893097342483,
            636.3961030678928,
            1071.3029450160213,
            860.0261623927495,
            445.68374437486494,
            325.70692347569155,
            354.77457631572196,
            607.7910825275409,
            963.3529986458755,
            752.5589677892358,
            567.0564345812505
        ],
        [
            256.12496949731394,
            171.95929750961417,
            375.022665981671,
            373.0120641480648,
            531.8646444350292,
            241.7457341919398,
            358.7101894287365,
            698.9878396653264,
            289.2490276561012,
            221.32555207205516,
            64.07027391856539,
            93.30058949438637,
            248.4713263135205,
            542.4573715970685,
            243.37008854828483,
            429.1945945605559,
            712.4170127109543,
            289.9275771636772,
            308.00162337234525,
            318.90594224629933,
            142.04224723651762,
            321.30981933330327,
            622.0803806583198,
            553.531390257138,
            503.6119537898202,
            402.5232912515747,
            487.2627627882106,
            0,
            170.1763790894612,
            183.53473785635242,
            209.9142682144308,
            363.61655627872614,
            263.60007587252323,
            663.0422309325402,
            537.5872022286245,
            489.10223880084624,
            226.71568097509265,
            134.4618905117729,
            203.2953516438583,
            499.98599980399456,
