{
    "depot": [
        710,
        278
    ],
    "final_destination": [
        586,
        964
    ],
    "requests": [
        [
            [
                725,
                347
            ],
            [
                366,
                572
            ]
        ],
        [
            [
                815,
                534
            ],
            [
                232,
                940
            ]
        ],
        [
            [
                650,
                856
            ],
            [
                139,
                390
            ]
        ],
        [
            [
                499,
                240
            ],
            [
                709,
                349
            ]
        ],
        [
            [
                79,
                701
            ],
            [
                269,
                101
            ]
        ],
        [
            [
                506,
                955
            ],
            [
                98,
                978
            ]
        ],
        [
            [
                373,
                29
            ],
            [
                476,
                437
            ]
        ],
        [
            [
                545,
                122
            ],
            [
                831,
                405
            ]
        ],
        [
            [
                973,
                467
            ],
            [
                825,
                764
            ]
        ],
        [
            [
                331,
                987
            ],
            [
                809,
                5
            ]
        ],
        [
            [
                856,
                800
            ],
            [
                649,
                278
            ]
        ],
        [
            [
                273,
                631
            ],
            [
                172,
                568
            ]
        ],
        [
            [
                610,
                236
            ],
            [
                305,
                404
            ]
        ],
        [
            [
                426,
                338
            ],
            [
                65,
                139
            ]
        ],
        [
            [
                114,
                826
            ],
            [
                949,
                339
            ]
        ],
        [
            [
                677,
                608
            ],
            [
                483,
                454
            ]
        ],
        [
            [
                986,
                585
            ],
            [
                401,
                505
            ]
        ],
        [
            [
                300,
                737
            ],
            [
                806,
                365
            ]
        ],
        [
            [
                82,
                515
            ],
            [
                193,
                64
            ]
        ],
        [
            [
                962,
                297
            ],
            [
                223,
                703
            ]
        ]
    ],
    "travel_costs": [
        [
            0,
            70.61161377563892,
            276.6965847277483,
            581.1058423385537,
            214.39449619801346,
            759.6643995870808,
            707.0678892440244,
            419.0107397191628,
            227.0704736419951,
            323.86725675807367,
            803.9415401632136,
            542.0332093147061,
            561.7632953477826,
            108.46197490364999,
            290.26884090442775,
            809.6418961491555,
            331.64589549698934,
            412.8256290493603,
            615.4518665176018,
            671.2324485601094,
            252.7152547829276,
            452.51740298026107,
            816.534138906635,
            581.8805719389504,
            71.00704190430693,
            475.19469694010684,
            929.8085824512484,
            282.90811229089917,
            175.41379649275027,
            499.4206643702281,
            290.3962809679215,
            61.0,
            611.1824604813197,
            424.1473800461344,
            659.8075476985694,
            246.661711661944,
            287.2368360778262,
            383.4188310451118,
            129.5569372901351,
            559.5399896343424,
            646.3698631588575,
            697.1169198922087
        ],
        [
            70.61161377563892,
            0,
            207.53072061745462,
            514.4958697599039,
            250.04999500099976,
            736.6355951214956,
            646.2391198310421,
            474.37116269857717,
            288.1405906844782,
            275.50680572356106,
            751.5557198238864,
            471.5612367444974,
            533.8164478545036,
            159.8311609167624,
            299.1354208381214,
            776.3774855056012,
            265.37709019431196,
            353.2208940592275,
            576.8231964822496,
            664.5848328091757,
            242.2168449963792,
            423.6814841363734,
            771.1666486564367,
            587.5755270601389,
            16.1245154965971,
            518.1235373923868,
            889.544827425802,
            264.7659343646761,
            120.83045973594571,
            428.82280722927976,
            352.16473417990056,
            102.6498904042279,
            595.5249784853696,
            423.8502093900627,
            691.9999999999999,
            224.14281161795037,
            264.5996976566678,
            360.4719129141686,
            82.975900115636,
            602.5885826996724,
            615.4185567562942,
            632.4634376784164
        ],
        [
            276.6965847277483,
            207.53072061745462,
            0,
            361.8134878635677,
            431.6155696913632,
            754.7085530189784,
            522.2279195906707,
            671.1102740980799,
            492.5890782386471,
            171.618763542918,
            662.9215639877767,
            269.14122686797725,
            550.6114782675712,
            361.70291677010295,
            435.588108193968,
            759.3846192806384,
            156.58863304850706,
            178.44326829555663,
            553.5648110203538,
            733.2462069455253,
            278.88707392061036,
            450.6051486612198,
            710.440004504251,
            691.1671288480089,
            213.2158530691374,
            696.8536431705011,
            843.3415678122359,
            352.60459441136044,
            129.98846102635417,
            230.21728866442675,
            529.0340253707694,
            305.1098162957069,
            643.8982838927279,
            526.3078946776308,
            847.6585397434511,
            236.6030430911657,
            341.5025622158639,
            415.01445757949205,
            169.23947530053383,
            779.6050282033846,
            615.6500629416032,
            487.1765593704197
        ],
        [
            581.1058423385537,
            514.4958697599039,
            361.8134878635677,
            0,
            634.2373372799807,
            591.6637558613845,
            174.7483905505284,
            872.1570959408631,
            741.4721842388965,
            505.61843320828405,
            344.85069232930357,
            213.4759939665348,
            439.0375838125935,
            621.2889826803627,
            564.3580423808985,
            536.8388957592399,
            249.46542846655126,
            431.6676962664684,
            369.676885942305,
            662.4990566031018,
            640.1757571167468,
            401.636651713959,
            426.35665821000146,
            691.5757369948717,
            510.42139453592654,
            845.6867032181598,
            565.3211476674121,
            453.6926272268484,
            485.9650193172344,
            197.7093826807418,
            865.7262846881802,
            578.0008650512558,
            558.0573447236403,
            568.6202599274844,
            925.3723574864338,
            597.2352970145017,
            435.3079369825457,
            430.3510195177885,
            515.1863740434136,
            914.3921478228037,
            453.583509400419,
            125.53883861180172
        ],
        [
            214.39449619801346,
            250.04999500099976,
            431.6155696913632,
            634.2373372799807,
            0,
            623.6353100971753,
            715.0342649132277,
            245.75801105966008,
            126.64912159190052,
            525.552090662762,
            765.6585400816738,
            664.115200849973,
            451.6159873166583,
            111.07204868912791,
            122.20065466273086,
            701.1569011284136,
            408.78845384868686,
            596.8199058342474,
            535.3596921696663,
            499.5137635741381,
            466.4954447794748,
            357.6492695365111,
            749.1922316735539,
            390.0,
            236.6030430911657,
            268.7396509635301,
            839.9077330278607,
            198.33809518093088,
            370.7411495909241,
            617.1320766254174,
            389.00514135419854,
            154.7384890710776,
            463.15548145304297,
            254.0314941104744,
            445.5973518772301,
            460.76132650212736,
            214.59729728027799,
            282.5402626175604,
            331.4724724618924,
            353.0042492662093,
            539.0222629910568,
            729.2084749918915
        ],
        [
            759.6643995870808,
            736.6355951214956,
            754.7085530189784,
            591.6637558613845,
            623.6353100971753,
            0,
            496.83498266527084,
            733.4984662560651,
            743.2341488387088,
            924.1168757251434,
            381.1823710509184,
            783.2815585726503,
            206.2425756239482,
            705.8229239688947,
            502.1732768676565,
            129.8075498574717,
            605.1884004175889,
            914.3877733215816,
            223.91292950609173,
            186.02419197512992,
            971.0329551565178,
            314.65854509293086,
            283.7780823108085,
            316.7349049283959,
            721.6675134714046,
            629.3647591023825,
            277.6508598942204,
            476.7651413431985,
            808.1584003151858,
            748.6554614774409,
            1008.6208405540706,
            709.8091292734971,
            162.28986413205232,
            373.2090566961097,
            562.1743501797284,
            942.3078053375128,
            473.5240226218729,
            376.9615364994153,
            800.8901297930946,
            647.1205451845893,
            144.01388821915754,
            571.154970213864
        ],
        [
            707.0678892440244,
            646.2391198310421,
            522.2279195906707,
            174.7483905505284,
            715.0342649132277,
            496.83498266527084,
            0,
            935.5025387458873,
            833.9124654302752,
            675.4502202235187,
            177.9016582272352,
            382.78584090846414,
            399.0801924425716,
            726.4826219532027,
            622.1647691729257,
            412.6802636424475,
            386.846222677694,
            606.0528029800704,
            299.93332592427936,
            611.0450065257058,
            800.5623023850173,
            407.7854828215443,
            274.41027677548817,
            673.7314004853864,
            639.0970192388633,
            886.2759164052694,
            408.6477700905757,
            518.867998627782,
            638.8466169590318,
            371.8090907979524,
            997.1504400039142,
            691.9378584815257,
            511.1995696398814,
            586.5168369279777,
            927.5435299758174,
            758.7522652354983,
            501.5276662358717,
            462.08765402248093,
            661.8912297349165,
            944.3781022450701,
            378.9366701706236,
            80.50465825031493
        ],
        [
            419.0107397191628,
            474.37116269857717,
            671.1102740980799,
            872.1570959408631,
            245.75801105966008,
            733.4984662560651,
            935.5025387458873,
            0,
            195.5326059765992,
            742.8620329509378,
            958.9202260876552,
            909.796680583085,
            610.2491294545205,
            314.67125702866474,
            313.5123602029113,
            838.0274458512681,
            653.954891410715,
            827.5898742734834,
            711.7534685549484,
            566.460060374957,
            647.1050919286604,
            543.0451178309221,
            921.8470588986006,
            430.2057647219526,
            464.0,
            126.49110640673517,
            988.0414971042462,
            420.80042775643653,
            592.570670890823,
            862.8609389698897,
            436.66005084046793,
            371.7216700704978,
            575.2582028967514,
            381.1154680670938,
            327.0535124410071,
            654.1223127214053,
            439.0045557850169,
            476.82281824593923,
            548.0739001266162,
            183.3712082089225,
            690.4896813131968,
            958.9546391774743
        ],
        [
            227.0704736419951,
            288.1405906844782,
            492.5890782386471,
            741.4721842388965,
            126.64912159190052,
            743.2341488387088,
            833.9124654302752,
            195.5326059765992,
            0,
            549.7353908927458,
            891.0785599485603,
            745.9255995070823,
            577.1178389202677,
            131.2288078129189,
            246.6110297614444,
            825.4556317573948,
            503.6069896258391,
            639.4137940332536,
            662.0045317065435,
            607.3038778074779,
            452.23224122125566,
            484.2943319924362,
            875.8384554242866,
            486.47713204219576,
            280.04463929880893,
            276.7977601065442,
            965.6836956270929,
            322.4686031228467,
            402.34935068917406,
            700.4027412853264,
            288.76461001999536,
            187.48866632412745,
            581.4163740384339,
            370.30257898102735,
            480.30094732365455,
            458.590231034199,
            337.7395446198149,
            409.1760012512953,
            356.60902961086106,
            356.7464085313264,
            664.262749219012,
            842.9976275174207
        ],
        [
            323.86725675807367,
            275.50680572356106,
            171.618763542918,
            505.61843320828405,
            525.552090662762,
            924.1168757251434,
            675.4502202235187,
            742.8620329509378,
            549.7353908927458,
            0,
            826.1743157469857,
            352.9560879202964,
            718.9547969100701,
            430.2673587433748,
            562.0053380529406,
            931.000537056773,
            327.86735122607126,
            118.71394189394941,
            725.1406760070765,
            892.2919925674555,
            170.35551062410633,
            616.0146102163487,
            879.0961267119769,
            837.5470136058034,
            289.1712295509358,
            793.4557328547069,
            1013.284757607653,
            497.90460933797345,
            154.94515158597252,
            331.8327892177022,
            490.2448367907611,
            375.09598771514476,
            807.3425543101267,
            670.9642315354821,
            965.4263306954084,
            130.23056476879765,
            490.17241864470503,
            573.2608481311104,
            195.68597292601225,
            877.9572882549584,
            786.2544117523285,
            629.9031671614297
        ],
        [
            803.9415401632136,
            751.5557198238864,
            662.9215639877767,
            344.85069232930357,
            765.6585400816738,
            381.1823710509184,
            177.9016582272352,
            958.9202260876552,
            891.0785599485603,
            826.1743157469857,
            0,
            557.3096087454442,
            360.69377593742865,
            801.1504228295707,
            655.9161531781328,
            270.20362691866296,
            513.1832031545849,
            768.5239098427583,
            251.9146680921935,
            533.6525086608326,
            935.0192511387132,
            416.473288459176,
            109.59014554237984,
            627.1148220222514,
            741.5713047307049,
            888.1666510289608,
            233.17375495539798,
            568.792580823625,
            767.2835199585613,
            542.00092250844,
            1092.1574977996534,
            777.048904509877,
            448.15399139135206,
            583.579471880223,
            888.7406820889881,
            895.4484909809163,
            554.2499436174983,
            487.05646489909157,
            782.6295419928896,
            933.2593423052351,
            303.84206423732707,
            256.03515383634334
        ],
        [
            542.0332093147061,
            471.5612367444974,
            269.14122686797725,
            213.4759939665348,
            664.115200849973,
            783.2815585726503,
            382.78584090846414,
            909.796680583085,
            745.9255995070823,
            352.9560879202964,
            557.3096087454442,
            0,
            607.0008237226701,
            615.3145537040384,
            631.1449912658738,
            742.4553858650363,
            262.497619036821,
            251.24689052802225,
            559.557861172551,
            824.8036129891769,
            514.0476631597503,
            540.4479623423516,
            639.5123141894924,
            825.9473348828,
            474.352189833672,
            912.7814634401818,
            778.6192907962144,
            525.5178398494194,
            395.7903485432661,
            47.50789408087881,
            796.3880963449918,
            561.5451896330339,
            722.2741861647833,
            678.5403451527403,
            1030.825882484525,
            470.28714632658205,
            508.7681200704305,
            542.2637734534735,
            437.8641341786285,
            990.5882090959896,
            640.3889443143128,
            315.9050490258109
        ],
        [
            561.7632953477826,
            533.8164478545036,
            550.6114782675712,
            439.0375838125935,
            451.6159873166583,
            206.2425756239482,
            399.0801924425716,
            610.2491294545205,
            577.1178389202677,
            718.9547969100701,
            360.69377593742865,
            607.0008237226701,
            0,
            519.2244216136218,
            330.54197917964973,
            251.60683615514105,
            404.6541733381728,
            714.482330082417,
            109.38464243210746,
            223.46588106464935,
            765.6872729776825,
            110.13627921806692,
            311.7081968765018,
            275.74807342935327,
            519.2494583531118,
            530.0150941246862,
            388.63093031821336,
            280.79351844371337,
            602.0298995897131,
            567.7966185175815,
            824.1189234570458,
            515.737336247823,
            119.03780911962383,
            229.24441105510078,
            534.1610244111788,
            736.3694724796785,
            274.6434051638597,
            179.61069010501575,
            595.6886770788916,
            572.6159271274246,
            87.6584280032445,
            457.0098467210526
        ],
        [
            108.46197490364999,
            159.8311609167624,
            361.70291677010295,
            621.2889826803627,
            111.07204868912791,
            705.8229239688947,
            726.4826219532027,
            314.67125702866474,
            131.2288078129189,
            430.2673587433748,
            801.1504228295707,
            615.3145537040384,
            519.2244216136218,
            0,
            210.38060747131615,
            770.7892059441414,
            377.985449455399,
            513.0077972116993,
            589.152781543124,
            597.1808771218316,
            357.24641355792505,
            415.249322696618,
            799.0619500389191,
            495.5370823661939,
            150.23315213360866,
            366.750596454866,
            901.5031891235881,
            241.5719354560873,
            278.21214926742505,
            570.0956060170961,
            304.89670381950674,
            57.3149195236284,
            549.6071324136906,
            348.2082710103251,
            553.5648110203538,
            354.3021309560528,
            252.29546171106603,
            340.649379861464,
            234.6422809299296,
            451.0798155537443,
            606.5129841973707,
            728.3954969657625
        ],
        [
            290.26884090442775,
            299.1354208381214,
            435.588108193968,
            564.3580423808985,
            122.20065466273086,
            502.1732768676565,
            622.1647691729257,
            313.5123602029113,
            246.6110297614444,
            562.0053380529406,
            655.9161531781328,
            631.1449912658738,
            330.54197917964973,
            210.38060747131615,
            0,
            579.2132595167345,
            368.6475281349381,
            612.0531022713634,
            418.4220357485968,
            386.86560974064366,
            537.5658099247012,
            241.56986567036876,
            632.4871540197477,
            291.6727618410742,
            283.2137002335869,
            284.2850681973993,
            719.1550597750113,
            110.90987332063813,
            410.50456757507584,
            583.6754235017952,
            507.52142811905,
            230.93072554339756,
            342.6601815209932,
            137.82960494755835,
            412.2159628156096,
            523.0009560220707,
            129.24782396620841,
            168.86088949191287,
            380.9580029347067,
            359.6734630188888,
            417.65296598970775,
            646.1238271415162
        ],
        [
            809.6418961491555,
            776.3774855056012,
            759.3846192806384,
            536.8388957592399,
            701.1569011284136,
            129.8075498574717,
            412.6802636424475,
            838.0274458512681,
            825.4556317573948,
            931.000537056773,
            270.20362691866296,
            742.4553858650363,
            251.60683615514105,
            770.7892059441414,
            579.2132595167345,
            0,
            603.732556683835,
            904.6905548307665,
            206.196508214858,
            312.64196775225173,
            999.4723607984365,
            357.7988261579403,
            164.0731544159495,
            436.71615495651173,
            762.5968790914371,
            741.3838412050806,
            152.8397853963424,
            531.3802781436285,
            831.4625668062273,
            713.6981154521847,
            1075.6700237526377,
            765.851813342503,
            264.43902888945877,
            463.2116147075762,
            688.7452359181877,
            966.6405743605013,
            523.9704190123713,
            430.59261489254544,
            831.4956403974708,
            766.084199027757,
            164.3471934655411,
            491.76010411581785
        ],
        [
            331.64589549698934,
            265.37709019431196,
            156.58863304850706,
            249.46542846655126,
            408.78845384868686,
            605.1884004175889,
            386.846222677694,
            653.954891410715,
            503.6069896258391,
            327.86735122607126,
            513.1832031545849,
            262.497619036821,
            404.6541733381728,
            377.985449455399,
            368.6475281349381,
            603.732556683835,
            0,
            309.8548047069788,
            398.4595337044905,
            602.2242107388245,
            421.8364612026798,
            313.07666792656397,
            555.201765126877,
            580.4894486551844,
            260.969346858975,
            650.778764250955,
            687.1251705475503,
            263.897707454991,
            254.80384612481814,
            215.0348808914498,
            617.2787052863561,
            331.1857484856497,
            506.58168146904006,
            424.2640687119285,
            771.0415034224811,
            382.5506502412458,
            247.69335881286761,
            294.5929394944828,
            275.118156434649,
            728.1428431290113,
            463.8329440649942,
            367.44659475902074
        ],
        [
            412.8256290493603,
            353.2208940592275,
            178.44326829555663,
            431.6676962664684,
            596.8199058342474,
            914.3877733215816,
            606.0528029800704,
            827.5898742734834,
            639.4137940332536,
            118.71394189394941,
            768.5239098427583,
            251.24689052802225,
            714.482330082417,
            513.0077972116993,
            612.0531022713634,
            904.6905548307665,
            309.8548047069788,
            0,
            702.6378868236469,
            906.7061265922933,
            288.99826989101507,
            620.1362753459921,
            833.3912646530439,
            869.1570629063541,
            363.90245945857527,
            865.0693613809242,
            971.0782666706118,
            531.0404880986006,
            237.53947040439405,
            240.75298544358697,
            606.4066292513629,
            455.87059567381624,
            814.1774990749867,
            704.6431721091179,
            1023.3068943381551,
            248.766959220874,
            519.7787991059274,
            590.444747626736,
            284.25340807103794,
            948.8361291603519,
            772.070592627384,
            551.0362964451616
        ],
        [
            615.4518665176018,
            576.8231964822496,
            553.5648110203538,
            369.676885942305,
            535.3596921696663,
            223.91292950609173,
            299.93332592427936,
            711.7534685549484,
            662.0045317065435,
            725.1406760070765,
            251.9146680921935,
            559.557861172551,
            109.38464243210746,
            589.152781543124,
            418.4220357485968,
            206.196508214858,
            398.4595337044905,
            702.6378868236469,
            0,
            311.13983994339264,
            794.886155370692,
            177.71043863543866,
            214.0864311440592,
            382.5310444918164,
            563.7597005817283,
            636.7550549465626,
            314.45985435346114,
            347.81604333325396,
            626.2467564786265,
            525.693827241675,
            891.574450060117,
            576.6125215428469,
            212.00235847744713,
            333.0375354220602,
            642.5177040362389,
            761.3179362132485,
            337.013352851189,
            253.03161857759991,
            628.0286617663241,
            681.4528597049102,
            84.17244204607586,
            365.1369606051954
        ],
        [
            671.2324485601094,
            664.5848328091757,
            733.2462069455253,
            662.4990566031018,
            499.5137635741381,
            186.02419197512992,
            611.0450065257058,
            566.460060374957,
            607.3038778074779,
            892.2919925674555,
            533.6525086608326,
            824.8036129891769,
            223.46588106464935,
            597.1808771218316,
            386.86560974064366,
            312.64196775225173,
            602.2242107388245,
            906.7061265922933,
            311.13983994339264,
            0,
            906.6002426648694,
            289.66359798911566,
            450.69390943299874,
            137.38267721950976,
            648.6023435048628,
            454.27414630374903,
            463.2763753959401,
            401.6466108409232,
            757.0343453239093,
            783.6134251019439,
            888.0478590706696,
            614.5388514976087,
            104.44615837837215,
            249.098374141623,
            376.3841123108147,
            884.6835592459034,
            405.61311615873564,
            319.15670132397344,
            739.3754120877974,
            464.4588248704076,
            235.0,
            674.9940740480615
        ],
        [
            252.7152547829276,
            242.2168449963792,
            278.88707392061036,
            640.1757571167468,
            466.4954447794748,
            971.0329551565178,
            800.5623023850173,
            647.1050919286604,
            452.23224122125566,
            170.35551062410633,
            935.0192511387132,
            514.0476631597503,
            765.6872729776825,
            357.24641355792505,
            537.5658099247012,
            999.4723607984365,
            421.8364612026798,
            288.99826989101507,
            794.886155370692,
            906.6002426648694,
            0,
            656.384795680095,
            972.8047080478177,
            828.2378885320329,
            258.28859827719845,
            720.1840042655766,
            1100.116811979528,
            505.7627902485512,
            169.77926846349644,
            486.680593408038,
            329.6558811852141,
            313.5761470520358,
            835.1892001217449,
            665.6560673500994,
            910.8089810712232,
            43.965895873961216,
            504.07340735254036,
            598.3184770671887,
            170.1763790894612,
            803.5234906335969,
            843.1826611120512,
            765.6794368402484
        ],
        [
            452.51740298026107,
            423.6814841363734,
            450.6051486612198,
            401.636651713959,
            357.6492695365111,
            314.65854509293086,
            407.7854828215443,
            543.0451178309221,
            484.2943319924362,
            616.0146102163487,
            416.473288459176,
            540.4479623423516,
            110.13627921806692,
            415.249322696618,
            241.56986567036876,
            357.7988261579403,
            313.07666792656397,
            620.1362753459921,
            177.71043863543866,
            289.66359798911566,
            656.384795680095,
            0,
            391.6375875730009,
            290.95188605678436,
            409.1185647217687,
            480.88460154178364,
            486.47713204219576,
            174.14074767268,
            494.0789410610414,
            497.5389431994244,
            719.5401309169629,
            408.07474805481405,
            194.0412327316027,
            178.73164241398334,
            527.3423935167739,
            627.8359658382117,
            166.1715980545412,
            75.59100475585703,
            486.26021840162906,
            536.6497926953854,
            193.93297811357405,
            449.51529451176634
        ],
        [
            816.534138906635,
            771.1666486564367,
            710.440004504251,
            426.35665821000146,
            749.1922316735539,
            283.7780823108085,
            274.41027677548817,
            921.8470588986006,
            875.8384554242866,
            879.0961267119769,
            109.59014554237984,
            639.5123141894924,
            311.7081968765018,
            799.0619500389191,
            632.4871540197477,
            164.0731544159495,
            555.201765126877,
            833.3912646530439,
            214.0864311440592,
            450.69390943299874,
            972.8047080478177,
            391.6375875730009,
            0,
            557.8073144016668,
            759.480085321531,
            839.8154559187394,
            139.2838827718412,
            559.0572421496746,
            803.1351069402956,
            618.5668920981788,
            1098.7056020608977,
            782.3892892927408,
            376.8076432345819,
            540.9482415166908,
            818.223685797472,
            935.5693453721108,
            546.9890309686292,
            466.67547610732663,
            812.4659992885856,
            876.8677209248838,
            237.17082451262846,
            354.81262660734046
        ],
        [
            581.8805719389504,
            587.5755270601389,
            691.1671288480089,
            691.5757369948717,
            390.0,
            316.7349049283959,
            673.7314004853864,
            430.2057647219526,
            486.47713204219576,
            837.5470136058034,
            627.1148220222514,
            825.9473348828,
            275.74807342935327,
            495.5370823661939,
            291.6727618410742,
            436.71615495651173,
            580.4894486551844,
            869.1570629063541,
            382.5310444918164,
            137.38267721950976,
            828.2378885320329,
            290.95188605678436,
            557.8073144016668,
            0,
            571.472659013535,
            316.89272632864265,
            589.427688525064,
            340.26166401756166,
            692.1625531621889,
            781.3270761979262,
            772.7386362800814,
            522.1532342138655,
            181.03314613628078,
            166.5893153836704,
            261.68110363570395,
            811.6039674619635,
            349.9028436580646,
            286.1275939157215,
            667.4683513096332,
            330.44212806480954,
            324.07560846197606,
            727.5197591818383
        ],
        [
            71.00704190430693,
            16.1245154965971,
            213.2158530691374,
            510.42139453592654,
            236.6030430911657,
            721.6675134714046,
            639.0970192388633,
            464.0,
            280.04463929880893,
            289.1712295509358,
            741.5713047307049,
            474.352189833672,
            519.2494583531118,
            150.23315213360866,
            283.2137002335869,
            762.5968790914371,
            260.969346858975,
            363.90245945857527,
            563.7597005817283,
            648.6023435048628,
            258.28859827719845,
            409.1185647217687,
            759.480085321531,
            571.472659013535,
            0,
            505.0782117652671,
            876.9047838847728,
            249.06424873915566,
            134.23859355639868,
            430.90718258112156,
            358.24014292091834,
            92.9569792968769,
            579.9396520328645,
            407.7266241000212,
            677.3743425905649,
            240.20824298928628,
            249.20072231034968,
            345.2535300326413,
            98.3107318658548,
            589.4751903176248,
            601.2586797710284,
            627.1794001719126
        ],
        [
            475.19469694010684,
            518.1235373923868,
            696.8536431705011,
            845.6867032181598,
            268.7396509635301,
            629.3647591023825,
            886.2759164052694,
            126.49110640673517,
            276.7977601065442,
            793.4557328547069,
            888.1666510289608,
            912.7814634401818,
            530.0150941246862,
            366.750596454866,
            284.2850681973993,
            741.3838412050806,
            650.778764250955,
            865.0693613809242,
            636.7550549465626,
            454.27414630374903,
            720.1840042655766,
            480.88460154178364,
            839.8154559187394,
            316.89272632864265,
            505.0782117652671,
            0,
            893.5155286843087,
            394.6454104636211,
            638.9522673877917,
            865.2774121632899,
            548.466954337269,
            419.200429389093,
            476.96750413419153,
            305.1311193569086,
            207.50903594783532,
            720.4470834141811,
            412.8014050363686,
            425.0176466924638,
            598.3853273602219,
            84.52810183601665,
            603.7549171642414,
            919.3791383319505
        ],
        [
            929.8085824512484,
            889.544827425802,
            843.3415678122359,
            565.3211476674121,
            839.9077330278607,
            277.6508598942204,
            408.6477700905757,
            988.0414971042462,
            965.6836956270929,
            1013.284757607653,
            233.17375495539798,
            778.6192907962144,
            388.63093031821336,
            901.5031891235881,
            719.1550597750113,
            152.8397853963424,
            687.1251705475503,
            971.0782666706118,
            314.45985435346114,
            463.2763753959401,
            1100.116811979528,
            486.47713204219576,
            139.2838827718412,
            589.427688525064,
            876.9047838847728,
            893.5155286843087,
            0,
            659.9734843158474,
            930.3859414243103,
            757.8423318870489,
            1205.0933573794189,
            890.8428593191954,
            416.6245312028566,
            610.1843983583979,
            839.6487360795585,
            1064.2001691411253,
            650.2314972377145,
            561.7276920359187,
            936.5004004270367,
            918.9238270934104,
            302.0761493398643,
            488.2007783689002
        ],
        [
            282.90811229089917,
            264.7659343646761,
            352.60459441136044,
            453.6926272268484,
            198.33809518093088,
            476.7651413431985,
            518.867998627782,
            420.80042775643653,
            322.4686031228467,
            497.90460933797345,
            568.792580823625,
            525.5178398494194,
            280.79351844371337,
            241.5719354560873,
            110.90987332063813,
            531.3802781436285,
            263.897707454991,
            531.0404880986006,
            347.81604333325396,
            401.6466108409232,
            505.7627902485512,
            174.14074767268,
            559.0572421496746,
            340.26166401756166,
            249.06424873915566,
            394.6454104636211,
            659.9734843158474,
            0,
            356.43933565194516,
            478.2572529507524,
            545.4475226820633,
            234.96808293893875,
            331.02416830195347,
            174.1551032843999,
            507.66622893393253,
            483.04554650674504,
            18.38477631085024,
            101.23734488813899,
            337.7632306809017,
            468.20721908146606,
            367.1035276321926,
            538.3576877875898
        ],
