{
    "depot": [
        528,
        924
    ],
    "final_destination": [
        129,
        105
    ],
    "requests": [
        [
            [
                452,
                345
            ],
            [
                438,
                874
            ]
        ],
        [
            [
                463,
                503
            ],
            [
                407,
                333
            ]
        ],
        [
            [
                789,
                167
            ],
            [
                113,
                37
            ]
        ],
        [
            [
                928,
                660
            ],
            [
                23,
                743
            ]
        ],
        [
            [
                826,
                345
            ],
            [
                22,
                444
            ]
        ],
        [
            [
                17,
                321
            ],
            [
                379,
                481
            ]
        ],
        [
            [
                864,
                580
            ],
            [
                944,
                950
            ]
        ],
        [
            [
                610,
                150
            ],
            [
                245,
                472
            ]
        ],
        [
            [
                514,
                3
            ],
            [
                287,
                676
            ]
        ],
        [
            [
                171,
                484
            ],
            [
                665,
                640
            ]
        ],
        [
            [
                803,
                561
            ],
            [
                589,
                668
            ]
        ],
        [
            [
                621,
                794
            ],
            [
                835,
                684
            ]
        ],
        [
            [
                277,
                515
            ],
            [
                112,
                759
            ]
        ],
        [
            [
                205,
                30
            ],
            [
                940,
                251
            ]
        ],
        [
            [
                345,
                39
            ],
            [
                589,
                229
            ]
        ],
        [
            [
                451,
                69
            ],
            [
                699,
                168
            ]
        ],
        [
            [
                189,
                355
            ],
            [
                927,
                538
            ]
        ],
        [
            [
                565,
                717
            ],
            [
                125,
                887
            ]
        ],
        [
            [
                609,
                455
            ],
            [
                150,
                948
            ]
        ],
        [
            [
                894,
                90
            ],
            [
                842,
                214
            ]
        ]
    ],
    "travel_costs": [
        [
            0,
            583.9666086344321,
            425.9882627491044,
            800.7309161010332,
            479.2661056240051,
            651.1873770275342,
            790.3986336020578,
            480.865885668759,
            778.3315488916019,
            921.1063999343397,
            566.6118600947214,
            455.4053139786579,
            159.84054554461454,
            479.8770675912739,
            950.5603610502596,
            903.7223024801368,
            858.4602495165399,
            662.3307330933693,
            210.28076469330233,
            475.9432739308331,
            910.7754937414599,
            102.95630140987001,
            603.2594798260529,
            979.2823903246705,
            536.4568948200778,
            697.4496397590294,
            467.3863498220717,
            416.81170808891636,
            533.2851019857952,
            345.8106418258409,
            315.3173005085512,
            263.16724720223067,
            389.67807225965385,
            447.52765277689826,
            789.0963185822121,
            697.6718426309034,
            775.098058312624,
            555.1549333294265,
            404.6949468426805,
            378.76113845007916,
            776.3349792454285,
            911.0225024663223
        ],
        [
            583.9666086344321,
            0,
            158.38244852255568,
            381.12071578438236,
            570.7898036930933,
            374.0,
            435.66156589719964,
            474.30897103048767,
            250.9760944791356,
            347.5744524558731,
            313.4996012756635,
            412.1371131067912,
            479.7520192766259,
            243.97745797511703,
            400.2923931328199,
            324.1681662347492,
            276.0018115882575,
            263.1900454044568,
            388.7840017284662,
            191.70028690641024,
            510.28325467332354,
            529.1852227717626,
            46.57252408878007,
            458.0229251904319,
            585.1880039782087,
            441.2493626057719,
            154.3534904043313,
            779.8006155422039,
            242.85386552410483,
            369.84591386143506,
            363.85986313414674,
            350.85324567402824,
            511.4782497819433,
            535.7200761591822,
            496.9708240933265,
            179.51323071016242,
            303.87168344549644,
            512.7123950130326,
            633.0031595497767,
            674.3982502942902,
            411.41341737964746,
            402.4040258247922
        ],
        [
            425.9882627491044,
            158.38244852255568,
            0,
            468.15809295578777,
            490.78916043449857,
            395.8951881495909,
            481.70530410199973,
            408.32585027156927,
            382.38462312179865,
            502.5942697643896,
            292.61749776799064,
            344.9115828730604,
            331.1268639056638,
            186.3866948041088,
            538.7884557040917,
            478.7692554874425,
            434.1658669218482,
            311.41612032776976,
            237.06539182259397,
            153.68799562750502,
            596.9338321790783,
            371.8413640250369,
            178.98603297464305,
            582.8001372683434,
            501.1985634456667,
            444.92920785221554,
            86.83317338436964,
            656.6353630440566,
            220.19309707617995,
            246.78938388836744,
            244.07580789582568,
            207.60780332155147,
            413.69674883905003,
            434.43871834816935,
            539.4747445432455,
            301.582492860577,
            409.78164917428893,
            465.31817071762845,
            511.56622249714655,
            544.0533062118086,
            476.61514873113293,
            519.5767508270554
        ],
        [
            800.7309161010332,
            381.12071578438236,
            468.15809295578777,
            0,
            512.2206555772619,
            181.8048404196104,
            787.2102641607261,
            419.754690265636,
            179.8054504179448,
            320.1890066819909,
            694.5595726789747,
            394.24865250245307,
            649.1170926728089,
            619.0702706478481,
            599.8541489395568,
            462.08224376186536,
            351.9204455555261,
            628.763866646295,
            593.8653045935584,
            339.6233207540377,
            130.20752666416791,
            789.335163286167,
            416.5093036175783,
            688.3865193334339,
            958.4007512517925,
            815.4863579484331,
            516.4261805911857,
            798.1942119559625,
            623.6673792976509,
            714.9020911985081,
            488.9836398081229,
            539.445085249648,
            519.042387479096,
            899.3291944555119,
            172.7917822120022,
            209.3895890439637,
            90.00555538409836,
            395.83456140160376,
            979.4365727294444,
            1009.0995986521847,
            70.83784299369935,
            662.9057248206565
        ],
        [
            479.2661056240051,
            570.7898036930933,
            490.78916043449857,
            512.2206555772619,
            0,
            331.1027030998086,
            972.0298349330642,
            102.44998779892558,
            601.0191344707754,
            776.5597208199765,
            777.1904528492357,
            159.45532289641508,
            334.970147923662,
            666.9527719411622,
            958.9728880422011,
            851.7804881540783,
            759.480085321531,
            799.4660718254403,
            367.44795549846236,
            379.1912446246617,
            571.0131347000697,
            534.6924349567702,
            615.1178748825301,
            1025.843067920235,
            908.7981073923955,
            931.3925058749398,
            577.4443696149439,
            290.4410439314664,
            708.4017221887593,
            641.1996568932332,
            263.7593600234881,
            339.09438214160963,
            96.04686356149273,
            821.9835764782651,
            409.1760012512953,
            548.3447820486668,
            542.6831488078471,
            122.00409829181967,
            834.4686932413941,
            829.5950819526355,
            454.21580773900865,
            972.8442835315424
        ],
        [
            651.1873770275342,
            374.0,
            395.8951881495909,
            181.8048404196104,
            331.1027030998086,
            0,
            809.3559167634471,
            238.05251521460556,
            291.0,
            462.93412058304796,
            669.5864395281613,
            217.22108553268947,
            493.5848457965459,
            574.7181918123003,
            696.3232008198491,
            570.0850813694391,
            465.6189429136233,
            637.0784881001712,
            454.4282121523707,
            243.28789530101983,
            263.9109698364204,
            656.0373464978957,
            419.1718024867607,
            776.6807580982035,
            896.22151279692,
            810.0722190027257,
            467.23120614958924,
            616.4000324464625,
            594.718420767341,
            632.520355403682,
            336.0743965255312,
            400.62201636954507,
            339.11944798256553,
            825.3435648261881,
            147.75655653811103,
            263.86549603917524,
            217.84857125994654,
            217.83020910791967,
            886.0953673279191,
            905.8614684376413,
            131.97348218486923,
            737.1628042705356
        ],
        [
            790.3986336020578,
            435.66156589719964,
            481.70530410199973,
            787.2102641607261,
            972.0298349330642,
            809.3559167634471,
            0,
            885.7144009216515,
            617.1628634323358,
            590.0279654389273,
            224.24317157942625,
            821.8247988470536,
            767.1668658121256,
            324.4009864349984,
            346.44624402640017,
            432.5598224523401,
            501.8565532101778,
            175.32826355154495,
            676.1065004864248,
            606.9761115562951,
            906.912344165631,
            695.0179853787957,
            390.18457170933857,
            299.7865907608277,
            422.0426518730068,
            123.10158406779338,
            395.78276870020505,
            1120.254435385105,
            273.4684625327023,
            446.01008957197365,
            722.2638022218752,
            669.0239158654942,
            894.9262539449829,
            448.1841139531833,
            925.6505820232599,
            579.3513614379447,
            698.9513573919147,
            935.515365988181,
            576.2117666275135,
            640.9508561504541,
            831.9098508852989,
            243.31050121192877
        ],
        [
            480.865885668759,
            474.30897103048767,
            408.32585027156927,
            419.754690265636,
            102.44998779892558,
            238.05251521460556,
            885.7144009216515,
            0,
            499.41565854506405,
            674.8547991975756,
            699.6177527764714,
            63.89053137985315,
            323.79777639755343,
            590.58784274653,
            858.3594818023507,
            749.6946044890545,
            657.0312016944096,
            711.5124735378854,
            328.8920795641026,
            283.98943642325855,
            490.91750834534304,
            517.6021638285529,
            519.4785847366569,
            926.7416036846517,
            856.650453802483,
            852.9126567240049,
            495.0010100999795,
            378.54986461495395,
            628.3510165504629,
            584.9316199351852,
            207.84850252046564,
            288.73690446494714,
            107.96758772891056,
            773.0103492192068,
            337.66403421152216,
            445.89909172367686,
            443.81189709154944,
            75.71657678474378,
            800.2312165868063,
            803.2558745505694,
            366.66060601051754,
            875.128561983895
        ],
        [
            778.3315488916019,
            250.9760944791356,
            382.38462312179865,
            179.8054504179448,
            601.0191344707754,
            291.0,
            617.1628634323358,
            499.41565854506405,
            0,
            175.57049866079439,
            551.6130890397725,
            454.059467470947,
            644.0939372482869,
            494.0789410610414,
            422.4038352098617,
            287.30819688968154,
            178.4432682955566,
            468.25847563071403,
            568.7829111356986,
            305.00163933985664,
            290.26884090442775,
            744.1505224079333,
            273.3093485411723,
            509.68421596121647,
            834.3967881050359,
            657.4039853849382,
            403.6359746107872,
            866.9232953381746,
            486.7329863487783,
            617.2560246769569,
            493.07707308290054,
            518.4255009159947,
            579.4661336092041,
            786.6924430805217,
            345.1101273506763,
            81.74350127074322,
            90.80198235721508,
            501.0319351099289,
            882.2663996775577,
            921.0884865201606,
            240.66574330386118,
            483.10040364296947
        ],
        [
            921.1063999343397,
            347.5744524558731,
            502.5942697643896,
            320.1890066819909,
            776.5597208199765,
            462.93412058304796,
            590.0279654389273,
            674.8547991975756,
            175.57049866079439,
            0,
            590.7706830911635,
            628.3987587511612,
            798.204234516455,
            564.1923430887732,
            310.17736861350795,
            172.79178221200223,
            91.2414379544733,
            479.0918492314391,
            715.8191112285282,
            461.8755243569419,
            389.83201510394196,
            874.3094417882036,
            346.9135338956957,
            402.43881522537066,
            888.0771362894103,
            660.7155212343661,
            496.6980974394808,
            1040.0524025259497,
            540.6681052179794,
            710.2520679308158,
            654.6525796176168,
            669.2159591641549,
            752.8625372536477,
            856.2359487898182,
            492.93001531657615,
            238.11971778918266,
            247.8911051248108,
            675.8653712093852,
            965.8038103051778,
            1012.6801074376845,
            390.0064102037299,
            398.2825630127435
        ],
        [
            566.6118600947214,
            313.4996012756635,
            292.61749776799064,
            694.5595726789747,
            777.1904528492357,
            669.5864395281613,
            224.24317157942625,
            699.6177527764714,
            551.6130890397725,
            590.7706830911635,
            0,
            636.6733856539003,
            546.44304369257,
            110.44002897500525,
            455.2713476598325,
            477.808539061411,
            500.6246098625196,
            130.24976007655445,
            457.7390086064329,
            438.95899580712546,
            823.3863005904337,
            472.64045531460806,
            280.17316074170986,
            450.7471575062898,
            298.30353668704635,
            154.2757271899893,
            208.02163349036564,
            902.5990250382504,
            74.96665925596525,
            224.32119828495922,
            518.0463299744531,
            456.7055944478893,
            693.4666538486188,
            281.2578887782528,
            803.5234906335969,
            489.6417057400238,
            615.3373058737784,
            757.9261177713828,
            405.61681424714135,
            464.4749724150915,
            723.284867807975,
            381.3200755271089
        ],
        [
            455.4053139786579,
            412.1371131067912,
            344.9115828730604,
            394.24865250245307,
            159.45532289641508,
            217.22108553268947,
            821.8247988470536,
            63.89053137985315,
            454.059467470947,
            628.3987587511612,
            636.6733856539003,
            0,
            295.6568957423453,
            528.007575703228,
            799.7280787867836,
            694.4407822125656,
            604.9528907278649,
            647.635700066017,
            284.5698508275253,
            221.0701246211256,
            479.7103292613158,
            480.82637198889165,
            456.9463863518345,
            866.4156046609502,
            800.9519336389669,
            789.7151385151484,
            431.4811699251776,
            413.76563414570813,
            565.0530948503866,
            528.6596258463474,
            159.01257811883937,
            239.2592735924775,
            127.09445306542689,
            718.8080411347663,
            338.9232951568835,
            394.99367083536924,
            406.52798181675024,
            126.11502686040231,
            752.3031303935934,
            759.0638971786236,
            349.1847648452034,
            813.7640935799515
        ],
        [
            159.84054554461454,
            479.7520192766259,
            331.1268639056638,
            649.1170926728089,
            334.970147923662,
            493.5848457965459,
            767.1668658121256,
            323.79777639755343,
            644.0939372482869,
            798.204234516455,
            546.44304369257,
            295.6568957423453,
            0,
            442.918728436719,
            869.9149383704132,
            803.8662824126908,
            744.6643539206104,
            615.9098960075247,
            95.2102935611481,
            339.2123228893667,
            755.0794660166571,
            199.7223072167954,
            508.248954745605,
            911.6539913805019,
            600.1708090202322,
            693.7586035502551,
            395.6425154100606,
            358.699038192187,
            495.0353522729463,
            354.2315626818141,
            160.16241756417142,
            130.0,
            240.61587645041215,
            510.20192081175077,
            629.7697992123789,
            565.905469137735,
            630.8407088956767,
            398.96365749275964,
            504.6434384790909,
            495.5370823661939,
            620.6778552518206,
            846.6315609519881
        ],
        [
            479.8770675912739,
            243.97745797511703,
            186.3866948041088,
            619.0702706478481,
            666.9527719411622,
            574.7181918123003,
            324.4009864349984,
            590.58784274653,
            494.0789410610414,
            564.1923430887732,
            110.44002897500525,
            528.007575703228,
            442.918728436719,
            0,
            490.3152047407871,
            480.83261120685233,
            478.74001295066205,
            182.60339536821323,
            351.7783392990534,
            337.3781261433527,
            749.208916124201,
            393.4488530927495,
            223.6604569431083,
            505.3513629149525,
            341.32096331752024,
            264.6998299961676,
            107.5174404457249,
            796.3127526292669,
            53.600373133029585,
            161.31026005806328,
            407.6383200828892,
            347.4953237095429,
            583.0308739680944,
            294.5522025040723,
            713.6280543812722,
            423.24933549859236,
            546.3451290164487,
            650.4067957824549,
            401.8556954927975,
            451.2405123656341,
            640.176538151782,
            435.89448264459594
        ],
        [
            950.5603610502596,
            400.2923931328199,
            538.7884557040917,
            599.8541489395568,
            958.9728880422011,
            696.3232008198491,
            346.44624402640017,
            858.3594818023507,
            422.4038352098617,
            310.17736861350795,
            455.2713476598325,
            799.7280787867836,
            869.9149383704132,
            490.3152047407871,
            0,
            140.28898745090436,
            249.07227866625382,
            325.39360780445577,
            775.6087931425222,
            586.3795699033178,
            691.6075476742573,
            875.5712421042618,
            364.1606788218629,
            92.26592003551474,
            735.8620794687005,
            452.642242836437,
            483.4014894474364,
            1180.0512700726185,
            443.8062640387132,
            651.1835378754595,
            764.0026177965623,
            744.6475676452586,
            908.0836965830848,
            734.9081575271837,
            767.5063517652476,
            432.50086705115393,
            512.9132480254337,
            882.8068871502987,
            860.7258564723148,
            919.6461275947395,
            663.0422309325402,
            106.77546534667972
        ],
        [
            903.7223024801368,
            324.1681662347492,
            478.7692554874425,
            462.08224376186536,
            851.7804881540783,
            570.0850813694391,
            432.5598224523401,
            749.6946044890545,
            287.30819688968154,
            172.79178221200223,
            477.808539061411,
            694.4407822125656,
            803.8662824126908,
            480.83261120685233,
            140.28898745090436,
            0,
            110.16351483136329,
            352.40885346426813,
            712.8001122334367,
            492.6986908852103,
            551.3637637712511,
            840.1630794078017,
            300.46630426721725,
            232.00862052949674,
            774.1446893184761,
            518.0289567196028,
            443.30576355378014,
            1090.2852837675102,
            444.3973447265409,
            639.6350521977356,
            680.8825155634413,
            674.6680665334621,
            810.0154319517623,
            756.7621819303605,
            631.6399290735188,
            309.2507073556987,
            376.7718142324343,
            766.6322456041097,
            876.0730563143693,
            929.6805903104572,
            526.9098594636469,
            225.8583626966245
        ],
        [
            858.4602495165399,
            276.0018115882575,
            434.1658669218482,
            351.9204455555261,
            759.480085321531,
            465.6189429136233,
            501.8565532101778,
            657.0312016944096,
            178.4432682955566,
            91.2414379544733,
            500.6246098625196,
            604.9528907278649,
            744.6643539206104,
            478.74001295066205,
            249.07227866625382,
            110.16351483136329,
            0,
            387.8659562271481,
            657.9513659838393,
            417.0851232062827,
            443.4974633523849,
            805.1049621012157,
            267.64155133312164,
            339.5114136520303,
            798.4109217689848,
            569.7946998700496,
            418.24394795382284,
            1009.559309798092,
            452.59805567412684,
            628.7646618568826,
            609.7843881241959,
            614.6909792733255,
            725.0386196610496,
            768.778901895727,
            521.7710225759955,
            211.29126815843574,
            267.02996086581743,
            668.2342403678518,
            880.5679985100526,
            929.1081745415869,
            417.0203831948745,
            324.00617278070484
        ],
        [
            662.3307330933693,
            263.1900454044568,
            311.41612032776976,
            628.763866646295,
            799.4660718254403,
            637.0784881001712,
            175.32826355154495,
            711.5124735378854,
            468.25847563071403,
            479.0918492314391,
            130.24976007655445,
            647.635700066017,
            615.9098960075247,
            182.60339536821323,
            325.39360780445577,
            352.40885346426813,
            387.8659562271481,
            0,
            521.93869371795,
            431.7406628984581,
            753.1600095597216,
            575.6405128202845,
            219.1072796599876,
            326.95565448543636,
            422.0189569201839,
            189.2353032602532,
            227.98245546532743,
            961.2751947283358,
            129.71121771072845,
            335.62628025826587,
            554.7981614965933,
            507.90648745610645,
            724.9531019314285,
            411.2724158024703,
            758.1668681761291,
            419.3757265269415,
            543.2025404947956,
            760.3505770366719,
            535.8357957434348,
            594.2810782786207,
            668.0493993710346,
            257.0992026436488
        ],
        [
            210.28076469330233,
            388.7840017284662,
            237.06539182259397,
            593.8653045935584,
            367.44795549846236,
            454.4282121523707,
            676.1065004864248,
            328.8920795641026,
            568.7829111356986,
            715.8191112285282,
            457.7390086064329,
            284.5698508275253,
            95.2102935611481,
            351.7783392990534,
            775.6087931425222,
            712.8001122334367,
            657.9513659838393,
            521.93869371795,
            0,
            265.66896694947263,
            708.0748547999709,
            201.93563330923047,
            415.2348732946211,
            816.5194425119344,
            542.6232578870905,
            607.764757122359,
            300.4862725649876,
            444.8932456219132,
            403.0198506277327,
            281.007117347586,
            126.21014222319853,
            54.56189146281496,
            272.0091910211859,
            454.942853554158,
            598.1479750028416,
            488.58980750727903,
            565.1168020860821,
            403.83783874223576,
            471.6990566028302,
            474.9589455942481,
            574.228177643696,
            751.4253123231877
        ],
        [
            475.9432739308331,
            191.70028690641024,
            153.68799562750502,
            339.6233207540377,
            379.1912446246617,
            243.28789530101983,
            606.9761115562951,
            283.98943642325855,
            305.00163933985664,
            461.8755243569419,
            438.95899580712546,
            221.0701246211256,
            339.2123228893667,
            337.3781261433527,
            586.3795699033178,
            492.6986908852103,
            417.0851232062827,
            431.7406628984581,
            265.66896694947263,
            0,
            463.0874647407334,
            452.5505496626869,
            235.98305023878302,
            648.6447409792204,
            652.9471647844103,
            587.1030573928226,
            231.46490014686893,
            597.7039400907443,
            364.3967617858315,
            390.5444917035702,
            193.2899376584306,
            213.9369065869655,
            321.7405787276451,
            582.6019224135807,
            388.81486597093993,
            226.88322987827902,
            300.78065097342943,
            328.65331277807013,
            648.7526493202166,
            673.5948337094043,
            335.2163480500317,
            594.0538696111657
        ],
        [
            910.7754937414599,
            510.28325467332354,
            596.9338321790783,
            130.20752666416791,
            571.0131347000697,
            263.9109698364204,
            906.912344165631,
            490.91750834534304,
            290.26884090442775,
            389.83201510394196,
            823.3863005904337,
            479.7103292613158,
            755.0794660166571,
            749.208916124201,
            691.6075476742573,
            551.3637637712511,
            443.4974633523849,
            753.1600095597216,
            708.0748547999709,
            463.0874647407334,
            0,
            906.9685771844579,
            544.2591294594882,
            782.7962697918277,
            1088.600018372221,
            941.1163583744574,
            646.6111660031862,
            861.4522621712708,
            753.0770212933071,
            843.709073081474,
            595.7692506331625,
            653.5357679576535,
            596.9229431006987,
            1029.118554880826,
            167.44252745345193,
            335.1805483616256,
            210.0214274782457,
            449.2137575809538,
            1107.5062076575462,
            1135.649593844862,
            134.4618905117729,
            765.147044691411
        ],
        [
            102.95630140987001,
            529.1852227717626,
            371.8413640250369,
            789.335163286167,
            534.6924349567702,
            656.0373464978957,
            695.0179853787957,
            517.6021638285529,
            744.1505224079333,
            874.3094417882036,
            472.64045531460806,
            480.82637198889165,
            199.7223072167954,
            393.4488530927495,
            875.5712421042618,
            840.1630794078017,
            805.1049621012157,
            575.6405128202845,
            201.93563330923047,
            452.5505496626869,
            906.9685771844579,
            0,
            541.8874421870285,
            897.8830658833031,
            435.18501812447545,
            598.2942419913466,
            397.40407647632406,
            511.67567853084444,
            445.92936660417416,
            249.00803199896984,
            326.01380338875225,
            255.4153480118217,
            440.12384620695116,
            345.68916673798157,
            800.0831206818451,
            662.4394311935243,
            752.6998073601453,
            593.3102055417553,
            313.26985172531363,
            297.35500668392984,
            773.8320231161282,
            828.7593136731557
        ],
        [
            603.2594798260529,
            46.57252408878007,
            178.98603297464305,
            416.5093036175783,
            615.1178748825301,
            419.1718024867607,
            390.18457170933857,
            519.4785847366569,
            273.3093485411723,
            346.9135338956957,
            280.17316074170986,
            456.9463863518345,
            508.248954745605,
            223.6604569431083,
            364.1606788218629,
            300.46630426721725,
            267.64155133312164,
            219.1072796599876,
            415.2348732946211,
            235.98305023878302,
            544.2591294594882,
            541.8874421870285,
            0,
            417.1953978653168,
            561.7437138055041,
            400.6819187335511,
            150.62536307010183,
            817.9596567068573,
            213.45959805077868,
            363.38547026539186,
            401.0149623143755,
            381.2466393294504,
            553.5205506573355,
            518.1708212549217,
            539.2708039566021,
            209.61870145576228,
            335.393798392278,
            558.949908310217,
            621.6429843567769,
            666.5388210749618,
            450.9833699816436,
            359.5385931996731
        ],
        [
            979.2823903246705,
            458.0229251904319,
            582.8001372683434,
            688.3865193334339,
            1025.843067920235,
            776.6807580982035,
            299.7865907608277,
            926.7416036846517,
            509.68421596121647,
            402.43881522537066,
            450.7471575062898,
            866.4156046609502,
            911.6539913805019,
            505.3513629149525,
            92.26592003551474,
            232.00862052949674,
            339.5114136520303,
            326.95565448543636,
            816.5194425119344,
            648.6447409792204,
            782.7962697918277,
            897.8830658833031,
            417.1953978653168,
            0,
            711.7134254740456,
            417.04915777399674,
            517.5828436105663,
            1234.5566005655635,
            454.5866254081833,
            662.2665626467941,
            817.5041284299425,
            790.4030617349606,
            969.4807888761901,
            722.0006925204435,
            854.2394277952757,
            513.264064590538,
            600.4639872631831,
            955.822682300436,
            850.0847016621344,
            911.7510625165182,
            750.1799784051825,
            69.85699678629192
        ],
        [
            536.4568948200778,
            585.1880039782087,
            501.1985634456667,
            958.4007512517925,
            908.7981073923955,
            896.22151279692,
            422.0426518730068,
            856.650453802483,
            834.3967881050359,
            888.0771362894103,
            298.30353668704635,
            800.9519336389669,
            600.1708090202322,
            341.32096331752024,
            735.8620794687005,
            774.1446893184761,
            798.4109217689848,
            422.0189569201839,
            542.6232578870905,
            652.9471647844103,
            1088.600018372221,
            435.18501812447545,
            561.7437138055041,
            711.7134254740456,
            0,
            299.00167223612647,
            442.01809917694544,
            943.9756352787927,
            350.3212811120672,
            272.36923467968995,
            650.2099660878783,
            570.9474581780709,
            814.140651239084,
            90.4267659490264,
            1040.6502774707747,
            764.5600041854138,
            887.4688726935723,
            926.9525338441015,
            176.4652940382329,
            241.15140472325677,
            974.9882050568611,
            646.7456996378097
        ],
        [
            697.4496397590294,
            441.2493626057719,
            444.92920785221554,
            815.4863579484331,
            931.3925058749398,
            810.0722190027257,
            123.10158406779338,
            852.9126567240049,
            657.4039853849382,
            660.7155212343661,
            154.2757271899893,
            789.7151385151484,
            693.7586035502551,
            264.6998299961676,
            452.642242836437,
            518.0289567196028,
            569.7946998700496,
            189.2353032602532,
            607.764757122359,
            587.1030573928226,
            941.1163583744574,
            598.2942419913466,
            400.6819187335511,
            417.04915777399674,
            299.00167223612647,
            0,
            358.91224554199874,
            1051.7223968329286,
            224.75097330156328,
            352.20590568586437,
            672.2090448662528,
            609.6433383544842,
            847.6844931930747,
            327.6049450176233,
            938.0687608059443,
            606.3942611865649,
            731.0984885772915,
            909.8686718422609,
            454.81644649242844,
            520.0,
            851.6454661418684,
            355.4855833926321
        ],
        [
            467.3863498220717,
            154.3534904043313,
            86.83317338436964,
            516.4261805911857,
            577.4443696149439,
            467.23120614958924,
            395.78276870020505,
            495.0010100999795,
            403.6359746107872,
            496.6980974394808,
            208.02163349036564,
            431.4811699251776,
            395.6425154100606,
            107.5174404457249,
            483.4014894474364,
            443.30576355378014,
            418.24394795382284,
            227.98245546532743,
            300.4862725649876,
            231.46490014686893,
            646.6111660031862,
            397.40407647632406,
            150.62536307010183,
            517.5828436105663,
            442.01809917694544,
            358.91224554199874,
            0,
            734.292857108116,
            134.30189872075525,
            215.61307938063496,
            327.2262214432089,
            281.19210515233175,
            499.14426772226886,
            385.4516830940034,
            606.3175735536616,
            328.0304863880795,
            447.62595992636534,
            550.9564411094583,
            478.9070891101947,
            520.1249849795721,
            534.4698307669012,
            451.5263004521442
        ],
        [
            416.81170808891636,
            779.8006155422039,
            656.6353630440566,
            798.1942119559625,
            290.4410439314664,
            616.4000324464625,
            1120.254435385105,
            378.54986461495395,
            866.9232953381746,
            1040.0524025259497,
            902.5990250382504,
            413.76563414570813,
            358.699038192187,
            796.3127526292669,
            1180.0512700726185,
            1090.2852837675102,
            1009.559309798092,
            961.2751947283358,
            444.8932456219132,
            597.7039400907443,
            861.4522621712708,
            511.67567853084444,
            817.9596567068573,
            1234.5566005655635,
            943.9756352787927,
            1051.7223968329286,
            734.292857108116,
            0,
            846.8087151181192,
            711.8461912520147,
            417.06234545928504,
            453.37512062308843,
            287.4665197896966,
            853.6421967077307,
            699.0114448276223,
            803.6578874122993,
            819.4809332742283,
            412.35057899801717,
            821.4195030555337,
            794.0025188876922,
