{
    "depot": [
        352,
        892
    ],
    "final_destination": [
        402,
        267
    ],
    "requests": [
        [
            [
                365,
                56
            ],
            [
                415,
                159
            ]
        ],
        [
            [
                769,
                750
            ],
            [
                946,
                587
            ]
        ],
        [
            [
                895,
                72
            ],
            [
                63,
                774
            ]
        ],
        [
            [
                910,
                541
            ],
            [
                448,
                814
            ]
        ],
        [
            [
                117,
                582
            ],
            [
                418,
                229
            ]
        ],
        [
            [
                424,
                362
            ],
            [
                538,
                603
            ]
        ],
        [
            [
                338,
                736
            ],
            [
                908,
                861
            ]
        ],
        [
            [
                475,
                418
            ],
            [
                78,
                429
            ]
        ],
        [
            [
                352,
                343
            ],
            [
                405,
                434
            ]
        ],
        [
            [
                812,
                620
            ],
            [
                455,
                437
            ]
        ],
        [
            [
                644,
                240
            ],
            [
                668,
                403
            ]
        ],
        [
            [
                406,
                787
            ],
            [
                602,
                613
            ]
        ],
        [
            [
                408,
                942
            ],
            [
                224,
                5
            ]
        ],
        [
            [
                576,
                763
            ],
            [
                782,
                446
            ]
        ],
        [
            [
                553,
                214
            ],
            [
                386,
                293
            ]
        ],
        [
            [
                97,
                599
            ],
            [
                560,
                380
            ]
        ],
        [
            [
                585,
                922
            ],
            [
                163,
                405
            ]
        ],
        [
            [
                80,
                714
            ],
            [
                605,
                341
            ]
        ],
        [
            [
                939,
                845
            ],
            [
                333,
                832
            ]
        ],
        [
            [
                684,
                968
            ],
            [
                381,
                556
            ]
        ]
    ],
    "travel_costs": [
        [
            0,
            836.1010704454336,
            440.5144719529655,
            983.4881798984673,
            659.2154427802794,
            389.00514135419854,
            534.8682080662488,
            156.62694531912445,
            489.69888707245394,
            549.0,
            534.4005988020597,
            714.4004479281909,
            118.07201192492656,
            75.07329751649384,
            258.48984506165806,
            707.1668827087423,
            388.4250249404639,
            234.92339176846568,
            325.0661471147065,
            588.8785952978764,
            340.587727318528,
            735.7023854793459,
            667.7282381328499,
            312.16181701162617,
            123.69316876852983,
            666.2769694353842,
            343.6815386371517,
            556.8635380414128,
            538.000929367227,
            461.05639568278417,
            466.5125936135058,
            582.2173133804937,
            374.6211419554428,
            896.188038304462,
            619.5288532425266,
            599.9641655965796,
            552.6373132534574,
            522.3887441360122,
            606.30850233194,
            62.93647591023826,
            337.249166047894,
            626.9968101992226
        ],
        [
            836.1010704454336,
            0,
            803.0267741489072,
            530.2414544337324,
            729.5546586788408,
            581.532458251472,
            311.6360056219435,
            680.5358183078978,
            378.34375903402974,
            287.29427422070216,
            719.6561679024227,
            334.2110111890391,
            732.1488919611911,
            887.0428400026686,
            737.8143397901669,
            245.57687187518292,
            605.5353003748006,
            893.5076944268583,
            717.06973161611,
            975.7033360607106,
            966.1806249351101,
            114.49454135459908,
            787.0971985720695,
            778.9274677400971,
            762.5306551214843,
            180.9364529330671,
            573.7054993635672,
            971.0169926422503,
            470.635740249293,
            380.1105102466913,
            391.48563192025324,
            460.67124937421477,
            605.3247062527681,
            149.9399879951976,
            570.9544640336916,
            237.92856070678025,
            378.15473023618256,
            403.2431028548412,
            372.5922704512266,
            776.659513557904,
            500.2559344975329,
            214.21951358361358
        ],
        [
            440.5144719529655,
            803.0267741489072,
            0,
            689.608584633341,
            252.1150531007619,
            673.2963686223177,
            519.2003466870954,
            431.227318244102,
            443.4636399976891,
            582.6988930828684,
            136.92698784388708,
            525.0952294584289,
            364.8808024547194,
            408.8826237442721,
            193.4373283521048,
            577.8858018674624,
            688.756125199624,
            251.87298386289868,
            689.939852450922,
            194.74342094150447,
            233.9850422569785,
            688.9100086368321,
            240.6200324162558,
            706.407814226315,
            327.3178882982108,
            628.205380429044,
            273.80650101851126,
            177.88198334851117,
            761.9199433011319,
            482.02904476805134,
            443.3565156846124,
            361.4000553403389,
            216.00462958001617,
            923.0655448016679,
            304.27783356662707,
            596.2700730373779,
            424.9482321412809,
            697.324171386594,
            440.6551940009331,
            443.64400142456566,
            433.79718763495924,
            606.6119022900886
        ],
        [
            983.4881798984673,
            530.2414544337324,
            689.608584633341,
            0,
            469.23981075778295,
            930.2601786597124,
            553.1193361291938,
            866.6862177281926,
            544.1654160271488,
            606.8690138736694,
            554.2499436174983,
            302.03476621077914,
            866.2251439435362,
            997.0300898167517,
            761.0794965048001,
            370.3079799302197,
            956.3121875203725,
            904.7651629014017,
            1037.4916867136815,
            774.2512512098383,
            920.5090982711686,
            487.8206637689716,
            517.5190817738028,
            1088.5899136038327,
            866.2407286661138,
            502.1732768676565,
            639.851545282185,
            789.1070903242473,
            891.592956454906,
            609.2158894841795,
            571.6861026822324,
            401.36018736292215,
            615.2479175096815,
            674.3367111465903,
            390.6980931614588,
            554.9071994487007,
            455.0703242357163,
            804.1846802818367,
            395.5515137121839,
            945.2216671236436,
            706.0113313538246,
            530.1641255309529
        ],
        [
            659.2154427802794,
            729.5546586788408,
            252.1150531007619,
            469.23981075778295,
            0,
            794.059191748323,
            517.9160163578648,
            604.3252435568119,
            452.0553063508933,
            592.087831322347,
            125.87692401707312,
            401.6926685913,
            560.8315255047634,
            642.4990272366177,
            401.0486254807514,
            484.12601665268926,
            815.0662549756308,
            500.78538317327116,
            847.8378382686161,
            305.38009103410786,
            483.12006789203036,
            625.2591462745668,
            58.41232746604094,
            878.4634312252276,
            536.6311582455868,
            582.5873325090411,
            377.1312768784896,
            320.006249938966,
            839.504615830074,
            516.2111970889434,
            466.7343998464223,
            278.58212433679233,
            316.30365157550744,
            870.5699282653862,
            159.40200751558933,
            579.7240722964676,
            385.2544613628764,
            759.2792635124445,
            364.7259244967377,
            646.2275141155784,
            529.2126226763681,
            577.1828133269389
        ],
        [
            389.00514135419854,
            581.532458251472,
            673.2963686223177,
            930.2601786597124,
            794.059191748323,
            0,
            377.68902552232043,
            269.3640659033792,
            393.77658640401665,
            335.18054836162554,
            696.0380736712611,
            628.245970938135,
            354.32470983548404,
            462.90495784772065,
            493.39841913001703,
            570.5436004373373,
            26.248809496813372,
            578.4669394183214,
            137.0875632579411,
            863.0486660669837,
            685.9190914386332,
            517.4292222130482,
            829.0150782705945,
            199.44924166313592,
            404.2091043012268,
            463.9073183298578,
            421.5234275814335,
            838.7621832200115,
            157.89236840328923,
            323.80240888541886,
            367.7893418792883,
            579.3461832100044,
            485.9897118252607,
            586.8372857956454,
            678.7643184493422,
            394.8189458473339,
            486.8808889245911,
            182.87974190707948,
            544.2655601817921,
            330.3876511009454,
            265.2772134956185,
            424.79406775518885
        ],
        [
            534.8682080662488,
            311.6360056219435,
            519.2003466870954,
            553.1193361291938,
            517.9160163578648,
            377.68902552232043,
            0,
            383.76034188018957,
            75.74298647399638,
            74.46475676452586,
            465.9484950077637,
            251.56311335328957,
            425.3810056878422,
            580.2206476849992,
            428.84146254764124,
            196.32880583347927,
            403.8539339909913,
            582.6843056063892,
            492.17882928870483,
            706.0552386322191,
            659.4209581140108,
            203.19940944796073,
            568.4267762869727,
            547.7818909018443,
            452.63671967704965,
            133.13526955694346,
            266.6027006614899,
            695.1668864380697,
            352.42729746715133,
            74.46475676452586,
            81.15417426109391,
            247.42069436488129,
            307.7092783781471,
            409.2053274335514,
            367.72272162595556,
            78.77182237323191,
            137.18600511714016,
            264.51843035977663,
            182.21415971323412,
            478.7285243225016,
            198.70832896484234,
            97.51410154434076
        ],
        [
            156.62694531912445,
            680.5358183078978,
            431.227318244102,
            866.6862177281926,
            604.3252435568119,
            269.3640659033792,
            383.76034188018957,
            0,
            346.2556858738929,
            393.24928480545265,
            487.9877047631426,
            582.7967055500571,
            85.0,
            217.5683800555586,
            239.52661647507986,
            564.543178153806,
            277.2183255125823,
            309.2005821469294,
            258.93628559937287,
            610.8043876725183,
            416.58132459341,
            582.1151088917037,
            625.9912139958516,
            277.6130400395486,
            134.84806264830058,
            513.2728319324918,
            240.18534509832193,
            583.5451996203893,
            402.30461096040153,
            309.3428518650463,
            321.07631491594015,
            468.81659526940814,
            291.247317584214,
            739.8357925918426,
            530.3168863990661,
            445.5928634976104,
            419.5473751556551,
            374.4142091320788,
            476.7745798592874,
            96.13012014972207,
            185.06485349736184,
            473.3465960583217
        ],
        [
            489.69888707245394,
            378.34375903402974,
            443.4636399976891,
            544.1654160271488,
            452.0553063508933,
            393.77658640401665,
            75.74298647399638,
            346.2556858738929,
            0,
            144.06248644251562,
            392.90329599024744,
            245.44856895080892,
            375.3957911325059,
            528.2660314652079,
            359.4801802603309,
            218.40329667841556,
            419.10022667614965,
            515.8643232478865,
            493.6000405186369,
            630.5751343020116,
            588.3714812939186,
            265.8589851782332,
            500.4018385257992,
            544.4997704315402,
            396.919387281599,
            197.40820651634525,
            195.4328529188478,
            619.4658989807268,
            397.15236370944586,
            71.80529228406498,
            27.58622844826744,
            193.58202395883765,
            232.71012010653942,
            483.29080272647434,
            308.27422856930485,
            153.44705927452634,
            93.1074647920348,
            312.27071588607214,
            151.09268678529747,
            437.6756790135819,
            166.97305171793442,
            167.72000476985446
        ],
        [
            549.0,
            287.29427422070216,
            582.6988930828684,
            606.8690138736694,
            592.087831322347,
            335.18054836162554,
            74.46475676452586,
            393.24928480545265,
            144.06248644251562,
            0,
            536.962754760514,
            309.63365450157386,
            447.2717294889093,
            601.6120012100822,
            476.0,
            238.83467084994174,
            361.33225707096784,
            624.1233852372461,
            460.0271731104588,
            772.381382478889,
            707.7068602182686,
            194.48650338776724,
            642.1619733369456,
            518.9238865190155,
            480.6838878098578,
            131.7269904006009,
            319.6810910892291,
            759.9078891549949,
            287.17938644686876,
            105.30906893520614,
            139.44532978913278,
            321.64576788759405,
            367.96738985948195,
            361.4249576329781,
            442.16399672519697,
            60.4648658313239,
            211.26523613694707,
            198.90952717253137,
            253.00790501484337,
            489.36898144447196,
            214.96511344867102,
            90.97252332435326
        ],
        [
            534.4005988020597,
            719.6561679024227,
            136.92698784388708,
            554.2499436174983,
            125.87692401707312,
            696.0380736712611,
            465.9484950077637,
            487.9877047631426,
            392.90329599024744,
            536.962754760514,
            0,
            415.48044478651457,
            439.00455578501686,
            516.6236541235796,
            275.9438348649957,
            481.57761575887224,
            715.3083251298003,
            377.8002117521905,
            738.0108400287897,
            258.36795466930494,
            370.793743205033,
            608.3831029869255,
            138.00362314084367,
            764.667901771743,
            412.4706050132542,
            555.082876695003,
            274.5268657162719,
            259.4166532819356,
            758.4438014777364,
            447.4874299910557,
            401.17078657349913,
            260.43233286210835,
            210.11663427725088,
            850.8636788581354,
            176.56726763474595,
            537.0335185069923,
            348.0,
            683.6856002578963,
            347.4046631811381,
            523.817716386149,
            435.72583122876705,
            541.0258773848068
        ],
        [
            714.4004479281909,
            334.2110111890391,
            525.0952294584289,
            302.03476621077914,
            401.6926685913,
            628.245970938135,
            251.56311335328957,
            582.7967055500571,
            245.44856895080892,
            309.63365450157386,
            415.48044478651457,
            0,
            596.5341566079851,
            740.607858451421,
            527.4021236210564,
            94.64142856064674,
            654.2858702432752,
            684.5472956633456,
            736.7306156255488,
            673.0898899849855,
            729.0980729641246,
            242.90327292978165,
            460.0141302177575,
            789.1241980829127,
            606.5410126281652,
            226.2675407565124,
            378.1600190395595,
            674.7866329440737,
            596.7218782649082,
            307.82624969290714,
            273.00183149568795,
            164.75739740600423,
            375.3571632458877,
            481.2743500333256,
            247.95160818191923,
            263.38754716197195,
            163.2666530556684,
            508.51351997759116,
            108.26818553942796,
            668.7189245116366,
            411.1265012134343,
            243.5015400361977
        ],
        [
            118.07201192492656,
            732.1488919611911,
            364.8808024547194,
            866.2251439435362,
            560.8315255047634,
            354.32470983548404,
            425.3810056878422,
            85.0,
            375.3957911325059,
            447.2717294889093,
            439.00455578501686,
            596.5341566079851,
            0,
            155.0129026887762,
            171.68575945604806,
            591.5555764254107,
            361.69738732813653,
            224.2008028531566,
            334.0733452402331,
            536.1464352208266,
            331.7303121513016,
            628.06448713488,
            575.8472019555187,
            343.2462672775918,
            49.92995093127972,
            558.1290173427645,
            226.4508776754906,
            507.42487128638066,
            485.5388758894596,
            353.00141642775316,
            353.41335571820144,
            464.86557196677836,
            262.09158704544484,
            802.8997446755105,
            507.59925137848654,
            494.40469253436504,
            435.1608897867546,
            452.73943941300274,
            488.38202260116003,
            85.75546629807339,
            232.34887561595815,
            520.0153843878084
        ],
        [
            75.07329751649384,
            887.0428400026686,
            408.8826237442721,
            997.0300898167517,
            642.4990272366177,
            462.90495784772065,
            580.2206476849992,
            217.5683800555586,
            528.2660314652079,
            601.6120012100822,
            516.6236541235796,
            740.607858451421,
            155.0129026887762,
            0,
            245.48930730278255,
            742.2998046611624,
            463.00107991234745,
            178.12635964393365,
            399.459635007093,
            539.786995026742,
            277.22193275424655,
            783.0312892854283,
            644.5688481457973,
            383.7303740909755,
            134.1044369139217,
            713.0701227789592,
            363.07161827936926,
            506.5185090398968,
            609.974589634683,
            508.0088581904847,
            507.18241294429754,
            598.4321181220139,
            381.93847672105517,
            954.8952822168512,
            621.202060524593,
            649.3727742983995,
            582.1924080576799,
            590.2490999569588,
            632.4634376784163,
            133.13526955694348,
            386.9431482789171,
            675.0266661399386
        ],
        [
            258.48984506165806,
            737.8143397901669,
            193.4373283521048,
            761.0794965048001,
            401.0486254807514,
            493.39841913001703,
            428.84146254764124,
            239.52661647507986,
            359.4801802603309,
            476.0,
            275.9438348649957,
            527.4021236210564,
            171.68575945604806,
            245.48930730278255,
            0,
            549.4815738493876,
            506.2973434652803,
            159.25451327984396,
            498.4144861458182,
            372.14647653847265,
            231.70886905770354,
            625.0895935783926,
            409.72673820486744,
            513.117920170403,
            137.78606605894515,
            556.8841890375413,
            164.4506004853737,
            346.16181187415805,
            599.6332212277769,
            370.78565236535246,
            347.731218040601,
            371.56964353940435,
            152.23665787188054,
            835.7439799364397,
            378.0542289143186,
            506.951674225463,
            383.3340579703296,
            546.5647262676215,
            422.9952718411874,
            252.60641322025063,
            284.3835438276976,
            525.6348542476993
        ],
        [
            707.1668827087423,
            245.57687187518292,
            577.8858018674624,
            370.3079799302197,
            484.12601665268926,
            570.5436004373373,
            196.32880583347927,
            564.543178153806,
            218.40329667841556,
            238.83467084994174,
            481.57761575887224,
            94.64142856064674,
            591.5555764254107,
            742.2998046611624,
            549.4815738493876,
            0,
            596.7922586629287,
            708.722794892333,
            688.2797396407946,
            739.7006151139798,
            765.2953678155907,
            148.5563866011825,
            541.8283861150134,
            744.1102068914255,
            609.1182151274086,
            135.83077707206124,
            389.2890956602817,
            737.9932249011505,
            521.3923666491485,
            265.1490147068248,
            243.58366119261777,
            221.23742902140225,
            401.99751243011445,
            389.7717280665697,
            325.9831283977746,
            184.74306482247175,
            166.14752480852673,
            434.2591392244958,
            137.23337786413333,
            655.9908535947739,
            382.8158826381162,
            160.0312469488381
        ],
        [
            388.4250249404639,
            605.5353003748006,
            688.756125199624,
            956.3121875203725,
            815.0662549756308,
            26.248809496813372,
            403.8539339909913,
            277.2183255125823,
            419.10022667614965,
            361.33225707096784,
            715.3083251298003,
            654.2858702432752,
            361.69738732813653,
            463.00107991234745,
            506.2973434652803,
            596.7922586629287,
            0,
            585.211927424587,
            116.24973118248488,
            877.2000911992657,
            693.3469549943953,
            542.8848865091014,
            849.0848014185627,
            178.27226368675525,
            411.61389675277,
            489.83772823252394,
            441.01814021647675,
            852.2704969667788,
            171.05846953600397,
            349.412363833909,
            392.9478336878828,
            603.7027414216371,
            505.19402213407074,
            607.424892476428,
            701.8789069348074,
            420.9002257067582,
            512.1816084163897,
            204.91949638821583,
            569.7613535507651,
            331.6398649137344,
            287.2368360778262,
            450.8314540934339
        ],
        [
            234.92339176846568,
            893.5076944268583,
            251.87298386289868,
            904.7651629014017,
            500.78538317327116,
            578.4669394183214,
            582.6843056063892,
            309.2005821469294,
            515.8643232478865,
            624.1233852372461,
            377.8002117521905,
            684.5472956633456,
            224.2008028531566,
            178.12635964393365,
            159.25451327984396,
            708.722794892333,
            585.211927424587,
            0,
            546.1584019311614,
            362.27751793342077,
            109.16501271011698,
            781.7090251493838,
            492.4895937986914,
            542.5753403906226,
            174.45056606385663,
            712.8379900089501,
            322.44379355168246,
            328.70959827787203,
            707.1760742559097,
            520.13844310914,
            502.1205034650547,
            525.594901040716,
            309.4672842159572,
            985.4998731608239,
            515.1553163852626,
            659.728732131624,
            542.5762619208474,
            667.362719965687,
            581.3441321626975,
            267.5892374517331,
            419.01312628603887,
            680.0838183635896
        ],
        [
            325.0661471147065,
            717.06973161611,
            689.939852450922,
            1037.4916867136815,
            847.8378382686161,
            137.0875632579411,
            492.17882928870483,
            258.93628559937287,
            493.6000405186369,
            460.0271731104588,
            738.0108400287897,
            736.7306156255488,
            334.0733452402331,
            399.459635007093,
            498.4144861458182,
            688.2797396407946,
            116.24973118248488,
            546.1584019311614,
            0,
            868.9315277972136,
            655.2343092360168,
            648.2669203345179,
            875.2628176724977,
            62.361847310675465,
            381.3449881668829,
            591.1590310567876,
            471.25895216961135,
            840.9476797042726,
            285.0070174574654,
            428.9813515760329,
            466.21239794754496,
            665.1804266512959,
            531.6812955145215,
            723.4756388434928,
            751.4173274552564,
            520.4584517519145,
            584.7700402722425,
            319.95312156626943,
            644.0139750036486,
            279.1648258645777,
            339.94852551526094,
            550.9019876529763
        ],
        [
            588.8785952978764,
            975.7033360607106,
            194.74342094150447,
            774.2512512098383,
            305.38009103410786,
            863.0486660669837,
            706.0552386322191,
            610.8043876725183,
            630.5751343020116,
            772.381382478889,
            258.36795466930494,
            673.0898899849855,
            536.1464352208266,
            539.786995026742,
            372.14647653847265,
            739.7006151139798,
            877.2000911992657,
            362.27751793342077,
            868.9315277972136,
            0,
            283.1148176976966,
            863.2334562561857,
            258.0949437706985,
            878.8725732436984,
            491.977641768404,
            806.781878824754,
            468.3641745479686,
            34.88552708502481,
            956.2306207186632,
            673.8523577164362,
            633.0244860982867,
            518.4640778298917,
            409.136896405103,
            1103.0979104322519,
            428.777331490367,
            781.353313168889,
            599.8883229401953,
            892.06277805993,
            604.6255039278445,
            606.1394229053246,
            628.3987587511612,
            788.9569063009716
        ],
        [
            340.587727318528,
            966.1806249351101,
            233.9850422569785,
            920.5090982711686,
            483.12006789203036,
            685.9190914386332,
            659.4209581140108,
            416.58132459341,
            588.3714812939186,
            707.7068602182686,
            370.793743205033,
            729.0980729641246,
            331.7303121513016,
            277.22193275424655,
            231.70886905770354,
            765.2953678155907,
            693.3469549943953,
            109.16501271011698,
            655.2343092360168,
            283.1148176976966,
            0,
            852.5502917716935,
            462.39052758463816,
            650.5974177630895,
            281.80134847086873,
            785.4151768332466,
            393.1170309208189,
            248.24383174612817,
            811.0221945175114,
            602.4923236025502,
            578.2750210756125,
            565.2265032710338,
            364.34736173053324,
            1067.224906006227,
            531.1195722245604,
            737.8543216651915,
            600.9326085344345,
            767.078874692818,
            631.9572770369845,
            376.42661967507024,
            511.42252590201775,
            755.5957914123134
        ],
        [
            735.7023854793459,
            114.49454135459908,
            688.9100086368321,
            487.8206637689716,
            625.2591462745668,
            517.4292222130482,
            203.19940944796073,
            582.1151088917037,
            265.8589851782332,
            194.48650338776724,
            608.3831029869255,
            242.90327292978165,
            628.06448713488,
            783.0312892854283,
            625.0895935783926,
            148.5563866011825,
            542.8848865091014,
            781.7090251493838,
            648.2669203345179,
            863.2334562561857,
            852.5502917716935,
            0,
            682.0153957206537,
            708.6106123958348,
            655.8307708547991,
            70.06425622241343,
            460.72225906721724,
            857.8187454235307,
            431.8205645867274,
            275.1817581163403,
            280.86295590554477,
            351.4896869041821,
            491.0040733028597,
            245.3507693079441,
            465.8948379194601,
            137.10215169719257,
            264.32177360179776,
            352.1647341799005,
            263.10454196003536,
            677.9771382576258,
            398.4532594922522,
            108.77959367454909
        ],
        [
            667.7282381328499,
            787.0971985720695,
            240.6200324162558,
            517.5190817738028,
            58.41232746604094,
            829.0150782705945,
            568.4267762869727,
            625.9912139958516,
            500.4018385257992,
            642.1619733369456,
            138.00362314084367,
            460.0141302177575,
            575.8472019555187,
            644.5688481457973,
            409.72673820486744,
            541.8283861150134,
            849.0848014185627,
            492.4895937986914,
            875.2628176724977,
            258.0949437706985,
            462.39052758463816,
            682.0153957206537,
            0,
            902.5840681066778,
            547.296080746062,
            637.9247604537702,
            408.31360496559506,
            276.6224864323217,
            882.2629993374993,
            562.21881861069,
            513.4014024133553,
            333.3766638503661,
            344.98115890581613,
            927.3661628504675,
            216.27991122617004,
            632.483991892285,
            438.0011415510238,
            803.8737463059732,
            420.47235343123333,
            660.1469533369067,
            565.8498033930913,
            631.1386535461126
        ],
        [
            312.16181701162617,
            778.9274677400971,
            706.407814226315,
            1088.5899136038327,
            878.4634312252276,
            199.44924166313592,
            547.7818909018443,
            277.6130400395486,
            544.4997704315402,
            518.9238865190155,
            764.667901771743,
            789.1241980829127,
            343.2462672775918,
            383.7303740909755,
            513.117920170403,
            744.1102068914255,
            178.27226368675525,
            542.5753403906226,
            62.361847310675465,
            878.8725732436984,
            650.5974177630895,
            708.6106123958348,
            902.5840681066778,
            0,
            387.07234465923807,
            650.4229393248672,
            504.84254971228404,
            849.4668916444007,
            345.3259329966401,
            482.24889839169145,
            516.945838555646,
            709.6943003857365,
            562.5317768802043,
            785.6729599521674,
            790.2815953823042,
            579.3876077376871,
            634.2278770284385,
            382.310083570915,
            693.7240085221212,
            276.1593742750732,
            385.5489592775475,
            609.8934333143783
        ],
        [
            123.69316876852983,
            762.5306551214843,
            327.3178882982108,
            866.2407286661138,
            536.6311582455868,
            404.2091043012268,
            452.63671967704965,
            134.84806264830058,
            396.919387281599,
            480.6838878098578,
            412.4706050132542,
            606.5410126281652,
            49.92995093127972,
            134.1044369139217,
            137.78606605894515,
            609.1182151274086,
            411.61389675277,
            174.45056606385663,
            381.3449881668829,
            491.977641768404,
            281.80134847086873,
            655.8307708547991,
            547.296080746062,
            387.07234465923807,
            0,
            585.7687256929992,
            229.39267643061316,
            462.3948529125297,
            533.970972993851,
            382.42515607632293,
            377.064981137204,
            466.1770050098997,
            253.21334877924585,
            839.438502810063,
            496.9708240933264,
            524.6760905549252,
            448.2186966202994,
            498.5037612696619,
            498.37536054664656,
            116.40017182117903,
            266.5576860643865,
            548.9307788783573
        ],
        [
            666.2769694353842,
            180.9364529330671,
            628.205380429044,
            502.1732768676565,
            582.5873325090411,
            463.9073183298578,
            133.13526955694346,
            513.2728319324918,
            197.40820651634525,
            131.7269904006009,
            555.082876695003,
            226.2675407565124,
            558.1290173427645,
            713.0701227789592,
            556.8841890375413,
            135.83077707206124,
            489.83772823252394,
            712.8379900089501,
            591.1590310567876,
            806.781878824754,
            785.4151768332466,
            70.06425622241343,
            637.9247604537702,
            650.4229393248672,
            585.7687256929992,
            0,
            392.7798365496885,
            799.7024446630135,
            394.4616584663204,
            205.4117815511077,
            211.26523613694707,
            304.591529757477,
            425.80746822948043,
            296.33089612796033,
            423.77470429462875,
            71.55417527999327,
            207.28000385951367,
            309.84028143545186,
            217.97476918212345,
            608.9614109284757,
            329.0866147384302,
            41.2310562561766
        ],
        [
            343.6815386371517,
            573.7054993635672,
            273.80650101851126,
            639.851545282185,
            377.1312768784896,
            421.5234275814335,
            266.6027006614899,
            240.18534509832193,
            195.4328529188478,
            319.6810910892291,
            274.5268657162719,
            378.1600190395595,
            226.4508776754906,
            363.07161827936926,
            164.4506004853737,
            389.2890956602817,
            441.01814021647675,
            322.44379355168246,
            471.25895216961135,
            468.3641745479686,
            393.1170309208189,
            460.72225906721724,
            408.31360496559506,
            504.84254971228404,
            229.39267643061316,
            392.7798365496885,
            0,
            451.06983938188546,
            491.8089059787348,
            215.05813167606567,
            185.59364213248256,
            238.53720883753127,
            64.77653896280658,
            675.4257916307313,
            290.14651471282576,
            345.2593228285081,
            224.08257406590099,
            424.062495394252,
            270.43113726048637,
            307.35321699959474,
            163.88410539158457,
            362.48034429469413
        ],
        [
            556.8635380414128,
            971.0169926422503,
            177.88198334851117,
            789.1070903242473,
            320.006249938966,
            838.7621832200115,
            695.1668864380697,
            583.5451996203893,
            619.4658989807268,
            759.9078891549949,
            259.4166532819356,
            674.7866329440737,
            507.42487128638066,
            506.5185090398968,
            346.16181187415805,
            737.9932249011505,
            852.2704969667788,
            328.70959827787203,
            840.9476797042726,
            34.88552708502481,
            248.24383174612817,
            857.8187454235307,
            276.6224864323217,
            849.4668916444007,
            462.3948529125297,
            799.7024446630135,
            451.06983938188546,
            0,
            935.6943945541193,
            659.8014852969036,
            620.4715948373463,
            517.0725287616815,
            393.8781537480849,
            1095.7152914877113,
            433.7061216999363,
            771.4324338527646,
            593.6876283029654,
            873.4763877747355,
            601.8380180746311,
            575.7308398896138,
            608.8957217783682,
