{
    "depot": [
        263,
        999
    ],
    "final_destination": [
        784,
        440
    ],
    "requests": [
        [
            [
                232,
                186
            ],
            [
                441,
                906
            ]
        ],
        [
            [
                668,
                135
            ],
            [
                518,
                812
            ]
        ],
        [
            [
                937,
                274
            ],
            [
                47,
                45
            ]
        ],
        [
            [
                315,
                887
            ],
            [
                26,
                243
            ]
        ],
        [
            [
                58,
                305
            ],
            [
                255,
                628
            ]
        ],
        [
            [
                207,
                463
            ],
            [
                338,
                273
            ]
        ],
        [
            [
                517,
                25
            ],
            [
                729,
                820
            ]
        ],
        [
            [
                105,
                440
            ],
            [
                662,
                391
            ]
        ],
        [
            [
                829,
                193
            ],
            [
                525,
                726
            ]
        ],
        [
            [
                662,
                292
            ],
            [
                691,
                712
            ]
        ],
        [
            [
                914,
                994
            ],
            [
                226,
                474
            ]
        ],
        [
            [
                0,
                270
            ],
            [
                936,
                785
            ]
        ],
        [
            [
                58,
                696
            ],
            [
                418,
                816
            ]
        ],
        [
            [
                948,
                2
            ],
            [
                461,
                113
            ]
        ],
        [
            [
                79,
                212
            ],
            [
                452,
                867
            ]
        ],
        [
            [
                961,
                190
            ],
            [
                972,
                897
            ]
        ],
        [
            [
                33,
                817
            ],
            [
                376,
                343
            ]
        ],
        [
            [
                779,
                237
            ],
            [
                35,
                826
            ]
        ],
        [
            [
                284,
                312
            ],
            [
                423,
                631
            ]
        ],
        [
            [
                198,
                772
            ],
            [
                95,
                445
            ]
        ]
    ],
    "travel_costs": [
        [
            0,
            813.5908062410734,
            954.2122405419037,
            989.8994898473278,
            123.48279232346505,
            723.6442496144083,
            538.9174333791773,
            1006.5743887065673,
            580.9001635393125,
            984.8817187865759,
            811.8189453320241,
            651.0192009457171,
            774.9903225202235,
            365.83329536825926,
            1209.6420958283488,
            808.2233602167163,
            1068.4966073881565,
            293.2984827782101,
            920.2716990106779,
            687.3208857586097,
            236.12284938141838,
            200.8307745341834,
            316.21827904155066,
            978.1472281819339,
            792.2783601739984,
            371.0862433451286,
            729.8636859030595,
            499.1963541533531,
            727.2310499421762,
            378.38208202820596,
            515.3183482081731,
            526.3021945612616,
            706.2046445613339,
            239.82076640691483,
            907.8546139112804,
            230.53199344125753,
            716.2995183580679,
            665.6613252998854,
            286.2044723619811,
            401.27795852750245,
            578.9127740860448,
            764.1478914451051
        ],
        [
            813.5908062410734,
            0,
            438.97266429699243,
            710.4709705540403,
            705.8965929936197,
            210.80085388821365,
            278.12587078515367,
            327.33163611236847,
            283.9806331424733,
            597.0410371155403,
            442.8724421320432,
            1057.3495164797685,
            246.73872821265817,
            538.865474863625,
            739.2644993505369,
            155.1934276958918,
            729.0109738543036,
            661.6358515074587,
            549.3723691632116,
            136.3084736911099,
            586.985519412532,
            749.7206146292098,
            688.2383308128078,
            232.60696464207604,
            213.74049686477292,
            442.5980117442915,
            137.13132391981054,
            805.5836393572054,
            476.366455578056,
            614.3687817589692,
            698.1095902506999,
            288.0624932197873,
            924.346796391917,
            656.8835513239771,
            240.3539057306954,
            715.6542461272761,
            1026.2168386846904,
            213.03755537463343,
            669.6334818391326,
            484.25819559404465,
            293.00170647967224,
            607.6347587161222
        ],
        [
            954.2122405419037,
            438.97266429699243,
            0,
            302.79035651750866,
            830.7304015142338,
            633.2456079595025,
            565.7782251023806,
            186.81809334215998,
            640.3077385132871,
            171.12860660918147,
            157.1146078504478,
            893.5306374154161,
            681.504952293085,
            828.7466440354374,
            309.9822575567834,
            594.0117843948889,
            298.11742652854093,
            931.8524561324072,
            150.74813431681335,
            422.82975297393637,
            791.6242795670178,
            803.72258895716,
            693.418344147312,
            627.4878484879209,
            651.0207369969102,
            643.1314018145903,
            357.69260545893314,
            687.7106949873618,
            256.0703028466987,
            608.0542738933755,
            577.4582235971707,
            557.0323150410576,
            703.0817875610205,
            725.4384880884113,
            208.16579930430453,
            763.2037735755766,
            820.4023403184563,
            358.5080194361069,
            937.1072510657464,
            553.2097251495132,
            651.4821563174237,
            326.3142657010263
        ],
        [
            989.8994898473278,
            710.4709705540403,
            302.79035651750866,
            0,
            873.3000629795008,
            879.5464740421622,
            754.0696254325591,
            488.2632486681749,
            848.3984912763577,
            135.0,
            275.58846129691284,
            720.3672674407131,
            937.008537847975,
            975.0512807027127,
            272.2223356008834,
            860.2371765972453,
            87.36131867136622,
            1054.5449255484568,
            162.27445886522008,
            654.1047316752876,
            891.1369142842193,
            803.3928055440874,
            681.9127510173131,
            918.9891185427605,
            911.5272897725005,
            768.4009370114017,
            599.0008347239593,
            584.2773314103499,
            298.8544796385023,
            611.594636994145,
            502.35445653442747,
            738.5939344457142,
            511.00097847264436,
            750.4165509901817,
            502.49079593560725,
            766.0770196266169,
            623.9823715458635,
            565.2273878714655,
            1057.5008274228442,
            625.8154680095404,
            859.188570687483,
            225.75429121059915
        ],
        [
            123.48279232346505,
            705.8965929936197,
            830.7304015142338,
            873.3000629795008,
            0,
            636.2177300264431,
            437.5385697284298,
            885.3519074356818,
            493.87144076166214,
            863.6156552541182,
            688.7916956526117,
            608.481717063052,
            692.7582550933622,
            320.2030605725061,
            1088.078122195277,
            715.067129715805,
            950.3288904374107,
            290.5580836941213,
            798.6213120121452,
            575.835045824757,
            164.05486887014357,
            127.42448744256342,
            216.41164478835236,
            883.6220911679382,
            705.8732180781475,
            265.8589851782332,
            614.4306307468729,
            419.38645662443605,
            605.3304882458838,
            264.6148144001012,
            414.7300326718575,
            422.4807687930896,
            629.3210627334827,
            125.09996003196804,
            787.649668317076,
            138.45215780189199,
            657.0760990935524,
            547.4093532266323,
            286.56761854752534,
            277.8488797889961,
            493.72461960084587,
            647.8965966880826
        ],
        [
            723.6442496144083,
            210.80085388821365,
            633.2456079595025,
            879.5464740421622,
            636.2177300264431,
            0,
            217.17504460687928,
            537.6625335654327,
            142.9475428260311,
            779.0924207050149,
            604.139884463855,
            1098.843482940132,
            67.74215821775978,
            391.0,
            940.1643473350816,
            95.34149149242421,
            910.2933593078661,
            512.609988197655,
            724.1995581329777,
            226.10838109190027,
            487.5335885864686,
            712.6640162096021,
            684.5794329367484,
            260.2325882744127,
            69.77105417004962,
            378.33582965402576,
            281.82263926093657,
            845.8522329579794,
            610.0917963716607,
            628.7527335924673,
            752.5543169765224,
            238.29603437741045,
            1000.6417940501987,
            625.0767952819876,
            446.4000448028651,
            686.3526790215071,
            1088.9719922936495,
            320.2623924222137,
            521.5074304360389,
            489.38839381415653,
            144.8067677976413,
            738.4449877952995
        ],
        [
            538.9174333791773,
            278.12587078515367,
            565.7782251023806,
            754.0696254325591,
            437.5385697284298,
            217.17504460687928,
            0,
            536.6041371439471,
            104.5609869884557,
            678.0737423024136,
            486.07201112592355,
            884.2002035738286,
            283.01590061337544,
            276.56825558982723,
            872.6981150432262,
            281.7534383108749,
            801.9008666911391,
            394.4515179334464,
            615.028454626288,
            169.49926253526888,
            309.1310401755217,
            501.00399200006376,
            467.463367548731,
            447.57569192260655,
            284.88769717206117,
            171.84004189943622,
            230.78344827998387,
            632.402561664641,
            460.66148091630146,
            412.6657242854076,
            544.2949568019163,
            21.95449840010015,
            796.9473006416423,
            411.254179310071,
            432.4534657046929,
            472.4838621582752,
            879.5345359904862,
            207.27035485085656,
            401.6876896296425,
            273.64210202379314,
            113.43720729989785,
            577.4582235971707
        ],
        [
            1006.5743887065673,
            327.33163611236847,
            186.81809334215998,
            488.2632486681749,
            885.3519074356818,
            537.6625335654327,
            536.6041371439471,
            0,
            584.7811556471361,
            354.35575344560164,
            303.83219052628374,
            1047.1723831346967,
            572.1136250780958,
            812.9710941970815,
            431.6132528085763,
            476.2488845131293,
            473.66760497209424,
            928.1810168280754,
            337.02818873204063,
            369.6728283225587,
            812.2622729143586,
            884.2720169721532,
            787.000635323759,
            470.425339453563,
            537.21969435232,
            657.4595044563581,
            305.8512710452582,
            822.7812589017813,
            393.6762629369467,
            701.0456475865176,
            708.6924579815987,
            535.0532683761497,
            867.8484890808995,
            797.1712488543475,
            104.30723848324239,
            844.505180564335,
            983.5695196578632,
            347.85772953895963,
            934.8395584270063,
            613.2470953865171,
            595.3855893452578,
            493.4713770828051
        ],
        [
            580.9001635393125,
            283.9806331424733,
            640.3077385132871,
            848.3984912763577,
            493.87144076166214,
            142.9475428260311,
            104.5609869884557,
            584.7811556471361,
            0,
            764.9738557624045,
            576.3271640309868,
            980.5085415232239,
            199.81241202688085,
            260.2786967848118,
            949.9963157823297,
            229.47766775876036,
            891.7600574145492,
            383.8137569186389,
            703.9069540784492,
            220.05681084665386,
            344.7796397701001,
            574.5015230615146,
            555.8354072924826,
            399.2355194618836,
            212.24985276791125,
            240.5077961314352,
            286.66705426330384,
            730.5997536271142,
            559.1511423577707,
            508.1299046503758,
            646.0495337046533,
            125.68611697399201,
            899.7699706035982,
            489.2289852410628,
            483.3890772452352,
            550.2163210956215,
            980.0704056342075,
            287.83675929248506,
            392.29580675811457,
            370.95147930693037,
            11.180339887498949,
            679.0
        ],
        [
            984.8817187865759,
            597.0410371155403,
            171.12860660918147,
            135.0,
            863.6156552541182,
            779.0924207050149,
            678.0737423024136,
            354.35575344560164,
            764.9738557624045,
            0,
            194.1391253714717,
            805.4973618827066,
            832.5683155153096,
            920.5704753032219,
            225.03777460684242,
            750.2406280654227,
            132.03408650799233,
            1011.4306698928998,
            66.60330322138684,
            557.8404789901859,
            856.38893033481,
            811.7345625264455,
            692.7351586284617,
            795.881900786794,
            804.5551565927597,
            720.2089974444918,
            497.47462246832254,
            634.9244049491247,
            259.02316498722655,
            613.6000325945232,
            537.0335185069922,
            665.2593479238003,
            601.592054468807,
            746.3578230312858,
            376.59527347007423,
            772.2726202578984,
            718.3766421592505,
            477.18864194362385,
            1015.4432529688697,
            597.2269250460834,
            776.0541218239872,
            251.06572844575982
        ],
        [
            811.8189453320241,
            442.8724421320432,
            157.1146078504478,
            275.58846129691284,
            688.7916956526117,
            604.139884463855,
            486.07201112592355,
            303.83219052628374,
            576.3271640309868,
            194.1391253714717,
            0,
            745.8605767836239,
            662.3654580365737,
            726.6581039250854,
            407.30332677256644,
            588.4632528884025,
            315.9192934912333,
            819.3082448016742,
            129.28263611173776,
            378.5287307457652,
            667.604673440802,
            652.5618744609587,
            539.570199325352,
            662.7473123295182,
            637.8847858351852,
            527.7736257146619,
            324.5566206380637,
            532.2339711066929,
            99.0,
            455.10987684294446,
            421.0,
            472.46163865439917,
            564.025708633924,
            578.0242209458008,
            269.15051551130273,
            612.1478579559026,
            679.7977640445722,
            290.5116176678654,
            823.5805971488159,
            414.7794594721392,
            587.2801716387163,
            191.80198122021577
        ],
        [
            651.0192009457171,
            1057.3495164797685,
            893.5306374154161,
            720.3672674407131,
            608.481717063052,
            1098.843482940132,
            884.2002035738286,
            1047.1723831346967,
            980.5085415232239,
            805.4973618827066,
            745.8605767836239,
            0,
            1166.0068610432788,
            906.3884377020704,
            992.5824902747378,
            1144.005681804072,
            805.3725845843029,
            898.6044736145042,
            768.9434309492473,
            928.4524758973935,
            749.6265737018665,
            481.11641002983885,
            435.8210641995176,
            1285.4143300897185,
            1162.989681811494,
            753.8149640329515,
            922.8309704382488,
            253.97047072445253,
            653.538828226755,
            472.3822604628587,
            359.5177325251148,
            862.4059368997873,
            210.15470491997078,
            526.9724850502159,
            990.6412064920377,
            479.13776724445336,
            113.01769772916099,
            844.5383354235615,
            894.910610061139,
            610.6144446375307,
            985.982758469944,
            569.0483283518192
        ],
        [
            774.9903225202235,
            246.73872821265817,
            681.504952293085,
            937.008537847975,
            692.7582550933622,
            67.74215821775978,
            283.01590061337544,
            572.1136250780958,
            199.81241202688085,
            832.5683155153096,
            662.3654580365737,
            1166.0068610432788,
            0,
            429.93022689734204,
            985.153795100034,
            98.00510190801293,
            964.324115637476,
            547.9945255201004,
            779.698659739774,
            287.08883642524313,
            539.636914971539,
            773.9360438692593,
            749.7252830203875,
            229.85647695899283,
            37.48332962798262,
            439.5327064053368,
            338.01331334727035,
            913.2037012627576,
            672.9673097558307,
            695.385504594394,
            820.271296584246,
            304.45360894559946,
            1068.3262610270328,
            687.6336233780311,
            487.00102669296297,
            748.8077189773086,
            1156.6818923109327,
            383.020887158912,
            557.1005295276608,
            556.1025085359713,
            199.12307751739877,
            802.219421355529
        ],
        [
            365.83329536825926,
            538.865474863625,
            828.7466440354374,
            975.0512807027127,
            320.2030605725061,
            391.0,
            276.56825558982723,
            812.9710941970815,
            260.2786967848118,
            920.5704753032219,
            726.6581039250854,
            906.3884377020704,
            429.93022689734204,
            0,
            1128.5991316672187,
            484.4553643009849,
            1035.1062747370438,
            123.5556554755791,
            854.7057973361361,
            445.56929876282993,
            159.29846201391902,
            436.7940017903177,
            474.4006745357768,
            651.092927315295,
            454.1288363449297,
            208.40585404445818,
            507.27605896592434,
            682.3613412261864,
            676.639490423076,
            467.9626053436321,
            633.2021794024402,
            278.40258619488435,
            882.4992917844185,
            379.47331922020555,
            708.7298498017421,
            429.5078579025068,
            935.8402641476803,
            475.1136706094659,
            132.01893803541975,
            370.74249823833253,
            253.71243564319033,
            769.8129642971726
        ],
        [
            1209.6420958283488,
            739.2644993505369,
            309.9822575567834,
            272.2223356008834,
            1088.078122195277,
            940.1643473350816,
            872.6981150432262,
            431.6132528085763,
            949.9963157823297,
            225.03777460684242,
            407.30332677256644,
            992.5824902747378,
            985.153795100034,
            1128.5991316672187,
            0,
            894.0139819935705,
            188.4489320744482,
            1225.336688424859,
            289.4581144138129,
            732.8001091702976,
            1074.8953437428224,
            1036.46755858541,
            917.06052144883,
            902.0254985309451,
            952.9769147256401,
            933.8763301422731,
            667.4885766812793,
            846.8087151181192,
            482.82191333865535,
            838.5135657817351,
            755.0821147398473,
            862.5937630194181,
            783.0919486241702,
            971.3372225957369,
            499.48973963435924,
            997.1163422590164,
            895.3217298826161,
            665.9316781772737,
            1229.8556825904411,
            819.3082448016742,
            961.1753221967363,
            467.6964827748868
        ],
        [
            808.2233602167163,
            155.1934276958918,
            594.0117843948889,
            860.2371765972453,
            715.067129715805,
            95.34149149242421,
            281.7534383108749,
            476.2488845131293,
            229.47766775876036,
            750.2406280654227,
            588.4632528884025,
            1144.005681804072,
            98.00510190801293,
            484.4553643009849,
            894.0139819935705,
            0,
            882.2743337533966,
            606.7462402026072,
            700.446286306095,
            228.0898945591409,
            572.5041484565854,
            782.738781459051,
            743.4520831903021,
            170.03823099526764,
            61.40032573203501,
            451.6990148317794,
            266.0864521166006,
            890.0359543299361,
            609.8606398186391,
            680.5233280351232,
            790.2809626961794,
            300.42137074449283,
            1030.9112473923253,
            692.6304931202495,
            394.6200704475129,
            753.7599087242569,
            1125.4661256563877,
            324.6074552440224,
            615.5745283879118,
            542.1226798428562,
            233.54871012274933,
            740.9514154112941
        ],
        [
            1068.4966073881565,
            729.0109738543036,
            298.11742652854093,
            87.36131867136622,
            950.3288904374107,
            910.2933593078661,
            801.9008666911391,
            473.66760497209424,
            891.7600574145492,
            132.03408650799233,
            315.9192934912333,
            805.3725845843029,
            964.324115637476,
            1035.1062747370438,
            188.4489320744482,
            882.2743337533966,
            0,
            1119.9611600408293,
            187.97074240423694,
            687.904789923722,
            959.6317001850241,
            884.9045146229056,
            763.6314556119332,
            925.4301702451676,
            936.5009343294859,
            830.8309093913153,
            628.5045743668061,
            671.3598141086492,
            360.2804463192528,
            690.9355975776614,
            587.6937978233223,
            787.9600243667188,
            595.5249784853697,
            828.6887232248306,
            505.89425772586117,
            847.0005903185665,
            707.0855676649044,
            604.6767731606698,
            1123.37527122507,
            695.6471806886016,
            902.7629810753208,
            306.31519714176767
        ],
        [
            293.2984827782101,
            661.6358515074587,
            931.8524561324072,
            1054.5449255484568,
            290.5580836941213,
            512.609988197655,
            394.4515179334464,
            928.1810168280754,
            383.8137569186389,
            1011.4306698928998,
            819.3082448016742,
            898.6044736145042,
            547.9945255201004,
            123.5556554755791,
            1225.336688424859,
            606.7462402026072,
            1119.9611600408293,
            0,
            944.9423262824033,
            563.9379398479942,
            171.02631376487068,
            417.59430072739264,
            485.02577251111103,
            772.1269325700276,
            574.0426813399853,
            291.556169545424,
            623.6673792976509,
            696.0064654872108,
            759.6821703844313,
            500.34488105705645,
            666.3249957790869,
            393.5708322525947,
            903.5668209933342,
            385.0012986991083,
            823.8931969618393,
            421.97274793521916,
            942.4017190137123,
            585.0854638426766,
            9.219544457292889,
            432.08332529733195,
            377.1312768784896,
            840.3154169715084
        ],
        [
            920.2716990106779,
            549.3723691632116,
            150.74813431681335,
            162.27445886522008,
            798.6213120121452,
            724.1995581329777,
            615.028454626288,
            337.02818873204063,
            703.9069540784492,
            66.60330322138684,
            129.28263611173776,
            768.9434309492473,
            779.698659739774,
            854.7057973361361,
            289.4581144138129,
            700.446286306095,
            187.97074240423694,
            944.9423262824033,
            0,
            500.64957804835916,
            789.8012408194861,
            749.5365234596644,
            631.4633797774816,
            756.761521220523,
            753.0239040030535,
            653.8019577823242,
            442.4669479181468,
            585.140154151123,
            193.40372281835735,
            551.0326669082333,
            483.0828086363662,
            601.6460753632488,
            570.0464893322298,
            682.3210388079793,
            341.3209633175203,
            709.8091292734971,
            687.6401675295008,
            416.70733134899365,
            948.9241276308659,
            531.0103577144235,
            714.9265696559332,
            203.06156701847843
        ],
        [
            687.3208857586097,
            136.3084736911099,
            422.82975297393637,
            654.1047316752876,
            575.835045824757,
            226.10838109190027,
            169.49926253526888,
            369.6728283225587,
            220.05681084665386,
            557.8404789901859,
            378.5287307457652,
            928.4524758973935,
            287.08883642524313,
            445.56929876282993,
            732.8001091702976,
            228.0898945591409,
            687.904789923722,
            563.9379398479942,
            500.64957804835916,
            0,
            467.9700845139569,
            614.3980794240816,
            552.0470994398938,
            357.01260481949373,
            267.0674072214728,
            317.3279061160553,
            66.61080993352354,
            675.3436162428723,
            386.1670622929926,
            479.0375768141785,
            570.656639320003,
            172.06975329789952,
            805.501707012468,
            521.5093479507342,
            266.32686683847726,
            579.8698129752918,
            903.0885892314219,
            97.08243919473799,
            571.1365861157907,
            347.9683893689196,
            231.1060362690685,
            516.1240161046568
        ],
        [
            236.12284938141838,
            586.985519412532,
            791.6242795670178,
            891.1369142842193,
            164.05486887014357,
            487.5335885864686,
            309.1310401755217,
            812.2622729143586,
            344.7796397701001,
            856.38893033481,
            667.604673440802,
            749.6265737018665,
            539.636914971539,
            159.29846201391902,
            1074.8953437428224,
            572.5041484565854,
            959.6317001850241,
            171.02631376487068,
            789.8012408194861,
            467.9700845139569,
            0,
            277.49774773860776,
            322.49030993194197,
            742.5159930937516,
            556.2598313737925,
            154.8709139896837,
            518.2673055480154,
            533.1650776260576,
            600.3807125482963,
            330.21962388689144,
            496.63769490444434,
            299.312545677591,
            738.1144897642912,
            224.35685859808254,
            709.5421058682847,
            271.1844390815963,
            784.0286984543359,
            464.46205442425537,
            171.71196813268432,
            265.52965936030574,
            342.83815423607683,
            673.5131773024192
        ],
        [
            200.8307745341834,
            749.7206146292098,
            803.72258895716,
            803.3928055440874,
            127.42448744256342,
            712.6640162096021,
            501.00399200006376,
            884.2720169721532,
            574.5015230615146,
            811.7345625264455,
            652.5618744609587,
            481.11641002983885,
            773.9360438692593,
            436.7940017903177,
            1036.46755858541,
            782.738781459051,
            884.9045146229056,
            417.59430072739264,
            749.5365234596644,
            614.3980794240816,
            277.49774773860776,
            0,
            121.51131634543346,
            946.8669389095809,
            782.1726152199399,
            334.48467827390834,
            641.3251905234972,
            300.5661324900063,
            560.4159169759546,
            198.6353442869622,
            316.44272783554374,
            482.5442984846054,
            509.5743321636207,
            92.89241088485109,
            793.252166716234,
            40.521599178709614,
            531.0762657095495,
            566.7397992024206,
            413.8067181668272,
            275.58846129691284,
            576.4000346981252,
            578.6233662755075
        ],
        [
            316.21827904155066,
            688.2383308128078,
            693.418344147312,
            681.9127510173131,
            216.41164478835236,
            684.5794329367484,
            467.463367548731,
            787.000635323759,
            555.8354072924826,
            692.7351586284617,
            539.570199325352,
            435.8210641995176,
            749.7252830203875,
            474.4006745357768,
            917.06052144883,
            743.4520831903021,
            763.6314556119332,
            485.02577251111103,
            631.4633797774816,
            552.0470994398938,
            322.49030993194197,
            121.51131634543346,
            0,
            900.0722193246495,
            752.2134005719387,
            320.97507691408066,
            568.2613835199433,
            211.15160430363773,
            444.9460641471054,
            86.28441342444185,
            199.82242116439286,
            446.66318406602534,
            418.8711018917395,
            100.07996802557444,
            701.3201836536575,
            85.91274643497322,
            461.88851468725653,
            490.0255095400647,
            483.2028559518249,
            204.4162420161373,
            560.0160711979613,
            457.31826991713336
        ],
        [
            978.1472281819339,
            232.60696464207604,
            627.4878484879209,
            918.9891185427605,
            883.6220911679382,
            260.2325882744127,
            447.57569192260655,
            470.425339453563,
            399.2355194618836,
            795.881900786794,
            662.7473123295182,
            1285.4143300897185,
            229.85647695899283,
            651.092927315295,
            902.0254985309451,
            170.03823099526764,
            925.4301702451676,
            772.1269325700276,
            756.761521220523,
            357.01260481949373,
            742.5159930937516,
            946.8669389095809,
            900.0722193246495,
            0,
            199.1105220725414,
            618.9935379307283,
            369.68229603268804,
            1032.351199931496,
            705.6493463470366,
            832.0126200965944,
            927.1596410543333,
            464.84621112793855,
            1156.6853504734984,
            855.617905375992,
            419.54737515565506,
            916.3563717244508,
            1257.5885654696451,
            443.8975106936285,
            781.0921840602425,
            696.2557001561999,
            402.8697059844535,
            836.1782106704288
        ],
        [
            792.2783601739984,
            213.74049686477292,
            651.0207369969102,
            911.5272897725005,
            705.8732180781475,
            69.77105417004962,
            284.88769717206117,
            537.21969435232,
            212.24985276791125,
            804.5551565927597,
            637.8847858351852,
            1162.989681811494,
            37.48332962798262,
            454.1288363449297,
            952.9769147256401,
            61.40032573203501,
            936.5009343294859,
            574.0426813399853,
            753.0239040030535,
            267.0674072214728,
            556.2598313737925,
            782.1726152199399,
            752.2134005719387,
            199.1105220725414,
            0,
            447.95758727808146,
            313.4389892786154,
            909.4712749724424,
            652.9931086925802,
            694.4710217136493,
            813.7481182773943,
            305.5503231875234,
            1059.1808155362332,
            694.2571569670708,
            454.00991178607546,
            755.5474836170127,
            1150.057389872349,
            364.0054944640259,
            583.0694641292752,
            555.1153033379642,
            213.4595980507787,
            783.1813327703873
        ],
        [
            371.0862433451286,
            442.5980117442915,
            643.1314018145903,
            768.4009370114017,
            265.8589851782332,
            378.33582965402576,
            171.84004189943622,
            657.4595044563581,
            240.5077961314352,
            720.2089974444918,
            527.7736257146619,
            753.8149640329515,
            439.5327064053368,
            208.40585404445818,
            933.8763301422731,
            451.6990148317794,
            830.8309093913153,
            291.556169545424,
            653.8019577823242,
            317.3279061160553,
            154.8709139896837,
            334.48467827390834,
            320.97507691408066,
            618.9935379307283,
            447.95758727808146,
            0,
            364.5737236828787,
            511.4098160966408,
            470.97558323123286,
            287.2350953487404,
            444.01801765243715,
            156.70673246545599,
            698.8633628972119,
            248.82323042674292,
            554.671975134854,
            309.7256850827842,
            765.8002350482794,
            309.6223506144219,
            295.97972903562163,
            168.02678357928534,
            243.08229059312401,
            561.4133949239188
        ],
        [
            729.8636859030595,
            137.13132391981054,
            357.69260545893314,
            599.0008347239593,
            614.4306307468729,
            281.82263926093657,
            230.78344827998387,
            305.8512710452582,
            286.66705426330384,
            497.47462246832254,
            324.5566206380637,
            922.8309704382488,
            338.01331334727035,
            507.27605896592434,
            667.4885766812793,
            266.0864521166006,
            628.5045743668061,
            623.6673792976509,
            442.4669479181468,
            66.61080993352354,
            518.2673055480154,
            641.3251905234972,
            568.2613835199433,
            369.68229603268804,
            313.4389892786154,
            364.5737236828787,
            0,
            672.3763826905284,
            344.81879299133334,
            490.07958537364107,
            563.3205126746229,
            230.09780529157595,
            787.2407509777426,
            548.8615490267103,
            201.8142710513803,
            604.840474836134,
            889.5684346917892,
            79.64923100695951,
            630.5695837891326,
            367.9524425792007,
            297.7129489961765,
            476.2404854692637
        ],
        [
            499.1963541533531,
            805.5836393572054,
            687.7106949873618,
            584.2773314103499,
            419.38645662443605,
            845.8522329579794,
            632.402561664641,
            822.7812589017813,
            730.5997536271142,
            634.9244049491247,
            532.2339711066929,
            253.97047072445253,
            913.2037012627576,
            682.3613412261864,
            846.8087151181192,
            890.0359543299361,
            671.3598141086492,
            696.0064654872108,
            585.140154151123,
            675.3436162428723,
            533.1650776260576,
            300.5661324900063,
            211.15160430363773,
            1032.351199931496,
            909.4712749724424,
            511.4098160966408,
            672.3763826905284,
            0,
            434.20041455530645,
            224.61522655421206,
            114.4901742508937,
            610.5120801425636,
            209.93808611111993,
            311.02572240893517,
            756.090603036435,
            280.9590717524529,
            254.90782647851358,
            593.4121670474916,
            694.0259361147823,
            359.6623416483855,
            736.6009774633753,
