{
    "depot": {
        "x": 126,
        "y": 651,
        "node_type": "depot",
        "id": 0
    },
    "final_destination": {
        "x": 698,
        "y": 515,
        "node_type": "final",
        "id": 36
    },
    "pickup_nodes": [
        {
            "x": 866,
            "y": 71,
            "node_type": "pickup",
            "id": 1
        },
        {
            "x": 423,
            "y": 384,
            "node_type": "pickup",
            "id": 2
        },
        {
            "x": 802,
            "y": 659,
            "node_type": "pickup",
            "id": 3
        },
        {
            "x": 895,
            "y": 348,
            "node_type": "pickup",
            "id": 4
        },
        {
            "x": 891,
            "y": 281,
            "node_type": "pickup",
            "id": 5
        },
        {
            "x": 103,
            "y": 813,
            "node_type": "pickup",
            "id": 6
        },
        {
            "x": 174,
            "y": 989,
            "node_type": "pickup",
            "id": 7
        },
        {
            "x": 452,
            "y": 223,
            "node_type": "pickup",
            "id": 8
        },
        {
            "x": 514,
            "y": 849,
            "node_type": "pickup",
            "id": 9
        },
        {
            "x": 380,
            "y": 500,
            "node_type": "pickup",
            "id": 10
        },
        {
            "x": 459,
            "y": 13,
            "node_type": "pickup",
            "id": 11
        },
        {
            "x": 536,
            "y": 59,
            "node_type": "pickup",
            "id": 12
        },
        {
            "x": 76,
            "y": 982,
            "node_type": "pickup",
            "id": 13
        },
        {
            "x": 332,
            "y": 209,
            "node_type": "pickup",
            "id": 14
        },
        {
            "x": 108,
            "y": 662,
            "node_type": "pickup",
            "id": 15
        },
        {
            "x": 946,
            "y": 679,
            "node_type": "pickup",
            "id": 16
        },
        {
            "x": 532,
            "y": 214,
            "node_type": "pickup",
            "id": 17
        },
        {
            "x": 987,
            "y": 571,
            "node_type": "pickup",
            "id": 18
        },
        {
            "x": 503,
            "y": 575,
            "node_type": "pickup",
            "id": 19
        },
        {
            "x": 70,
            "y": 178,
            "node_type": "pickup",
            "id": 20
        },
        {
            "x": 137,
            "y": 153,
            "node_type": "pickup",
            "id": 21
        },
        {
            "x": 458,
            "y": 396,
            "node_type": "pickup",
            "id": 22
        },
        {
            "x": 304,
            "y": 250,
            "node_type": "pickup",
            "id": 23
        },
        {
            "x": 126,
            "y": 482,
            "node_type": "pickup",
            "id": 24
        },
        {
            "x": 161,
            "y": 81,
            "node_type": "pickup",
            "id": 25
        },
        {
            "x": 976,
            "y": 22,
            "node_type": "pickup",
            "id": 26
        },
        {
            "x": 824,
            "y": 556,
            "node_type": "pickup",
            "id": 27
        },
        {
            "x": 84,
            "y": 251,
            "node_type": "pickup",
            "id": 28
        },
        {
            "x": 684,
            "y": 974,
            "node_type": "pickup",
            "id": 29
        },
        {
            "x": 199,
            "y": 943,
            "node_type": "pickup",
            "id": 30
        },
        {
            "x": 744,
            "y": 573,
            "node_type": "pickup",
            "id": 31
        },
        {
            "x": 875,
            "y": 418,
            "node_type": "pickup",
            "id": 32
        },
        {
            "x": 640,
            "y": 568,
            "node_type": "pickup",
            "id": 33
        },
        {
            "x": 942,
            "y": 967,
            "node_type": "pickup",
            "id": 34
        },
        {
            "x": 789,
            "y": 317,
            "node_type": "pickup",
            "id": 35
        }
    ],
    "delivery_nodes": [
        {
            "x": 569,
            "y": 776,
            "node_type": "delivery",
            "id": 1
        },
        {
            "x": 509,
            "y": 68,
            "node_type": "delivery",
            "id": 2
        },
        {
            "x": 687,
            "y": 613,
            "node_type": "delivery",
            "id": 3
        },
        {
            "x": 866,
            "y": 11,
            "node_type": "delivery",
            "id": 4
        },
        {
            "x": 333,
            "y": 315,
            "node_type": "delivery",
            "id": 5
        },
        {
            "x": 958,
            "y": 774,
            "node_type": "delivery",
            "id": 6
        },
        {
            "x": 209,
            "y": 270,
            "node_type": "delivery",
            "id": 7
        },
        {
            "x": 638,
            "y": 689,
            "node_type": "delivery",
            "id": 8
        },
        {
            "x": 787,
            "y": 41,
            "node_type": "delivery",
            "id": 9
        },
        {
            "x": 821,
            "y": 474,
            "node_type": "delivery",
            "id": 10
        },
        {
            "x": 151,
            "y": 692,
            "node_type": "delivery",
            "id": 11
        },
        {
            "x": 350,
            "y": 782,
            "node_type": "delivery",
            "id": 12
        },
        {
            "x": 149,
            "y": 875,
            "node_type": "delivery",
            "id": 13
        },
        {
            "x": 237,
            "y": 846,
            "node_type": "delivery",
            "id": 14
        },
        {
            "x": 951,
            "y": 74,
            "node_type": "delivery",
            "id": 15
        },
        {
            "x": 500,
            "y": 926,
            "node_type": "delivery",
            "id": 16
        },
        {
            "x": 338,
            "y": 237,
            "node_type": "delivery",
            "id": 17
        },
        {
            "x": 689,
            "y": 870,
            "node_type": "delivery",
            "id": 18
        },
        {
            "x": 811,
            "y": 427,
            "node_type": "delivery",
            "id": 19
        },
        {
            "x": 760,
            "y": 778,
            "node_type": "delivery",
            "id": 20
        },
        {
            "x": 334,
            "y": 334,
            "node_type": "delivery",
            "id": 21
        },
        {
            "x": 303,
            "y": 898,
            "node_type": "delivery",
            "id": 22
        },
        {
            "x": 110,
            "y": 153,
            "node_type": "delivery",
            "id": 23
        },
        {
            "x": 295,
            "y": 587,
            "node_type": "delivery",
            "id": 24
        },
        {
            "x": 516,
            "y": 334,
            "node_type": "delivery",
            "id": 25
        },
        {
            "x": 646,
            "y": 157,
            "node_type": "delivery",
            "id": 26
        },
        {
            "x": 946,
            "y": 991,
            "node_type": "delivery",
            "id": 27
        },
        {
            "x": 28,
            "y": 710,
            "node_type": "delivery",
            "id": 28
        },
        {
            "x": 617,
            "y": 648,
            "node_type": "delivery",
            "id": 29
        },
        {
            "x": 692,
            "y": 793,
            "node_type": "delivery",
            "id": 30
        },
        {
            "x": 228,
            "y": 565,
            "node_type": "delivery",
            "id": 31
        },
        {
            "x": 363,
            "y": 11,
            "node_type": "delivery",
            "id": 32
        },
        {
            "x": 528,
            "y": 276,
            "node_type": "delivery",
            "id": 33
        },
        {
            "x": 841,
            "y": 472,
            "node_type": "delivery",
            "id": 34
        },
        {
            "x": 705,
            "y": 950,
            "node_type": "delivery",
            "id": 35
        }
    ],
    "travel_costs": [
        [
            0,
            940.2127418834526,
            399.37200703103866,
            676.0473356208129,
            826.5409850697059,
            849.7793831342344,
            163.62457028209423,
            341.3912711244973,
            538.0148696829856,
            435.600734618297,
            295.49450079485405,
            719.6756213739633,
            720.1138798828973,
            334.7551343893025,
            487.6474136094644,
            21.095023109728988,
            820.4779095137176,
            596.49392285253,
            864.7086214442412,
            384.5841910427417,
            476.30347468814455,
            498.1214711292819,
            418.62751940119756,
            438.7311249501225,
            169.0,
            571.0735504293646,
            1057.421864725711,
            704.4352347803168,
            402.19895574205566,
            644.742584292367,
            300.9867106700892,
            622.9028816757874,
            784.4042325230022,
            520.6582372343686,
            875.049712873503,
            742.3779360945475,
            460.2977297358743,
            697.5514317955343,
            562.2855146631468,
            978.3659846908007,
            394.6454104636211,
            841.0428050937717,
            389.9358921669048,
            513.4082196459266,
            899.4559466699856,
            717.1847739599607,
            48.02082881417187,
            259.4937378820537,
            225.17770760001977,
            224.37914341578184,
            1006.7541904556444,
            464.22085261220224,
            465.123639476645,
            604.0943634896787,
            720.6948036443721,
            646.5949272921957,
            379.14772846477666,
            303.87168344549644,
            498.25696181789573,
            180.71247881648904,
            502.58233156369516,
            717.2419396549534,
            887.693640846886,
            114.38968484964019,
            491.00916488391545,
            583.5409154463806,
            133.41664064126334,
            682.4727100771136,
            549.7535811615965,
            737.0658043892689,
            651.6456092079499,
            587.9455757125825
        ],
        [
            940.2127418834526,
            0,
            542.4186574962185,
            591.4727381714224,
            278.5139134765084,
            211.48285982556604,
            1064.2993000091658,
            1149.6034098766409,
            441.02154142399894,
            853.9250552595352,
            648.2568935229305,
            411.11190690613665,
            330.21810973960834,
            1205.8279313401226,
            551.5432893255071,
            961.168559618967,
            613.2405726955776,
            363.3249234500711,
            514.4326972500874,
            621.1159312076933,
            803.1593864233923,
            733.5973009764963,
            521.6215102926642,
            589.8177684675157,
            846.4756346168507,
            705.0709184188496,
            120.42009799032718,
            486.8151599940166,
            802.4487522577376,
            921.1585097039488,
            1097.849261055451,
            516.6120401229534,
            347.1166950753018,
            545.9716109835749,
            899.2174375533428,
            257.76927667974707,
            765.0058823303256,
            357.0126048194938,
            570.7933075991693,
            60.0,
            586.1953599270469,
            708.994358228611,
            686.476510887299,
            658.7169346540287,
            84.504437753292,
            405.5046238947221,
            947.0300945587737,
            878.5083949513515,
            1077.267376281302,
            998.1312538939957,
            85.05292469985969,
            930.0435473675414,
            553.47990026739,
            818.370331818059,
            360.22354170709053,
            714.9020911985082,
            593.4585073954202,
            1000.4488992447341,
            760.4340865584603,
            769.6083419506315,
            437.8001827318029,
            236.21176939348302,
            923.4717104492157,
            1053.833478306701,
            628.4345630214812,
            742.6708557631705,
            806.8952844080823,
            506.5658891003223,
            395.3087401006965,
            401.77854596780054,
            893.6229629994967,
            474.7209706764595
        ],
        [
            399.37200703103866,
            542.4186574962185,
            0,
            468.25847563071403,
            473.37089052876917,
            479.20037562589613,
            535.2018310880485,
            654.2369601298906,
            163.59095329510126,
            473.82064117131915,
            123.71337841963576,
            372.7425384900414,
            344.08429199834154,
            691.3848421827021,
            197.2460392504752,
            420.12974186553373,
            600.4614891897731,
            201.9430612821347,
            594.1927296761548,
            207.07728026029318,
            408.71138961374686,
            367.63704927550486,
            37.0,
            179.21216476567656,
            312.75069943966554,
            400.56584976755073,
            660.9485607821534,
            436.33129615006993,
            364.156559737704,
            645.1519200932445,
            602.2100962288825,
            372.5077180408481,
            453.2769572788805,
            284.50834785643815,
            780.5446816166259,
            372.08198021403837,
            418.3061080118243,
            327.4935113861037,
            349.4810438349983,
            579.118295342152,
            113.40634902861478,
            662.0611754211238,
            242.4706167765488,
            373.1621631409058,
            500.1449789810951,
            408.04901666343955,
            410.9111826173631,
            404.6393455906136,
            562.2784007944819,
            498.0361432667312,
            612.2777147667551,
            547.442234395557,
            169.8057713977944,
            554.0324900220203,
            390.3754602943171,
            518.4640778298916,
            102.08329931972223,
            527.8219396728408,
            389.0115679513914,
            239.98541622356973,
            105.58882516630253,
            318.2106220728655,
            801.2352962769426,
            512.1532973632017,
            327.6156284428446,
            489.532429977831,
            266.05638500137525,
            377.7949179118216,
            150.6286825275983,
            427.16273245684715,
            632.3606565876786,
            304.6079447420897
        ],
        [
            676.0473356208129,
            591.4727381714224,
            468.25847563071403,
            0,
            324.6074552440224,
            388.3361945531217,
            715.7632290080288,
            709.4251193748358,
            559.1028527918633,
            345.0275351330673,
            450.96008692566124,
            731.413016017626,
            656.3200438810322,
            794.6099672166214,
            650.6919393998976,
            694.006484119565,
            145.38225476308997,
            520.504562900269,
            204.86336910243372,
            310.5752726795873,
            875.8909749506498,
            835.6201290059977,
            433.0184753564218,
            644.4261012715111,
            698.7882368786699,
            863.1135498878464,
            660.3370351570477,
            105.32331175955302,
            825.8256474583482,
            336.37627740374325,
            666.5320697460851,
            103.73041983911952,
            251.813422994089,
            185.8090417606205,
            338.325287260648,
            342.24698683845264,
            260.725909721301,
            659.6438432972751,
            123.85879056409361,
            651.1528238439882,
            581.6330458287252,
            193.80660463462024,
            709.2037788957417,
            166.72132437093944,
            618.1820120320551,
            185.9731163367437,
            651.835868911799,
            468.436762007424,
            687.7972084851755,
            595.1419998622176,
            603.6770659880992,
            403.1042048900011,
            627.2001275510074,
            239.35329536064464,
            232.17450333746808,
            126.19429464123964,
            569.7797820210892,
            553.2829294312269,
            857.2630868059117,
            512.0869066867459,
            432.9214709390145,
            525.6805113374472,
            361.8839593018734,
            775.6784127459008,
            185.32673849177837,
            173.3666634621547,
            581.6459404139257,
            782.7036476214993,
            470.91931368335275,
            191.02355875650522,
            306.7409330363328,
            177.62882648939612
        ],
        [
            826.5409850697059,
            278.5139134765084,
            473.37089052876917,
            324.6074552440224,
            0,
            67.11929677819934,
            918.4165721501327,
            964.7393430352056,
            460.2977297358743,
            629.4140131900464,
            536.9627547605141,
            549.8372486472701,
            460.87091468219165,
            1035.7205221487118,
            579.9051646605676,
            847.3281536689313,
            334.9059569491113,
            386.9431482789171,
            241.23225323326898,
            452.98233961160116,
            842.3330695158538,
            782.6806500738345,
            439.6282520493878,
            599.0701127580977,
            780.5875991841018,
            781.0537753573693,
            335.91219090708813,
            219.78398485785993,
            816.7802642081897,
            660.60351194949,
            915.6642397735101,
            270.9723233099646,
            72.80109889280519,
            336.78628238097826,
            620.7817651961115,
            110.44002897500525,
            538.0148696829856,
            476.860566622991,
            336.8812847280181,
            338.24547299261815,
            562.9680275113321,
            430.63325463786464,
            690.4201619304001,
            427.0011709585818,
            325.44277530773365,
            146.12323566086263,
            819.6779855528633,
            696.6929022173256,
            913.3701330785893,
            825.2078526044212,
            279.66408421533146,
            700.0778528135281,
            567.9524627994847,
            561.1773338259485,
            115.31261856362468,
            450.6939094329986,
            561.1746608677195,
            808.0618788186954,
            808.8572185497266,
            645.8490535721177,
            379.25848705071843,
            313.8184188348415,
            645.0193795538239,
            939.5387166051222,
            409.0036674652196,
            489.1155282752736,
            701.4114341811088,
            629.7563020724763,
            373.99598928330767,
            135.2479205015737,
            631.271732299174,
            258.25955935840983
        ],
        [
            849.7793831342344,
            211.48285982556604,
            479.20037562589613,
            388.3361945531217,
            67.11929677819934,
            0,
            950.7723176449765,
            1007.647259709468,
            442.8148597325975,
            681.7279516053306,
            555.9514367280653,
            508.37781226170756,
            418.6991760202067,
            1075.0004651161785,
            563.6177782859587,
            870.7755164219994,
            401.78227935039644,
            365.1985761198967,
            305.4766766874355,
            486.805916151396,
            827.4357981136664,
            764.7875521999557,
            448.01116057526957,
            587.8179990439218,
            790.9652331171075,
            756.9015788066505,
            272.5912691191704,
            283.04416616492915,
            807.5574282984461,
            723.2551417031199,
            957.657558838231,
            326.9143618747882,
            137.93114224133723,
            381.2741795611132,
            687.89316030907,
            108.16653826391969,
            590.5158761625296,
            437.3705522780426,
            389.6665240946417,
            271.15493725912495,
            559.0348826325599,
            497.53190852446846,
            682.0887039088097,
            480.076035644355,
            261.56452358834906,
            205.30221625691235,
            846.4756346168507,
            737.3479504277475,
            950.4735661763561,
            864.2574847810114,
            215.5203006679417,
            754.2585763516382,
            554.7476903962737,
            622.6756780218735,
            166.48123017325406,
            513.9747075489221,
            559.5158621522719,
            852.3103894708781,
            791.4196105733039,
            669.9641781468619,
            378.7268144718564,
            274.592425241484,
            712.1270953980056,
            963.7478923452959,
            458.0010917017556,
            549.3132075601314,
            721.2662476506162,
            593.0295102269364,
            363.0344336285471,
            197.436065600994,
            694.3752587758294,
            303.3232599059953
        ],
        [
            163.62457028209423,
            1064.2993000091658,
            535.2018310880485,
            715.7632290080288,
            918.4165721501327,
            950.7723176449765,
            0,
            189.7814532561072,
            685.4932530667242,
            412.5736297923075,
            417.9688983644596,
            875.634626999184,
            869.4854800397761,
            171.14321488157222,
            645.9543327511628,
            151.08275877809487,
            853.5836221484103,
            736.778121282113,
            916.5260498207348,
            465.45031958308937,
            635.8569021407254,
            660.8751773217087,
            547.6440449781227,
            597.8043158091116,
            331.7981313991988,
            734.2942189613099,
            1178.0534792614467,
            765.4345171208312,
            562.3210826565193,
            602.8946840037653,
            161.6044553841261,
            684.4567188654079,
            867.184524769671,
            590.2490999569588,
            853.0164125032999,
            846.5293851958123,
            467.4665763453041,
            848.44622693486,
            617.2973351635337,
            1106.9656724578228,
            548.5471720827663,
            855.8890114962338,
            553.2494916400738,
            549.1821191553855,
            1031.4261970688935,
            794.0056674860704,
            130.17296186228535,
            248.93774322107123,
            77.20103626247513,
            138.00362314084367,
            1124.822208173363,
            412.7687003637751,
            622.0940443373493,
            588.7656579658837,
            806.3870038635296,
            657.9316073878804,
            531.7913124525447,
            217.31313812100728,
            660.0371201682525,
            296.54679226051326,
            632.4634376784162,
            851.5779471076032,
            861.587488302842,
            127.41271522104849,
            539.8342338162706,
            589.3394607524598,
            277.7210831031739,
            843.091928558209,
            684.8313661040944,
            812.972939279039,
            617.3920958353776,
            665.453980377306
        ],
        [
            341.3912711244973,
            1149.6034098766409,
            654.2369601298906,
            709.4251193748358,
            964.7393430352056,
            1007.647259709468,
            189.7814532561072,
            0,
            814.8864951635903,
            367.6955262170047,
            530.6194493231471,
            1016.7600503560317,
            997.9699394270349,
            98.24968193332741,
            795.8416928007729,
            333.5940646954019,
            831.9158611301987,
            853.6913962316828,
            914.1624582096993,
            528.8071482118977,
            817.6411193182495,
            836.8183793392686,
            657.4990494289706,
            750.3472529435954,
            509.2671204780454,
            908.0930569055134,
            1256.3013173598124,
            781.017925530522,
            743.4675514102818,
            510.2205405508485,
            52.3545604508337,
            705.6599747753871,
            904.1249913590487,
            628.0103502331789,
            768.3150395508344,
            910.9385270148584,
            448.76942854878155,
            980.033672890886,
            636.0385208460254,
            1198.0600986594955,
            692.5005415160338,
            812.9458776573015,
            719.8513735487347,
            552.5359716796727,
            1128.9255954224795,
            826.9425614877975,
            297.88924116187883,
            271.7075633838705,
            116.70903992407787,
            156.26259949200895,
            1200.3974341858616,
            332.0316249997883,
            769.6752561957544,
            528.569768337161,
            849.4780750555013,
            622.8298322977153,
            674.2588523705122,
            157.8670326572334,
            838.4461819341777,
            419.81543563809083,
            738.91068472448,
            956.5605051432973,
            772.0025906692282,
            314.89204499320084,
            559.0438265467208,
            553.8411324558695,
            427.42484719538714,
            996.0948749993648,
            796.0433405286423,
            843.9063929133373,
            532.4302771255594,
            706.5776673515799
        ],
        [
            538.0148696829856,
            441.02154142399894,
            163.59095329510126,
            559.1028527918633,
            460.2977297358743,
            442.8148597325975,
            685.4932530667242,
            814.8864951635903,
            0,
            629.0627949577053,
            286.20447236198106,
            210.11663427725088,
            184.26068490049633,
            847.0283348271179,
            120.81390648431164,
            557.724842552311,
            672.2886284922571,
            80.50465825031493,
            638.2233151491727,
            355.67541382558335,
            384.6413914284317,
            322.6840560052511,
            173.1040149736568,
            150.44268011438774,
            416.3616216703936,
            323.7977763975534,
            561.2281176135066,
            499.2724707011193,
            369.06368014205896,
            786.018447620665,
            763.1572577129828,
            455.81136449193536,
            465.78321137627967,
            392.8982056461953,
            890.8625034201406,
            349.86425939212484,
            565.2415412900931,
            165.14841809717706,
            455.3295509847785,
            465.123639476645,
            150.41608956491325,
            748.0888984606041,
            247.50353532828575,
            501.7489412046627,
            381.2466393294504,
            446.27569954009374,
            557.2808986498641,
            568.2297070727648,
            718.9666195311156,
            659.0553846225672,
            520.7705828865528,
            704.6367858691455,
            114.85643212288984,
            689.0413630544977,
            412.9128237291741,
            634.7353779331983,
            162.00308639035245,
            691.2495931282708,
            349.09024621149183,
            396.4151863892199,
            128.1288414058287,
            204.91949638821583,
            913.1593508254734,
            645.7127844483181,
            455.90569200219466,
            618.4658438426491,
            408.8275920238261,
            229.92390045404156,
            92.65527507918802,
            461.8679464955324,
            769.7648991737673,
            381.81147180251145
        ],
        [
            435.600734618297,
            853.9250552595352,
            473.82064117131915,
            345.0275351330673,
            629.4140131900464,
            681.7279516053306,
            412.5736297923075,
            367.6955262170047,
            629.0627949577053,
            0,
            373.8408752397201,
            837.807257070503,
            790.3062697461029,
            457.7477471271705,
            665.375082190489,
            446.99552570467637,
            464.2456246428177,
            635.2550668825869,
            548.6465164384077,
            274.2207140243056,
            804.597414860376,
            791.5459557094584,
            456.4482446017292,
            634.7448306209354,
            534.072092511863,
            845.241385640812,
            947.2977356670921,
            426.5548030441106,
            736.5487085047397,
            211.0094784600919,
            328.72632994635524,
            359.27148509170615,
            562.2117038980957,
            307.95616571194023,
            443.96846734875214,
            598.8731084294901,
            91.40021881811882,
            781.0160049576449,
            292.61749776799064,
            908.9268397401411,
            563.8412897261072,
            450.28990661572686,
            654.4203542066826,
            202.4252948620799,
            852.8733786442159,
            484.6380092398862,
            395.49715548913883,
            177.15812146215598,
            365.9248556739484,
            277.01624501101014,
            889.7156849241222,
            78.26237921249263,
            636.8045225970053,
            176.2554963681984,
            516.0358514677057,
            256.04101233982027,
            545.5501810099599,
            216.6148656025251,
            804.7558636008811,
            341.4747428434496,
            515.0038834805034,
            704.4771110547169,
            454.7394858597612,
            505.48689399429543,
            225.85393509965684,
            186.60117898877274,
            403.05334634512093,
            851.4957427961691,
            573.1710041514661,
            499.0571109602588,
            216.06017680266763,
            381.32925405743526
        ],
        [
            295.49450079485405,
            648.2568935229305,
            123.71337841963576,
            450.96008692566124,
            536.9627547605141,
            555.9514367280653,
            417.9688983644596,
            530.6194493231471,
            286.20447236198106,
            373.8408752397201,
            0,
            493.36598991012744,
            467.77879387590883,
            569.8596318392803,
            294.93219559756443,
            316.5880604192141,
            593.6303563666535,
            323.88269481403296,
            611.1382822242443,
            144.06248644251562,
            446.972034919412,
            423.6248340218028,
            130.0,
            261.29676614914314,
            254.63699652642777,
            472.78113329531243,
            764.0026177965624,
            447.51759741936405,
            386.80356771881,
            563.1092256392182,
            478.5498929056405,
            371.24789561693143,
            501.74595165282597,
            268.7452325158532,
            730.7071916985627,
            448.07365465958827,
            334.5100895339332,
            450.8491987350094,
            327.1360573217205,
            689.4323752189187,
            190.87692369692047,
            639.6561576347092,
            286.602512201132,
            319.82026202228025,
            613.457414984936,
            441.76577504374416,
            298.8394217635953,
            283.5912551543154,
            440.43841794284924,
            374.3861642742691,
            712.4022739997396,
            442.57880654184066,
            266.33249895572266,
            482.059125004392,
            437.13842201298206,
            470.8333038348073,
            172.2556240010758,
            405.380068577625,
            439.66919382644954,
            121.63058825805292,
            214.59729728027796,
            434.05644794196985,
            749.2909982109753,
            409.8829101097044,
            279.41546127585707,
            428.01051388955386,
            165.3148511174964,
            489.29541179128177,
            268.4771871127973,
            461.849542600185,
            555.0900827793629,
            318.3535770177555
        ],
        [
            719.6756213739633,
            411.11190690613665,
            372.7425384900414,
            731.413016017626,
            549.8372486472701,
            508.37781226170756,
            875.634626999184,
            1016.7600503560317,
            210.11663427725088,
            837.807257070503,
            493.36598991012744,
            0,
            89.69392398596462,
            1041.9452960688482,
            233.54871012274936,
            737.8360251437985,
            825.0606038346516,
            213.84573879317776,
            768.2109085400962,
            563.7197885474661,
            422.54703880159894,
            351.11821371156464,
            383.0013054808038,
            283.18545160371497,
            575.1956188984753,
            305.6599417653547,
            517.0783306231272,
            654.2736430577041,
            444.1497495214874,
            986.9883484621286,
            965.6603957913983,
            628.3510165504628,
            580.5867721538272,
            583.7687898474874,
            1069.3011736643705,
            448.68251581714213,
            770.8884484800639,
            74.33034373659252,
            641.859797775184,
            407.00491397524917,
            327.2308053958246,
            910.0120878318046,
            358.5373062876442,
            699.2975046430525,
            329.19295253695816,
            586.144180215073,
            745.5903701094858,
            776.686551962888,
            916.0480336750907,
            862.0748227387227,
            495.767082408665,
            913.9201278011116,
            254.59183019099416,
            887.3268845245252,
            543.415126767741,
            822.0863701582699,
            344.479317231093,
            898.6439784475274,
            376.03324321128844,
            596.9690109210026,
            326.02147168553176,
            236.01906702637393,
            1092.544278278917,
            819.4937461628368,
            654.3615208735918,
            814.0571233027815,
            598.3853273602219,
            96.02083107326243,
            271.9007171744863,
            597.1641315417395,
            968.7543548289216,
            555.99010782567
        ],
        [
            720.1138798828973,
            330.21810973960834,
            344.08429199834154,
            656.3200438810322,
            460.87091468219165,
            418.6991760202067,
            869.4854800397761,
            997.9699394270349,
            184.26068490049633,
            790.3062697461029,
            467.77879387590883,
            89.69392398596462,
            0,
            1031.2754239290298,
            253.2113741521103,
            739.4545286898986,
            743.3034373659253,
            155.05160431288672,
            682.3085812152739,
            517.0541557709405,
            480.9542597794513,
            409.9231635318989,
            345.9089475570125,
            300.5079033902436,
            589.0916736807608,
            375.6447790133652,
            441.5529413331996,
            574.4153549479679,
            491.0885867132325,
            926.8921188574212,
            946.057609239522,
            554.4907573621043,
            493.7631010920115,
            519.5161210203203,
            994.6356116689166,
            361.3488619049463,
            717.7590124826021,
            28.460498941515414,
            574.2098919384792,
            333.47263755816607,
            326.71853329739344,
            830.2463489832401,
            389.1657744458009,
            638.2037292275876,
            251.6445906432324,
            503.43817892567506,
            740.8873058704678,
            746.5420282877582,
            903.1195934094222,
            841.884790217759,
            415.27099585692235,
            867.7470829683036,
            266.2480046873591,
            825.3060038555395,
            459.40069656020336,
            753.0849885637078,
            341.21693979050923,
            870.7525480869982,
            436.24763609674716,
            580.4007236384186,
            275.72631357924473,
            147.32277488562315,
            1018.1964447001374,
            825.7511731750673,
            594.5435223766212,
            750.3945628800892,
            592.3681287847954,
            179.535511807553,
            217.1474153656911,
            513.4140629160834,
            906.8858803620222,
            483.9214812343011
        ],
        [
            334.7551343893025,
            1205.8279313401226,
            691.3848421827021,
            794.6099672166214,
            1035.7205221487118,
            1075.0004651161785,
            171.14321488157222,
            98.24968193332741,
            847.0283348271179,
            457.7477471271705,
            569.8596318392803,
            1041.9452960688482,
            1031.2754239290298,
            0,
            814.2880325781534,
            321.5960198758685,
            921.2540366261633,
            893.174115164563,
            999.4208322823774,
            589.8966011090419,
            804.022387748003,
            831.2412405553516,
            699.5141170841372,
            766.6863765582378,
            502.4937810560445,
            905.0005524860192,
            1315.9027319676786,
            860.8019516706499,
            731.0437743391294,
            608.0526293011156,
            129.03487900563943,
            783.2655999084857,
            978.0066461941863,
            699.6370487617133,
            866.1298978790652,
            974.9841024344961,
            534.3079636314623,
            1011.3777731391964,
            713.7800781753439,
            1251.7751395518287,
            714.7992725234126,
            906.1942396638811,
            724.3155389745549,
            633.792552812038,
            1179.4074783551273,
            901.7144780915963,
            299.5413160150032,
            339.22853653547486,
            129.52991932368366,
            210.75341041131458,
            1260.9873115935782,
            427.6821249479571,
            789.727168077685,
            623.1476550545625,
            921.004885980525,
            713.7730731822265,
            697.4725801062003,
            242.0433845408711,
            829.6969326205804,
            451.64809309904103,
            783.2649615551559,
            1002.7586948014961,
            870.0465504787661,
            276.2028240261131,
