{
    "depot": [
        15,
        781
    ],
    "final_destination": [
        209,
        91
    ],
    "requests": [
        [
            [
                124,
                150
            ],
            [
                749,
                602
            ]
        ],
        [
            [
                151,
                762
            ],
            [
                217,
                251
            ]
        ],
        [
            [
                167,
                166
            ],
            [
                889,
                863
            ]
        ],
        [
            [
                710,
                174
            ],
            [
                355,
                16
            ]
        ],
        [
            [
                321,
                264
            ],
            [
                76,
                309
            ]
        ],
        [
            [
                735,
                609
            ],
            [
                836,
                991
            ]
        ],
        [
            [
                83,
                976
            ],
            [
                798,
                884
            ]
        ],
        [
            [
                292,
                561
            ],
            [
                863,
                967
            ]
        ],
        [
            [
                745,
                908
            ],
            [
                630,
                454
            ]
        ],
        [
            [
                84,
                504
            ],
            [
                173,
                429
            ]
        ],
        [
            [
                427,
                516
            ],
            [
                151,
                311
            ]
        ],
        [
            [
                652,
                75
            ],
            [
                342,
                806
            ]
        ],
        [
            [
                557,
                59
            ],
            [
                713,
                52
            ]
        ],
        [
            [
                550,
                222
            ],
            [
                749,
                679
            ]
        ],
        [
            [
                379,
                447
            ],
            [
                711,
                405
            ]
        ],
        [
            [
                164,
                197
            ],
            [
                377,
                458
            ]
        ],
        [
            [
                210,
                26
            ],
            [
                803,
                303
            ]
        ],
        [
            [
                474,
                653
            ],
            [
                245,
                959
            ]
        ],
        [
            [
                434,
                507
            ],
            [
                698,
                325
            ]
        ],
        [
            [
                778,
                313
            ],
            [
                296,
                151
            ]
        ],
        [
            [
                832,
                973
            ],
            [
                829,
                563
            ]
        ],
        [
            [
                27,
                874
            ],
            [
                212,
                667
            ]
        ],
        [
            [
                375,
                812
            ],
            [
                837,
                607
            ]
        ],
        [
            [
                529,
                475
            ],
            [
                234,
                214
            ]
        ],
        [
            [
                161,
                627
            ],
            [
                750,
                177
            ]
        ],
        [
            [
                709,
                718
            ],
            [
                855,
                462
            ]
        ],
        [
            [
                995,
                863
            ],
            [
                120,
                872
            ]
        ],
        [
            [
                992,
                772
            ],
            [
                458,
                162
            ]
        ],
        [
            [
                793,
                581
            ],
            [
                582,
                290
            ]
        ],
        [
            [
                839,
                509
            ],
            [
                835,
                167
            ]
        ],
        [
            [
                708,
                538
            ],
            [
                154,
                849
            ]
        ],
        [
            [
                280,
                325
            ],
            [
                746,
                197
            ]
        ],
        [
            [
                184,
                299
            ],
            [
                813,
                967
            ]
        ],
        [
            [
                519,
                495
            ],
            [
                143,
                930
            ]
        ],
        [
            [
                5,
                616
            ],
            [
                305,
                64
            ]
        ]
    ],
    "travel_costs": [
        [
            0,
            640.3452193934144,
            137.32079230764728,
            633.5053275229815,
            922.753488207983,
            600.7703388150917,
            740.2594139894474,
            206.51634317893584,
            353.73577709923546,
            740.9649114499282,
            285.4645336990219,
            489.86630829237475,
            950.8969449945666,
            902.800088613199,
            773.7609449952873,
            494.01619406655084,
            602.7080553634571,
            779.775608749081,
            476.5133786159629,
            500.63659474712796,
            895.0938498280502,
            839.2574098570713,
            93.77099764852669,
            361.3322570709679,
            598.1906050750046,
            212.20744567521658,
            696.8536431705011,
            983.4246285303211,
            977.0414525494812,
            803.2957114288611,
            867.7326777297257,
            734.3691169977126,
            527.4097079121696,
            510.76902803517754,
            579.4928817509324,
            165.3027525481654,
            755.5110852925984,
            567.1895626684257,
            877.8382538941897,
            837.1529131526689,
            475.9254143245557,
            847.4320031719359,
            789.7455286356486,
            868.1589716175258,
            696.5299706401728,
            385.83416126621034,
            489.28110529633165,
            327.95426510414524,
            1009.2794459415094,
            741.0533044255318,
            791.070161237295,
            485.1525533273014,
            921.6441829686769,
            290.8332855778375,
            821.2338278468562,
            689.826789853801,
            842.6861812086394,
            227.6071176391459,
            840.2142583888945,
            607.8239876806442,
            951.3364283995437,
            898.5326927830729,
            138.94603268895446,
            761.1898580511961,
            750.0466652149051,
            1024.4003123779298,
            154.74172029546523,
            935.6372160191149,
            819.3900170248598,
            196.4306493396588,
            773.4267903298928,
            716.7537931535487
        ],
        [
            640.3452193934144,
            0,
            612.5952987086988,
            45.880278987817846,
            586.4912616569832,
            227.6071176391459,
            764.200235540398,
            827.0169284845383,
            444.010135019461,
            979.900505153457,
            356.2527192878673,
            475.14734556766706,
            533.3001031314357,
            442.4590376520747,
            432.04166465747255,
            391.45114637716927,
            61.71709649683789,
            150.90394295710104,
            612.7878915252813,
            472.8096868720014,
            674.0066765247952,
            1085.6302317087527,
            730.4690274063645,
            707.9865817937513,
            519.2783453986889,
            478.43285840335,
            815.3827322184349,
            1125.6153872437956,
            1067.8520496772949,
            795.8153052059253,
            800.0662472570631,
            701.1419257183242,
            234.43762496664226,
            160.6268968759591,
            524.4520950477746,
            480.9542597794513,
            771.3164071896823,
            137.2953021774598,
            1045.750448242792,
            267.0524293093025,
            166.0873264279969,
            1101.9187810360615,
            996.5099096346206,
            1101.6396870120466,
            590.2982297110503,
            283.2701890421934,
            163.24827717314506,
            691.2741858336676,
            597.0971445250764,
            818.819882513853,
            639.9953124828338,
            398.5887605038556,
            696.0244248587833,
            817.998777505199,
            600.0841607641381,
            172.00290695217916,
            817.0642569590228,
            524.4358874066495,
            846.8872416089406,
            127.26350615946428,
            626.5819978263021,
            794.7987166572428,
            722.0110802473879,
            334.2154993413681,
            478.91961747249405,
            711.2032058420435,
            699.643480638532,
            623.7731959614808,
            1068.7422514338991,
            780.2313759392147,
            200.39211561336438,
            103.46980235798269
        ],
        [
            137.32079230764728,
            612.5952987086988,
            0,
            596.2147264199367,
            811.3106679934635,
            526.2166854063067,
            603.7093671627101,
            224.5439823286298,
            245.52392958732148,
            611.6796547213255,
            266.5576860643865,
            369.7188120720935,
            850.2764256405092,
            811.8158658218008,
            671.4171579577036,
            388.8560144835103,
            565.149537733156,
            738.3610228065942,
            340.89587853184736,
            380.93831521651896,
            771.187396162567,
            712.9389875718679,
            167.09278859364338,
            229.51252689123527,
            474.60825951515005,
            135.36986370680884,
            559.7320787662611,
            850.0217644272409,
            841.0594509307888,
            667.0269859608379,
            733.0436549074004,
            600.3540621999655,
            455.6424036456659,
            464.17453613915535,
            454.6570135827666,
            206.4751801064719,
            619.034732466604,
            515.2446021066112,
            744.8791848346951,
            773.389940456947,
            459.16663641863175,
            722.2644944893801,
            658.4018529743063,
            740.9244225965291,
            569.4778309995921,
            333.72593546201944,
            451.0,
            196.0025510038071,
            905.5075924585061,
            603.7325566838349,
            664.115200849973,
            378.80337907679757,
            797.3612732005487,
            218.27734651126764,
            700.1271313125924,
            627.9697444941119,
            706.6010189633184,
            112.89818421923357,
            703.2929688259367,
            554.2499436174983,
            837.2729542986564,
            765.2555128844222,
            114.28473213863697,
            673.9799700287836,
            639.1752498337213,
            906.5765273819966,
            87.05170877128145,
            820.5181289892381,
            693.0144298641984,
            168.19036833302908,
            714.7866814651767,
            673.5020415707736
        ],
        [
            633.5053275229815,
            45.880278987817846,
            596.2147264199367,
            0,
            543.0589286624427,
            182.53766734567418,
            720.3283973299956,
            814.3439076950228,
            414.30664971733194,
            940.5572816155324,
            348.0416641725527,
            436.00458713183286,
            493.4632711762853,
            404.4119187165482,
            387.07234465923807,
            352.00142045167945,
            31.144823004794876,
            146.45477117526764,
            575.6891522340854,
            433.09352338727024,
            628.4345630214812,
            1045.693071603709,
            721.7090826641992,
            678.6604452891004,
            475.94642555649057,
            461.03904389975474,
            773.60713543762,
            1082.3091055701232,
            1023.6508193715276,
            751.0665749452575,
            754.4753143741683,
            656.5554051258736,
            195.0640920313116,
            134.08206442324789,
            481.8142795725341,
            478.2718892011112,
            727.2001100109928,
            98.6154146165801,
            1003.5402333738294,
            240.5077961314352,
            169.49926253526888,
            1062.1610047445727,
            955.8687148348355,
            1061.1394818778538,
            545.2641561665318,
            263.0684321616715,
            145.8800877433243,
            663.4945365261119,
            557.7741478412208,
            775.8176332102796,
            594.1859978154989,
            359.672072866382,
            650.5881954047429,
            796.8268318775416,
            554.2941457385239,
            129.86916493148016,
            771.9151507775969,
            503.0168983244996,
            802.1103415366241,
            82.41965784932621,
            583.1037643507372,
            748.9726296734749,
            707.5627180681583,
            291.0274901104705,
            433.12931094535736,
            668.0007485025747,
            683.1237076840474,
            579.8292852210899,
            1029.0369283947005,
            764.3768703983658,
            171.6041957529011,
            85.95929269136643
        ],
        [
            922.753488207983,
            586.4912616569832,
            811.3106679934635,
            543.0589286624427,
            0,
            399.27559404501545,
            435.7177985806868,
            1018.0044204226226,
            569.642870577698,
            734.8339948587028,
            707.6552833124331,
            443.90652169122274,
            114.73883387938017,
            191.4001044931794,
            167.0449041425688,
            429.0571057563317,
            546.4842175214212,
            521.4441484953111,
            533.9822094414757,
            432.51011548864386,
            154.74172029546523,
            808.2604778164031,
            978.0025562338783,
            720.6032195320806,
            351.2292698509052,
            711.765410792067,
            544.0009191168706,
            745.617864592849,
            661.1565623965325,
            415.37693725097455,
            358.9791080271943,
            364.00549446402596,
            455.7422517169107,
            540.6486844522975,
            373.5264381539813,
            832.0991527456329,
            429.7731959999367,
            498.97695337560435,
            711.8721795378718,
            388.57303045888295,
            648.2136993307068,
            826.6589381359158,
            715.4327361813968,
            807.6249129391688,
            291.20439557122074,
            594.4695114133273,
            575.5432216610669,
            731.3330294742607,
            122.03687967167959,
            506.5037018620891,
            231.00216449202375,
            437.6585427019562,
            159.02829936838285,
            912.3869793020942,
            151.4760707174569,
            414.63839667835873,
            406.79478856052225,
            700.7517392058331,
            451.2405123656341,
            477.6777156200611,
            40.11234224026316,
            322.4422428901027,
            913.9496703867231,
            252.28555249954366,
            172.74258305351347,
            125.19584657647393,
            874.5061463477543,
            42.720018726587654,
            799.6611782498885,
            945.0,
            419.6724913548659,
            507.8287112796991
        ],
        [
            600.7703388150917,
            227.6071176391459,
            526.2166854063067,
            182.53766734567418,
            399.27559404501545,
            0,
            538.9072276375592,
            750.7249829331645,
            298.4124662275355,
            771.0460427237792,
            337.2966053787082,
            273.3861737542702,
            381.15875957401266,
            312.6035828329547,
            232.81967270830012,
            191.9713520294109,
            170.6985647274165,
            262.61188091935213,
            418.0071769718793,
            267.9888057363591,
            459.6194077712559,
            873.9576648785684,
            677.152863096657,
            550.6541564357796,
            296.2853354454115,
            396.6976178400874,
            597.2101807571602,
            901.7078240760695,
            841.6085788536142,
            568.5710157931022,
            573.0174517412188,
            474.17823653137015,
            73.49829930005183,
            141.40014144264495,
            304.2449670906653,
            473.03276842096255,
            545.3695994461004,
            104.80935072788114,
            825.4847060969694,
            250.31979546172533,
            249.09837414162303,
            890.928728911578,
            782.258908546269,
            887.6784327671818,
            362.74095440134687,
            221.65062598603234,
            176.37743619862488,
            542.4066740002376,
            445.6545747549328,
            596.1618907645808,
            414.7059198998731,
            201.92077654367318,
            483.5752268261889,
            699.1430468795352,
            381.90312907856617,
            115.73245007343448,
            589.4616187674986,
            417.4805384685614,
            619.600677856311,
            100.34440691936945,
            437.73279520730455,
            569.5261188040457,
            640.3631782043688,
            170.80105386091736,
            262.2918222133507,
            523.0726526975005,
            608.3699532356936,
            430.24876525098824,
            858.0635174624313,
            689.3765299167068,
            200.63897926375125,
            206.08978625831998
        ],
        [
            740.2594139894474,
            764.200235540398,
            603.7093671627101,
            720.3283973299956,
            435.7177985806868,
            538.9072276375592,
            0,
            748.1931568786231,
            445.5928634976104,
            299.16717734403954,
            659.4133756605183,
            321.7343624793597,
            540.4118799582408,
            578.0864987179688,
            428.94521794746703,
            391.1265779770022,
            704.1200181787193,
            784.5470030533544,
            264.6828290615014,
            317.81283800375337,
            299.10700426436017,
            376.70280062670093,
            755.968914704831,
            413.29045476516876,
            245.74783824074632,
            574.2821606144491,
            112.05802068571442,
            363.477647180676,
            304.33205549202336,
            64.40496875241847,
            144.27751037497148,
            75.96051605933177,
            536.359021551796,
            632.2191075885005,
            244.23758924457144,
            730.0335608723752,
            15.652475842498529,
            629.6729309728979,
            297.038718015009,
            704.3074612695793,
            724.0725101811282,
            395.126562002607,
            282.12408617486034,
            380.1946869697155,
            187.2164522684905,
            590.122021280345,
            655.6370947406804,
            439.6111918502531,
            557.4343010615692,
            71.386273190299,
            205.40691322348428,
            388.5421470059586,
            313.4645115479582,
            602.1627686929838,
            286.40006983239374,
            634.4170552562407,
            104.65180361560903,
            526.2062333344219,
            102.0196059588548,
            637.9858932609717,
            432.2603382222339,
            189.7603752104216,
            668.8751752008741,
            525.8688049314202,
            353.7937252128703,
            453.17104938422534,
            628.6183261725671,
            412.14681850039796,
            366.3986899539899,
            673.4277986540205,
            694.2081820318745,
            738.24115301167
        ],
        [
            206.51634317893584,
            827.0169284845383,
            224.5439823286298,
            814.3439076950228,
            1018.0044204226226,
            750.7249829331645,
            748.1931568786231,
            0,
            464.6568626416702,
            665.4832830357199,
            472.0010593208452,
            574.4005571027939,
            1065.6275146597895,
            1032.262079125258,
            886.9075487332375,
            606.1823158093611,
            783.199846782416,
            958.4513550514706,
            507.1587522659941,
            585.800307272026,
            960.517568813814,
            749.0060079865849,
            116.36150566231086,
            334.90297102295165,
            670.7585258496533,
            357.6101228992266,
            677.0819743576105,
            918.9738842861641,
            931.6098968989113,
            812.4807690031807,
            888.608462710096,
            763.1965670782331,
            680.1543942370732,
            684.4925127421044,
            649.1971965435464,
            368.35309147609985,
            763.8272055903743,
            737.2794585501483,
            813.8826696766556,
            997.7895569708074,
            667.0367306228345,
            753.1493875719478,
            720.8945831395878,
            780.0519213488293,
            756.103828848922,
            554.3545796690057,
            668.4676506757826,
            309.80800506119914,
            1118.3362642783252,
            729.2221883623674,
            848.7785341300757,
            595.6173268131141,
            985.5602467632307,
            162.88953311984167,
            895.5590432796712,
            852.052815264406,
            852.6927934490827,
            334.84623336689936,
            839.4504154504899,
            776.8172243198525,
            1040.812182864901,
            927.4588939678137,
            110.3856874780422,
            896.225975968115,
            848.2906341578928,
            1104.5293115169013,
            145.49914089093446,
            1022.9418360786698,
            730.0554773440167,
            75.6042326857432,
            938.6309178798663,
            893.9244934556834
        ],
        [
            353.73577709923546,
            444.010135019461,
            245.52392958732148,
            414.30664971733194,
            569.642870577698,
            298.4124662275355,
            445.5928634976104,
            464.6568626416702,
            0,
            570.6294769813421,
            215.6687274502263,
            142.30249470757707,
            604.810714190812,
            567.6521822383844,
            426.01056324931665,
            143.40502083260543,
            385.84971167541386,
            541.2476327892806,
            203.93136100168604,
            151.92103211866353,
            545.6189146281496,
            679.2230855911774,
            410.114618125226,
            264.3671689147501,
            252.12100269513442,
            146.68674105044397,
            445.5760316713636,
            765.1228659502995,
            731.1094309335642,
            501.3990426795807,
            549.4661045050915,
            416.6353321551114,
            236.30488780387086,
            283.3866616480035,
            236.40008460235373,
            292.2225179550679,
            458.8354824989018,
            318.9435686763413,
            669.0388628472938,
            548.6292008269337,
            331.9036004625439,
            693.423391586987,
            600.3040896079252,
            700.6261485271585,
            354.53208599504785,
            177.72169254201918,
            287.020905161976,
            250.0499950009998,
            660.5467432362376,
            471.988347313787,
            447.0984231687694,
            133.5440002396214,
            572.4377695435549,
            400.7655174787372,
            469.60834745562175,
            410.01951173084433,
            537.0037243818706,
            132.80060240827223,
            546.9378392468379,
            351.81387124444086,
            597.6788435271906,
            571.6379973374758,
            355.39414739131536,
            432.15390776897993,
            396.9143484430867,
            670.8837455178058,
            319.3556011721103,
            581.9037721135687,
            660.5126796663332,
            397.94723268292745,
            497.1699910493392,
            477.27245887438346
        ],
        [
            740.9649114499282,
            979.900505153457,
            611.6796547213255,
            940.5572816155324,
            734.8339948587028,
            771.0460427237792,
            299.16717734403954,
            665.4832830357199,
            570.6294769813421,
            0,
            774.6850973137407,
            504.76529199222875,
            838.1753993049425,
            869.5659836953146,
            713.1766961980741,
            588.6229693105765,
            918.194968402681,
            1031.57597878198,
            372.11019873150485,
            507.46625503574126,
            595.9144233864456,
            108.60018416190645,
            718.8045631463394,
            382.2512262897269,
            483.8853169915368,
            648.0871854928163,
            193.380454027805,
            254.01771591761073,
            281.966310044303,
            330.50416033690107,
            409.9231635318989,
            371.8453979814729,
            745.7305143280647,
            828.0108694938732,
            470.79188608131307,
            795.527497953402,
            306.02614267411866,
            842.8718763845427,
            150.8674915281619,
            973.5317149430726,
            897.9766143948292,
            123.16655390161729,
            58.180752831155424,
            131.9280106724876,
            468.3385527585787,
            746.0730527233911,
            842.1668480770304,
            415.7078300922416,
            856.5979220147572,
            229.03493183355243,
            504.14779579008376,
            581.3123084883031,
            607.773806609005,
            502.5942697643896,
            584.8914429191113,
            880.1420339922415,
            355.078864479428,
            584.9529895641188,
            314.74592928265173,
            861.8335106039914,
            731.0170996632022,
            459.3647787978526,
            626.0359414602327,
            799.3028212135874,
            639.134571119416,
            746.4455773865901,
            593.9377071713834,
            711.0007032345326,
            90.02777349240621,
            602.4018592268786,
            951.8067030652811,
            977.1310045229349
        ],
        [
            285.4645336990219,
            356.2527192878673,
            266.5576860643865,
            348.0416641725527,
            707.6552833124331,
            337.2966053787082,
            659.4133756605183,
            472.0010593208452,
            215.6687274502263,
            774.6850973137407,
            0,
            343.20984834354624,
            711.8040460688602,
            649.4259003150398,
            544.6833942759775,
            300.456319620673,
            317.25226555534636,
            494.32782644718674,
            417.4937125275062,
            350.01285690671415,
            719.8034453932546,
            882.8731505714737,
            374.3647953534093,
            423.72750677764594,
            445.9439426654431,
            145.11374848717813,
            660.6216769074415,
            979.184354450172,
            946.7248808392013,
            713.1689841825709,
            755.0165561098643,
            624.9255955711848,
            265.43737491167286,
            228.0898945591409,
            435.09309348689965,
            137.05838172107536,
            672.1822669484818,
            285.82861998057507,
            881.4227135716438,
            558.1979935470926,
            195.16403357176242,
            895.9201973390265,
            808.8238374330963,
            906.206378260493,
            548.2845976315585,
            116.38728452885219,
            204.29880077964236,
            397.200201409818,
            774.5611660805104,
            687.6408946535975,
            634.7676740351544,
            296.5889411289638,
            746.566808798784,
            482.6447969262695,
            639.5600050034399,
            411.76813864115326,
            747.3325899490802,
            207.25105548585273,
            760.0118420130044,
            326.49655434629017,
            741.946763588871,
            772.1431214483491,
            369.7566767483719,
            506.7938436879438,
            542.033209314706,
            823.1464025311657,
            352.0298282816387,
            729.7211796295898,
            863.6029180126709,
            430.0662739625138,
            492.3829810218871,
            431.5020278052005
        ],
        [
            489.86630829237475,
            475.14734556766706,
            369.7188120720935,
            436.00458713183286,
            443.90652169122274,
            273.3861737542702,
            321.7343624793597,
            574.4005571027939,
            142.30249470757707,
            504.76529199222875,
            343.20984834354624,
            0,
            495.0818114211024,
            475.1305083869063,
            318.69264189811474,
            84.0535543567314,
            413.4368150032118,
            535.9001772718498,
            144.83784035948617,
            11.40175425099138,
            405.47503005733904,
            610.6340966569096,
            536.8090908321133,
            300.5328601001894,
            109.9317970379817,
            288.2308102892541,
            346.8832656672847,
            665.6072415471455,
            620.2910607126303,
            371.7270504012319,
            412.0594617285228,
            281.85989427373306,
            241.0186714758838,
            325.78827480435814,
            94.36630754670864,
            433.6865227327222,
            333.2866633995426,
            338.1198012539342,
            577.8001384561966,
            505.1574012127309,
            407.4923312161837,
            626.82214383348,
            522.5562170714267,
            627.2933922814747,
            212.25691979297164,
            268.48649872945197,
            343.80372307466365,
            302.2002647252315,
            545.0614644239675,
            360.9058048854299,
            304.9213013221608,
            76.57675887630658,
            432.1400236034612,
            478.92901352914504,
            331.5448687583628,
            387.79633830143365,
            404.7381869801761,
            262.72799622423184,
            419.9773803432752,
            358.4034040016919,
            468.24139073772625,
            431.3930922024598,
            470.09041683488937,
            355.3547523250533,
            274.0456166407337,
            536.9031570031973,
            430.60190431534323,
            451.1341263970173,
            593.6303563666535,
            502.04780648858537,
            468.17518088852165,
            477.6494530510843
        ],
        [
            950.8969449945666,
            533.3001031314357,
            850.2764256405092,
            493.4632711762853,
            114.73883387938017,
            381.15875957401266,
            540.4118799582408,
            1065.6275146597895,
            604.810714190812,
            838.1753993049425,
            711.8040460688602,
            495.0818114211024,
            0,
            96.33794683301073,
            178.92177061498134,
            461.4249668147574,
            503.0188863253546,
            444.7077692147957,
            604.7875660097519,
            483.88841688967915,
            269.2953768633988,
            915.8624350850951,
            1014.4091876555535,
            787.3360146722619,
            418.4841693541107,
            738.7726307870372,
            645.5214946072672,
            859.4143354634015,
            775.505641501079,
            525.2780216228355,
            472.5727457228146,
            466.37431318630746,
            448.2008478349857,
            518.8448708429138,
            440.55533137166776,
            843.3801041049048,
            535.8525916705079,
            469.2557937841578,
            822.8687623187552,
            302.8035666896941,
            621.7169774101395,
            934.2975971284524,
            822.0687319196613,
            916.6160592090889,
            379.63798545456433,
            595.6148084122825,
            553.8023112988966,
            794.0157429169776,
            65.19202405202648,
            611.7393235684624,
            335.23275496287647,
            471.5018557757753,
            273.4684625327023,
            973.193197674542,
            254.19677417308034,
            364.02197735851064,
            519.1078885934985,
            737.6069413990083,
            563.2486129587893,
            440.5053915674585,
            141.4496376806954,
            437.01029736151526,
            958.2447495290544,
            212.61467494037188,
            226.10838109190027,
            204.82431496284812,
            920.3694910197753,
            154.01298646542764,
            906.4132611563007,
            995.040702685071,
            347.17430780517157,
            443.28884488558924
        ],
        [
            902.800088613199,
            442.4590376520747,
            811.8158658218008,
            404.4119187165482,
            191.4001044931794,
            312.6035828329547,
            578.0864987179688,
            1032.262079125258,
            567.6521822383844,
            869.5659836953146,
            649.4259003150398,
            475.1305083869063,
            96.33794683301073,
            0,
            163.1502375113196,
            426.88171663822754,
            416.52490921912465,
            348.56563227030864,
            599.7707895521421,
            464.5783034107383,
            336.68531301498734,
            954.4742008037724,
            972.1753956977105,
            774.6825156152681,
            416.9412428628283,
            692.4160598946272,
            676.3024471344163,
            915.565399084085,
            835.220928856551,
            572.8699677937393,
            531.0593187206115,
            502.236995849569,
            384.03775856027494,
            443.54142985745983,
            437.65283044897586,
            784.1893903898471,
            575.9453099036401,
            390.46638779797684,
            869.8505618783032,
            206.52602741543257,
            542.0894760092655,
            972.864327642863,
            859.4800753944212,
            958.1753492967767,
            401.6889343758427,
            533.2504102201892,
            477.84934864452833,
            777.3248998970764,
            156.15697230671452,
            649.0485343947707,
            378.7241740369896,
            437.7225148424513,
            346.485208919515,
            952.5460618783745,
            301.059794725234,
            276.739950133695,
            572.7128425310541,
            699.0629442332072,
            615.3893076744184,
            358.2652648527345,
            226.2144999773445,
            501.21153218975326,
            923.0048753934077,
            142.86357128393507,
            232.34887561595815,
            298.24151287169934,
            886.8534264465578,
            234.01922997907673,
            943.3981132056604,
            964.3842595148471,
            252.04959829366916,
            349.46816736292305
        ],
        [
            773.7609449952873,
            432.04166465747255,
            671.4171579577036,
            387.07234465923807,
            167.0449041425688,
            232.81967270830012,
            428.94521794746703,
            886.9075487332375,
            426.01056324931665,
            713.1766961980741,
            544.6833942759775,
            318.69264189811474,
            178.92177061498134,
            163.1502375113196,
            0,
            282.6057324259365,
            386.8087382673768,
            392.44872276515304,
            437.6494030614002,
            307.7027786679867,
            245.48930730278255,
            802.2000997257479,
            835.842688548509,
            615.4063698077881,
            253.87004549572205,
            561.5567647175127,
            520.8617858895007,
            780.324291560887,
            705.5947845612238,
            433.5089387775066,
            407.2959611879303,
            353.29874044496677,
            288.9792380085462,
            374.0120318920235,
            274.7544358149655,
            672.5035315892401,
            428.9533774199709,
            334.26037755019667,
            725.1220586908111,
            283.6564823867066,
            481.918042824711,
            820.4614555236583,
            706.9285678199743,
            808.080441540321,
            245.4057864028475,
            430.0906881112401,
            408.8055772613676,
            619.9354805139,
            235.51857676200407,
            498.4475900232642,
            243.74166652421167,
            292.61749776799064,
            265.6501458685841,
            797.6177029128679,
            180.31361568112376,
            263.7366110345699,
            440.5927825101088,
            558.8103434976844,
            480.2020408119899,
            316.10124960208555,
            204.99999999999997,
            388.1043674065006,
            779.3587107359486,
            109.83624174196785,
            75.15317691222374,
            290.25850547399983,
            741.5827667900596,
            197.5879550984827,
            790.0594914308668,
            816.647414739066,
            291.52872928752663,
            365.2971393263297
        ],
        [
            494.01619406655084,
            391.45114637716927,
            388.8560144835103,
            352.00142045167945,
            429.0571057563317,
            191.9713520294109,
            391.1265779770022,
            606.1823158093611,
            143.40502083260543,
            588.6229693105765,
            300.456319620673,
            84.0535543567314,
            461.4249668147574,
            426.88171663822754,
            282.6057324259365,
            0,
            329.73474187595093,
            453.65405321676565,
