{
    "depot": {
        "x": 693,
        "y": 573,
        "node_type": "depot",
        "id": 0
    },
    "final_destination": {
        "x": 732,
        "y": 272,
        "node_type": "final",
        "id": 36
    },
    "pickup_nodes": [
        {
            "x": 407,
            "y": 150,
            "node_type": "pickup",
            "id": 1
        },
        {
            "x": 402,
            "y": 653,
            "node_type": "pickup",
            "id": 2
        },
        {
            "x": 324,
            "y": 861,
            "node_type": "pickup",
            "id": 3
        },
        {
            "x": 583,
            "y": 611,
            "node_type": "pickup",
            "id": 4
        },
        {
            "x": 30,
            "y": 355,
            "node_type": "pickup",
            "id": 5
        },
        {
            "x": 593,
            "y": 144,
            "node_type": "pickup",
            "id": 6
        },
        {
            "x": 104,
            "y": 442,
            "node_type": "pickup",
            "id": 7
        },
        {
            "x": 671,
            "y": 645,
            "node_type": "pickup",
            "id": 8
        },
        {
            "x": 951,
            "y": 938,
            "node_type": "pickup",
            "id": 9
        },
        {
            "x": 727,
            "y": 219,
            "node_type": "pickup",
            "id": 10
        },
        {
            "x": 364,
            "y": 104,
            "node_type": "pickup",
            "id": 11
        },
        {
            "x": 197,
            "y": 791,
            "node_type": "pickup",
            "id": 12
        },
        {
            "x": 191,
            "y": 143,
            "node_type": "pickup",
            "id": 13
        },
        {
            "x": 961,
            "y": 84,
            "node_type": "pickup",
            "id": 14
        },
        {
            "x": 171,
            "y": 230,
            "node_type": "pickup",
            "id": 15
        },
        {
            "x": 647,
            "y": 613,
            "node_type": "pickup",
            "id": 16
        },
        {
            "x": 220,
            "y": 679,
            "node_type": "pickup",
            "id": 17
        },
        {
            "x": 627,
            "y": 830,
            "node_type": "pickup",
            "id": 18
        },
        {
            "x": 419,
            "y": 157,
            "node_type": "pickup",
            "id": 19
        },
        {
            "x": 855,
            "y": 814,
            "node_type": "pickup",
            "id": 20
        },
        {
            "x": 434,
            "y": 566,
            "node_type": "pickup",
            "id": 21
        },
        {
            "x": 926,
            "y": 497,
            "node_type": "pickup",
            "id": 22
        },
        {
            "x": 106,
            "y": 449,
            "node_type": "pickup",
            "id": 23
        },
        {
            "x": 230,
            "y": 819,
            "node_type": "pickup",
            "id": 24
        },
        {
            "x": 786,
            "y": 134,
            "node_type": "pickup",
            "id": 25
        },
        {
            "x": 532,
            "y": 991,
            "node_type": "pickup",
            "id": 26
        },
        {
            "x": 10,
            "y": 586,
            "node_type": "pickup",
            "id": 27
        },
        {
            "x": 35,
            "y": 762,
            "node_type": "pickup",
            "id": 28
        },
        {
            "x": 96,
            "y": 52,
            "node_type": "pickup",
            "id": 29
        },
        {
            "x": 810,
            "y": 585,
            "node_type": "pickup",
            "id": 30
        },
        {
            "x": 686,
            "y": 806,
            "node_type": "pickup",
            "id": 31
        },
        {
            "x": 292,
            "y": 884,
            "node_type": "pickup",
            "id": 32
        },
        {
            "x": 819,
            "y": 348,
            "node_type": "pickup",
            "id": 33
        },
        {
            "x": 980,
            "y": 696,
            "node_type": "pickup",
            "id": 34
        },
        {
            "x": 175,
            "y": 907,
            "node_type": "pickup",
            "id": 35
        }
    ],
    "delivery_nodes": [
        {
            "x": 206,
            "y": 416,
            "node_type": "delivery",
            "id": 1
        },
        {
            "x": 154,
            "y": 946,
            "node_type": "delivery",
            "id": 2
        },
        {
            "x": 981,
            "y": 758,
            "node_type": "delivery",
            "id": 3
        },
        {
            "x": 326,
            "y": 844,
            "node_type": "delivery",
            "id": 4
        },
        {
            "x": 688,
            "y": 523,
            "node_type": "delivery",
            "id": 5
        },
        {
            "x": 925,
            "y": 20,
            "node_type": "delivery",
            "id": 6
        },
        {
            "x": 867,
            "y": 729,
            "node_type": "delivery",
            "id": 7
        },
        {
            "x": 828,
            "y": 682,
            "node_type": "delivery",
            "id": 8
        },
        {
            "x": 167,
            "y": 653,
            "node_type": "delivery",
            "id": 9
        },
        {
            "x": 305,
            "y": 457,
            "node_type": "delivery",
            "id": 10
        },
        {
            "x": 409,
            "y": 782,
            "node_type": "delivery",
            "id": 11
        },
        {
            "x": 347,
            "y": 627,
            "node_type": "delivery",
            "id": 12
        },
        {
            "x": 335,
            "y": 77,
            "node_type": "delivery",
            "id": 13
        },
        {
            "x": 63,
            "y": 86,
            "node_type": "delivery",
            "id": 14
        },
        {
            "x": 877,
            "y": 375,
            "node_type": "delivery",
            "id": 15
        },
        {
            "x": 217,
            "y": 994,
            "node_type": "delivery",
            "id": 16
        },
        {
            "x": 502,
            "y": 314,
            "node_type": "delivery",
            "id": 17
        },
        {
            "x": 646,
            "y": 808,
            "node_type": "delivery",
            "id": 18
        },
        {
            "x": 842,
            "y": 820,
            "node_type": "delivery",
            "id": 19
        },
        {
            "x": 673,
            "y": 238,
            "node_type": "delivery",
            "id": 20
        },
        {
            "x": 541,
            "y": 922,
            "node_type": "delivery",
            "id": 21
        },
        {
            "x": 925,
            "y": 787,
            "node_type": "delivery",
            "id": 22
        },
        {
            "x": 942,
            "y": 65,
            "node_type": "delivery",
            "id": 23
        },
        {
            "x": 127,
            "y": 21,
            "node_type": "delivery",
            "id": 24
        },
        {
            "x": 114,
            "y": 472,
            "node_type": "delivery",
            "id": 25
        },
        {
            "x": 505,
            "y": 0,
            "node_type": "delivery",
            "id": 26
        },
        {
            "x": 493,
            "y": 995,
            "node_type": "delivery",
            "id": 27
        },
        {
            "x": 761,
            "y": 598,
            "node_type": "delivery",
            "id": 28
        },
        {
            "x": 43,
            "y": 56,
            "node_type": "delivery",
            "id": 29
        },
        {
            "x": 139,
            "y": 359,
            "node_type": "delivery",
            "id": 30
        },
        {
            "x": 686,
            "y": 519,
            "node_type": "delivery",
            "id": 31
        },
        {
            "x": 942,
            "y": 964,
            "node_type": "delivery",
            "id": 32
        },
        {
            "x": 257,
            "y": 735,
            "node_type": "delivery",
            "id": 33
        },
        {
            "x": 517,
            "y": 452,
            "node_type": "delivery",
            "id": 34
        },
        {
            "x": 848,
            "y": 903,
            "node_type": "delivery",
            "id": 35
        }
    ],
    "travel_costs": [
        [
            0,
            510.6123774449656,
            301.7962889102515,
            468.0865304620504,
            116.37869220780925,
            697.9204825766327,
            440.50085130451225,
            603.3920781713992,
            75.28612089887484,
            446.97762807550004,
            355.6290201881731,
            572.8891690370834,
            541.7933185265392,
            660.9871405708284,
            557.624425576929,
            624.6062759851201,
            60.959002616512684,
            484.73188465377444,
            265.33940529065785,
            498.1284974783113,
            290.38767191463205,
            259.09457732650446,
            245.08161905781512,
            599.9541649159542,
            524.2947644216944,
            448.74268796271207,
            447.9341469457313,
            683.1237076840474,
            684.6057259474244,
            792.3698631321108,
            117.61377470347595,
            233.10512649875378,
            507.46625503574126,
            257.87787807409927,
            312.2466973404202,
            616.344059758833,
            511.6815415861705,
            655.4769256045555,
            342.2995763947131,
            456.21266970569764,
            50.24937810560445,
            599.6940886818879,
            233.69210512980536,
            173.51080657987848,
            532.0488699358359,
            404.96913462633177,
            352.6145204043645,
            350.18852065708836,
            611.7025420905164,
            796.2844968979366,
            270.29613389761977,
            635.4659707647609,
            321.8105032468642,
            239.6539171388609,
            288.4614358974177,
            335.59648389099675,
            380.663893743549,
            315.62636138320255,
            565.7428744579997,
            790.6073614633245,
            587.7431411764837,
            603.0530656584045,
            466.9946466502587,
            72.44998274671981,
            830.5353695057183,
            593.8956137234893,
            54.45181356024793,
            463.5536646387342,
            465.123639476645,
            213.5813662284236,
            364.58880948268285,
            303.5160621779348
        ],
        [
            510.6123774449656,
            0,
            503.0248502807789,
            715.8281916773046,
            493.4541518722889,
            429.131681421915,
            186.09674903124986,
            420.8004277564366,
            561.0,
            957.5385109748851,
            327.35454785293575,
            62.96824596572467,
            674.5227942775545,
            216.11339616044168,
            557.9175566335944,
            249.19069003476034,
            521.5064716760473,
            561.0793170310237,
            714.7027354082255,
            13.892443989449806,
            800.9993757800314,
            416.87528110935045,
            624.3156253050214,
            424.26642572798517,
            692.0187858721755,
            379.33758052689683,
            850.2387899878481,
            589.66515922174,
            716.1899189460852,
            326.0751447136074,
            592.987352310317,
            712.8653449284794,
            742.9542381600633,
            457.10830226544783,
            791.4827856624552,
            791.7531180866924,
            333.4021595610922,
            835.239486614468,
            836.1459202794689,
            698.7109559753591,
            467.00107066258425,
            534.063666616631,
            739.4869843344101,
            678.4283307763615,
            557.3230660936258,
            323.5011591942137,
            632.0031645490393,
            480.7587752709252,
            102.5329215423027,
            349.9028436580646,
            521.0806079677117,
            865.1219567205538,
            189.52836199366047,
            700.0607116529252,
            798.8272654335228,
            280.178514522438,
            783.5432342889575,
            821.0316680859515,
            541.7102546564906,
            308.2872037564971,
            435.35387904554153,
            179.1758912354003,
            849.3650569690279,
            570.9816109122954,
            375.9414848084739,
            339.8602654032977,
            462.6035019322703,
            974.0744324742335,
            603.9246641759219,
            321.40939625343873,
            872.6339438733746,
            347.1440623141926
        ],
        [
            301.7962889102515,
            503.0248502807789,
            0,
            222.1440973782558,
            185.8090417606205,
            476.64242362592944,
            543.6561413246428,
            365.1369606051954,
            269.1189328159578,
            618.5677004176665,
            542.2001475470105,
            550.3135469893504,
            247.12142764236367,
            551.9248137201298,
            797.647791948301,
            481.96472899995496,
            248.24383174612817,
            183.84776310850236,
            286.27609051403505,
            496.2912451373689,
            480.7598152924182,
            92.69843580125826,
            546.7284517930267,
            359.48852554706104,
            239.0397456491284,
            645.6136615654907,
            362.1380952067871,
            397.68454835459727,
            382.8446159997552,
            674.4160437000294,
            413.6278520602789,
            322.5910724121174,
            255.85347369148613,
            516.6372034609974,
            579.597273975646,
            340.6537831875642,
            307.5467444145686,
            383.8658619882732,
            588.4437101371719,
            205.56507485465525,
            314.15919531345884,
            821.1077882957877,
            471.16982076529473,
            426.9859482465436,
            235.0,
            218.68927728629035,
            129.18978287774928,
            60.83584469702052,
            579.8836090113257,
            660.6133513637157,
            550.3716925860195,
            387.9510278372774,
            353.4416500640523,
            289.0691958683941,
            470.6261786173821,
            495.6470518423367,
            302.79035651750866,
            539.8935080180165,
            798.3382741670351,
            689.2379850240409,
            340.1543767173958,
            661.0733696043126,
            353.8997033058943,
            363.1886562105155,
            696.6275906106505,
            394.4679961669894,
            314.0254766734699,
            623.1540740458976,
            166.58031096140985,
            231.5728826957077,
            511.2885682273759,
            504.04464088015067
        ],
        [
            468.0865304620504,
            715.8281916773046,
            222.1440973782558,
            0,
            359.97361014385484,
            585.2110730326282,
            765.8002350482794,
            473.24517958453623,
            408.73585602440113,
            631.710376675894,
            758.0059366522139,
            758.0560665280636,
            145.01379244747721,
            730.2143520912198,
            1004.7377767358009,
            649.2842212775543,
            407.2259814893937,
            209.61870145576228,
            304.58168034207176,
            710.3808837518081,
            533.0759795751446,
            314.84122982862334,
            703.4912934784622,
            466.120156182931,
            102.95630140987,
            861.3785462849653,
            245.2835094334717,
            417.3978917052649,
            305.486497246605,
            840.5147232499856,
            558.9024959686618,
            366.1543390429779,
            39.408120990476064,
            712.8772685392626,
            676.4325539179794,
            155.93909067324972,
            460.3791915367157,
            190.06577808748213,
            665.0248115672076,
            17.11724276862369,
            496.7293025381128,
            1033.674029856608,
            558.8139225180417,
            534.8429676082504,
            260.6012279326404,
            404.4465354036304,
            116.04309544302927,
            235.12762491889376,
            784.0771645699166,
            817.7689160147871,
            736.2098885508127,
            170.69856472741648,
            575.2329962719455,
            326.3326523656497,
            519.6200535006324,
            714.0938313695198,
            225.41073621280773,
            605.5386032285638,
            1007.7400458451573,
            862.7914000498614,
            442.0644749355008,
            879.8192996291909,
            215.67800073257357,
            510.03725354134673,
            852.6347400851082,
            535.0037383046963,
            498.00401604806365,
            626.5245406207165,
            142.70599146496969,
            452.24993090104505,
            525.6805113374472,
            716.5088973627613
        ],
        [
            116.37869220780925,
            493.4541518722889,
            185.8090417606205,
            359.97361014385484,
            0,
            609.3808333054134,
            467.1070541107253,
            507.9389727122738,
            94.33981132056604,
            492.2936115774812,
            417.61226035642204,
            552.2771043597588,
            425.9060929359898,
            610.4817769598042,
            648.5468371675249,
            561.1639689074843,
            64.03124237432849,
            369.3142293494796,
            223.37636401374252,
            482.7131653477042,
            339.40094283899685,
            155.64703659241314,
            361.4484748895754,
            503.75887088963503,
            409.7230772119139,
            518.3994598762619,
            383.40709435272584,
            573.5451159237606,
            568.4232577929936,
            741.3838412050804,
            228.48413511664216,
            220.53117693423758,
            399.0112780360976,
            353.3624201864142,
            405.9975369383415,
            504.0634880647476,
            424.4455206501772,
            544.3032243152708,
            424.27938908224144,
            346.8976794387648,
            137.0,
            682.8213529174377,
            307.5386154615385,
            255.08037948850554,
            418.11481676687805,
            317.80497164141406,
            243.9610624669437,
            236.5417510715603,
            588.7783963428005,
            738.9350445066196,
            377.00397875884545,
            529.7593793412251,
            307.8473647767672,
            206.82843131445927,
            332.80925467901284,
            383.7043132413291,
            313.82319863260585,
            384.6296920415791,
            653.4500746040205,
            745.6782147816845,
            489.1645939763016,
            615.958602505071,
            394.4058823090751,
            178.47408775505758,
            774.3545699484184,
            510.5291372683835,
            138.10503249338888,
            503.4779041824974,
            348.78646762740095,
            172.15400082484285,
            394.3209352798809,
            370.2998784768907
        ],
        [
            697.9204825766327,
            429.131681421915,
            476.64242362592944,
            585.2110730326282,
            609.3808333054134,
            0,
            601.2403845384972,
            114.21471008587291,
            703.5488611319046,
            1090.0137613810202,
            710.1443515229843,
            417.80019147913276,
            466.8886376856905,
            266.20480837129895,
            969.6401394331816,
            188.43035848822237,
            668.7697660630301,
            375.6008519692148,
            762.9115282914528,
            436.4916952245483,
            944.0900380789959,
            455.78174601447125,
            907.1824513293893,
            120.8801058900926,
            505.2682455884201,
            787.6401462596989,
            810.246875958186,
            231.86418438387588,
            407.0307113720044,
            310.10482098800077,
            813.203541556479,
            796.0760013968516,
            590.3261810219839,
            789.031051353494,
            1009.3468184920384,
            570.7267297052066,
            186.2713075060139,
            603.8683631388549,
            1032.8649476093185,
            571.6091321873715,
            679.1082387955547,
            955.6411460375699,
            916.7578742503389,
            862.3995593690897,
            327.98323127867377,
            293.30700639432393,
            570.9378249862239,
            417.6996528607607,
            412.68510998096355,
            271.01660465735307,
            847.2360946040956,
            665.800270351402,
            473.7773738793359,
            764.6338993269916,
            935.7184405578421,
            653.5579545839834,
            763.2889361179028,
            993.8053129260278,
            956.9973876662359,
            347.80023001717524,
            144.03124660989366,
            593.000843169721,
            789.9170842563161,
            770.3310976456813,
            299.2824752637548,
            109.07336980216574,
            676.1893226012963,
            1096.6426035860543,
            442.6386788341028,
            496.5662090799172,
            984.59534835383,
            706.889666072436
        ],
        [
            440.50085130451225,
            186.09674903124986,
            543.6561413246428,
            765.8002350482794,
            467.1070541107253,
            601.2403845384972,
            0,
            572.6473609473809,
            507.03550171560966,
            870.976463516667,
            153.56106277308712,
            232.4672019877213,
            758.5677293426079,
            402.0012437791704,
            372.8592227637664,
            430.6738905482895,
            472.0985066699534,
            652.1916896128008,
            686.8420488001591,
            174.4849563716024,
            719.4053099609428,
            450.96008692566124,
            485.28136168618715,
            574.6250951707557,
            766.4163359428086,
            193.25889371514054,
            849.1937352571555,
            731.6098687141939,
            832.6391775553202,
            505.4433697260257,
            491.49771108317475,
            668.5005609571318,
            798.8748337505695,
            304.45360894559946,
            674.146126592744,
            869.9959770021928,
            473.02536929851874,
            914.2893415106621,
            726.319488930319,
            749.1922316735539,
            390.7249672083933,
            354.40090293338704,
            645.9883899885508,
            587.0851726964324,
            663.7446798280195,
            425.3386885765272,
            664.0030120413612,
            542.0378215586068,
            266.5576860643865,
            533.1641398293775,
            366.0833238485468,
            929.4492993165361,
            192.8237537234456,
            666.1118524692381,
            720.4005830092033,
            123.43419299367578,
            779.7358527091081,
            723.6525409338379,
            357.82956837019486,
            481.9595418704769,
            580.538543078752,
            168.7601848778319,
            856.8552970017749,
            484.0867690817422,
            556.9955116515752,
            502.3355452284857,
            386.35993581115525,
            891.1795554207916,
            679.8360096376184,
            317.23808094237364,
            800.6909516161652,
            188.95766721676048
        ],
        [
            603.3920781713992,
            420.8004277564366,
            365.1369606051954,
            473.24517958453623,
            507.9389727122738,
            114.21471008587291,
            572.6473609473809,
            0,
            602.2441365426483,
            981.5421539597777,
            661.7083949898173,
            426.4317061382748,
            361.17862616716405,
            311.40006422606916,
            928.7696162127613,
            222.33533232484666,
            569.2890302825094,
            263.86549603917524,
            651.2088758608868,
            424.79406775518885,
            838.084124655753,
            352.52801307130187,
            823.8379695061402,
            7.280109889280519,
            397.4984276698463,
            748.3234594745777,
            696.1213974588053,
            171.96511274092776,
            327.35454785293575,
            390.08204265256813,
            720.336726816008,
            686.4546598283094,
            480.320726181996,
            721.1525497424244,
            912.0811367416827,
            470.3892005563053,
            105.26157893552615,
            506.4740862077743,
            932.1936494098209,
            459.2254348356589,
            589.5905358806228,
            923.1061694084815,
            815.1920019234733,
            762.7424204802037,
            220.20445045457188,
            201.55892438688988,
            456.75485766437123,
            305.4079239312562,
            431.9560162794356,
            358.3531777450843,
            775.8981891975261,
            563.4474243440998,
            418.07654801483426,
            654.0030580968257,
            829.1730820522336,
            604.4642255750128,
            649.1294169886311,
            890.5425312695627,
            918.8977092146872,
            421.6277979450596,
            31.622776601683796,
            596.7956099034242,
            676.1138957305936,
            675.2666140125692,
            390.7902250568712,
            90.07774419910837,
            587.0715458953874,
            987.2831407453486,
            330.54197917964973,
            413.12104763616196,
            875.2468223307069,
            650.6027974117542
        ],
        [
            75.28612089887484,
            561.0,
            269.1189328159578,
            408.73585602440113,
            94.33981132056604,
            703.5488611319046,
            507.03550171560966,
            602.2441365426483,
            0,
            405.276448859294,
            429.66498577380025,
            622.0369763928829,
            495.975805861536,
            694.5530937228629,
            631.5227628518231,
            649.7884271053155,
            40.0,
            452.27978066679043,
            190.16045856065875,
            549.224908393638,
            249.83394485137524,
            249.81993515330197,
            294.8372432376887,
            598.03093565467,
            474.08543533839975,
            523.7804883727533,
            372.87665520919916,
            663.6279077917083,
            646.672250834996,
            825.9987893453598,
            151.3968295572929,
            161.69724796668618,
            448.0647274669141,
            331.8327892177022,
            313.1804591605294,
            560.9456301639224,
            518.3300107074642,
            598.2390826417144,
            329.9530269598992,
            398.27879682453596,
            123.17873193047572,
            674.6413862193751,
            213.24164696418944,
            161.30096093948106,
            504.0634880647476,
            411.4608122288197,
            295.6568957423453,
            324.49961479175903,
            659.939391156491,
            825.9206983724285,
            339.6115427955887,
            572.6403758031736,
            371.6476826242833,
            164.90603384958357,
            244.6752950340512,
            407.00491397524917,
            305.9885618777277,
            290.9982817818689,
            640.1882535629657,
            827.8357324976978,
            583.2478032534714,
            666.0187685043117,
            392.6627051299881,
            101.5332457867865,
            860.9907084283778,
            604.0033112492017,
            126.88971589533962,
            418.5713798147217,
            423.6696826538335,
            246.9109151090733,
            312.8785706947665,
            377.95502377928517
        ],
        [
            446.97762807550004,
            957.5385109748851,
            618.5677004176665,
            631.710376675894,
            492.2936115774812,
            1090.0137613810202,
            870.976463516667,
            981.5421539597777,
            405.276448859294,
            0,
            753.0849885637078,
            1019.8651871693631,
            768.195938546931,
            1099.8295322457932,
            854.0585460025559,
            1053.4059046730276,
            445.01797716496804,
            775.526917650187,
            341.525987298185,
            944.9788357418381,
            156.81836627130127,
            636.9246423243491,
            441.7080483758474,
            976.2919645270056,
            730.7544047079019,
            820.7563584889245,
            422.3387266164447,
            1004.6815415841977,
            932.7550589517058,
            1231.2680455530387,
            380.1184026063458,
            296.05573799539843,
            661.2087416240048,
            604.5858086326539,
            243.73140954747709,
            776.6189541853844,
            909.6752167669515,
            797.0401495533333,
            182.48287590894657,
            632.0292714740355,
            491.31863388233097,
            918.3681179135086,
            225.24875138388668,
            284.01584462842914,
            834.1948213696845,
            805.4048671320531,
            564.0035460881429,
            679.3651448227234,
            1058.6675587737634,
            1230.6291074080768,
            567.8424077153802,
            736.1331401315933,
            768.7502845527928,
            331.54939300200806,
            160.63934760823702,
            753.1825807863589,
            410.3120763516472,
            153.22206107476822,
            873.0463905199998,
            1232.8280496484497,
            957.9796448776979,
            1038.633717919845,
            461.5333140738597,
            389.48684188300894,
            1265.8546520039336,
            997.288824764421,
            495.7680909457566,
            27.51363298439521,
            723.0802168501086,
            651.5765496087163,
            108.7841900277793,
            701.0827340621078
        ],
        [
            355.6290201881731,
            327.35454785293575,
            542.2001475470105,
            758.0059366522139,
            417.61226035642204,
            710.1443515229843,
            153.56106277308712,
            661.7083949898173,
            429.66498577380025,
            753.0849885637078,
            0,
            380.78077682572166,
            779.7974095879006,
            541.3612472277638,
            270.1499583564654,
            556.1088023040095,
            402.0397990249224,
            684.5794329367484,
            619.1292272215875,
            314.17829333039543,
            608.6123561019773,
            454.1563607393383,
            341.8844834150857,
            662.2242822488465,
            779.1078230899751,
            103.46980235798269,
            796.2468210297608,
            805.4675660757545,
            879.6095724808821,
            652.725056972689,
            375.2932186970609,
            588.430114796991,
            794.6382824908451,
            158.4455742518547,
            539.942589540777,
            882.0702919835811,
            557.0008976653448,
            925.6662465489385,
            595.8498132919067,
            742.5806353521482,
            306.49143544314575,
            280.72228269234347,
            528.8667128870941,
            473.8881724626603,
            708.4885320172797,
            484.48735793620045,
            646.6011135158986,
            557.5517913162867,
            416.9268520975832,
            677.1890430300833,
            216.4162655624572,
            927.7526610039984,
            244.23349483639626,
            594.5435223766212,
            611.9035871769343,
            57.24508712544685,
            727.189796408063,
            601.5214044404405,
            264.46360808247323,
            631.8259253940123,
            663.1575981620056,
            311.8413057951111,
            810.5134175323687,
            380.52200987590714,
            703.1536105290223,
            604.4369280578413,
            302.7887052054617,
            775.4031209635411,
            697.9656151989151,
            313.67020897751826,
            694.6200400218813,
            53.23532661682465
        ],
        [
            572.8891690370834,
            62.96824596572467,
            550.3135469893504,
            758.0560665280636,
            552.2771043597588,
            417.80019147913276,
            232.4672019877213,
            426.4317061382748,
            622.0369763928829,
            1019.8651871693631,
            380.78077682572166,
            0,
            707.0063648935559,
            177.34147850968202,
            597.3349144324313,
            230.4886114323222,
            582.3830354672086,
            592.757117207377,
            772.1690229476964,
            76.38062581571323,
            863.2386691987333,
            467.27293951180184,
            685.7791189588671,
            430.80041782709543,
            727.4482799484786,
            423.0650068251923,
            902.7696273136354,
            598.0300995769361,
            735.6663645974309,
            272.9981684920249,
            655.9550289463448,
            772.3263558884935,
            783.3160281776442,
            516.2954580470372,
            854.3535567901616,
            824.9424222332126,
            349.72560672618755,
            867.792601950489,
            899.1134522405946,
            740.9750333175875,
            529.6574364624743,
            567.2539114012349,
            802.2680350107438,
            741.201726927292,
            583.2752352020442,
            357.8966331219113,
            679.4917218038789,
            523.2762176900455,
            39.623225512317894,
            301.537725666292,
            580.1810062385704,
            902.0582021133669,
            251.2846990964631,
            758.379852053046,
            860.8948832464971,
            336.80409736225005,
            836.930702029744,
            883.8608487765481,
            579.3142497815845,
            251.11352014576994,
            444.88650238010143,
            175.2055935180153,
            900.2899532928266,
            633.7546844008334,
            324.56894491001447,
            340.073521462639,
            525.2704065526631,
            1036.1872417666607,
            640.0078124523169,
            380.1486551337516,
            934.1611210064353,
            404.534300152657
        ],
        [
            541.7933185265392,
            674.5227942775545,
            247.12142764236367,
            145.01379244747721,
            425.9060929359898,
            466.8886376856905,
            758.5677293426079,
            361.17862616716405,
            495.975805861536,
            768.195938546931,
            779.7974095879006,
            707.0063648935559,
            0,
            648.0277771824291,
            1040.9346761444735,
            561.6021723604708,
            483.92561411853376,
            114.3372205364465,
            431.76498236888085,
            671.7439988567073,
            658.4018529743063,
            326.7935127875093,
            786.0515250287351,
            353.8997033058943,
            43.278170016764804,
            882.366137156226,
            390.1602234979881,
            277.4779270500628,
            164.5752107700306,
            745.8699618566228,
            646.6877144340999,
            489.2300072563006,
            132.94359706281458,
            763.6314556119332,
            788.7420364098772,
            118.06777714516353,
            375.10798445247735,
            160.85397104206038,
            784.6942079561949,
            139.46325680981352,
            559.3791200965585,
            1060.3890795363745,
            672.8625416829206,
            640.3452193934144,
            141.22322755127783,
            351.0270644836378,
            212.19095173922946,
            222.25210910135362,
            727.2138612540331,
            717.621766670995,
            797.1549410246417,
            203.9828424157287,
            566.1748846425457,
            449.3217110267431,
            645.6516088417965,
            729.6471750099495,
            368.09917141987705,
            728.0109889280519,
            1040.2408374987015,
            773.1752712031083,
            329.6209944769902,
            848.8492210045315,
            359.48852554706104,
            596.1082116528844,
            750.960052199849,
            435.876129192687,
            559.557861172551,
            764.8228553070313,
            82.07313811473277,
            466.17700500989963,
            660.5641528269605,
            745.3764149743404
        ],
        [
            660.9871405708284,
            216.11339616044168,
            551.9248137201298,
            730.2143520912198,
            610.4817769598042,
            266.20480837129895,
            402.0012437791704,
            311.40006422606916,
            694.5530937228629,
            1099.8295322457932,
            541.3612472277638,
            177.34147850968202,
            648.0277771824291,
            0,
            772.2570815473304,
            89.26925562588724,
            654.8557092978575,
            536.7839416376015,
            813.6737675506074,
            228.42942017174582,
            944.0005296608683,
            487.8298883832355,
            815.8069624610961,
            317.58620876857987,
            677.1240654414817,
            595.068063333935,
            913.9939824747207,
            478.5498929056405,
            638.3549169545105,
            131.55227098001768,
            760.6083091841687,
            827.40195793822,
            747.8515895550399,
            660.6125944909013,
            963.4988323812333,
            764.1675209010128,
            273.41177736154674,
            803.8519764235203,
            1001.1618250812403,
            713.8809424546926,
            625.626885611544,
            744.2345060530316,
            894.6351211527524,
            834.4399319303936,
            510.56439358811537,
            334.0538878684097,
            675.1629432959128,
            508.5194194915274,
            158.40454538932903,
            140.11780757633915,
            724.1684886820193,
            851.3970871455926,
            354.9112565135121,
            805.7605103254937,
            939.2177596276596,
            491.27283661932705,
            854.0146368769098,
            976.4691495382739,
            755.0397340537781,
            137.7679207943562,
            337.8905148121208,
            345.02898428972605,
            903.9402635130266,
            729.3318860436584,
