{
    "depot": [
        835,
        361
    ],
    "final_destination": [
        502,
        629
    ],
    "requests": [
        [
            [
                112,
                646
            ],
            [
                694,
                490
            ]
        ],
        [
            [
                20,
                264
            ],
            [
                10,
                357
            ]
        ],
        [
            [
                532,
                626
            ],
            [
                463,
                171
            ]
        ],
        [
            [
                826,
                713
            ],
            [
                159,
                670
            ]
        ],
        [
            [
                531,
                581
            ],
            [
                62,
                450
            ]
        ],
        [
            [
                105,
                850
            ],
            [
                377,
                845
            ]
        ],
        [
            [
                86,
                270
            ],
            [
                862,
                25
            ]
        ],
        [
            [
                122,
                847
            ],
            [
                468,
                648
            ]
        ],
        [
            [
                644,
                528
            ],
            [
                234,
                365
            ]
        ],
        [
            [
                236,
                82
            ],
            [
                977,
                416
            ]
        ],
        [
            [
                221,
                782
            ],
            [
                208,
                318
            ]
        ],
        [
            [
                642,
                653
            ],
            [
                266,
                65
            ]
        ],
        [
            [
                737,
                716
            ],
            [
                367,
                919
            ]
        ],
        [
            [
                325,
                363
            ],
            [
                704,
                23
            ]
        ],
        [
            [
                461,
                797
            ],
            [
                304,
                593
            ]
        ],
        [
            [
                686,
                849
            ],
            [
                240,
                166
            ]
        ],
        [
            [
                240,
                772
            ],
            [
                195,
                671
            ]
        ],
        [
            [
                851,
                429
            ],
            [
                259,
                231
            ]
        ],
        [
            [
                749,
                612
            ],
            [
                491,
                18
            ]
        ],
        [
            [
                249,
                849
            ],
            [
                348,
                167
            ]
        ],
        [
            [
                616,
                435
            ],
            [
                447,
                734
            ]
        ],
        [
            [
                443,
                799
            ],
            [
                139,
                483
            ]
        ],
        [
            [
                592,
                813
            ],
            [
                255,
                842
            ]
        ],
        [
            [
                786,
                824
            ],
            [
                855,
                246
            ]
        ],
        [
            [
                55,
                390
            ],
            [
                733,
                439
            ]
        ],
        [
            [
                937,
                988
            ],
            [
                926,
                901
            ]
        ],
        [
            [
                626,
                453
            ],
            [
                682,
                743
            ]
        ],
        [
            [
                416,
                307
            ],
            [
                139,
                920
            ]
        ],
        [
            [
                430,
                548
            ],
            [
                828,
                249
            ]
        ],
        [
            [
                43,
                531
            ],
            [
                980,
                203
            ]
        ],
        [
            [
                672,
                245
            ],
            [
                115,
                98
            ]
        ],
        [
            [
                858,
                813
            ],
            [
                529,
                71
            ]
        ],
        [
            [
                318,
                998
            ],
            [
                296,
                899
            ]
        ],
        [
            [
                528,
                574
            ],
            [
                921,
                819
            ]
        ],
        [
            [
                167,
                361
            ],
            [
                422,
                695
            ]
        ]
    ],
    "travel_costs": [
        [
            0,
            777.1447741572995,
            820.7520941185591,
            402.5344705736392,
            352.115038020247,
            375.2545802518605,
            878.6472557289416,
            754.5077865734721,
            862.8817995531023,
            253.71243564319033,
            660.7889224253082,
            744.4709530935374,
            350.01857093588626,
            368.2784272802305,
            510.0039215535504,
            574.4318932649892,
            510.2401395421572,
            723.1500535850081,
            69.85699678629192,
            265.32432983049256,
            762.5876998745783,
            231.16444363266595,
            587.7992854708144,
            513.1793058960972,
            465.58565269990874,
            780.538916390464,
            635.2424733910667,
            228.35279722394466,
            422.46538319725084,
            446.0874353756223,
            810.0395052094682,
            200.06249023742555,
            452.58479868418027,
            820.4011214034267,
            373.65492101670486,
            668.0,
            191.10729970359583,
            825.0096969127089,
            417.71282000915414,
            743.2745118729688,
            778.1066764910837,
            666.3482572949373,
            337.0830758136635,
            465.8948379194601,
            601.01331100068,
            152.27934856703322,
            628.4727519948657,
            641.3867787848452,
            728.2774196691809,
            362.49827585796874,
            579.4695850517091,
            626.1389622120637,
            711.1258679024411,
            590.487933830997,
            485.7828733086419,
            524.218465909014,
            538.212783200102,
            706.6116330771804,
            753.4991705370352,
            116.72617529928752,
            128.40560735419615,
            547.6139150898194,
            411.50091129911243,
            892.6908759475477,
            112.21853679316979,
            214.45046047980404,
            766.5304951533238,
            421.58747609481946,
            761.5543316139696,
            466.0042918257298,
            531.1544031635246,
            427.44941221155045
        ],
        [
            777.1447741572995,
            0,
            392.92238419311263,
            420.47592083257274,
            717.1366675885427,
            424.01179228884655,
            204.12006270820123,
            376.8978641488964,
            201.2486024796197,
            544.9293532192958,
            577.4703455589733,
            174.28998823799375,
            530.0462243993443,
            628.9077833832239,
            354.2005081871002,
            380.26569658595287,
            608.839059193807,
            179.61069010501575,
            770.201272395729,
            637.9067329947223,
            244.90406284910833,
            546.3853951195987,
            364.6505176192679,
            508.2214084432099,
            697.1083129614796,
            262.26894593146176,
            893.0783840178868,
            549.0400713973435,
            455.34272806315903,
            332.75817044814994,
            134.1118935814419,
            688.7677402434001,
            764.4638644174098,
            407.84801090602366,
            422.1847936626803,
            290.25850547399983,
            602.5446041580657,
            306.4718584144391,
            590.6149337766528,
            52.773099207835045,
            202.27703774773843,
            331.4000603500247,
            973.7253206115162,
            356.00561793320054,
            306.34131291747116,
            895.0558641783205,
            341.76014981270123,
            601.0632246278257,
            373.56927068483566,
            859.4143354634016,
            199.18082237002636,
            496.7735902803208,
            86.68333173107735,
            440.26582878983464,
            733.501874571565,
            533.9822094414757,
            346.36541397778154,
            165.22106403240477,
            242.62110378118388,
            843.8299591742402,
            654.5914756548545,
            853.0070339686537,
            578.1946039180925,
            275.3270782178898,
            818.6971356979333,
            974.5116725827352,
            548.0082116173078,
            710.291489460489,
            312.8338217009152,
            827.2907590442431,
            313.84868965793055,
            390.3703369878403
        ],
        [
            820.7520941185591,
            392.92238419311263,
            0,
            627.0470476766476,
            922.6250592738091,
            601.3401699537459,
            592.1325865040701,
            66.27216610312357,
            591.8555567028159,
            677.548522247669,
            282.45353600194136,
            555.6302727533841,
            733.6245633837515,
            847.5806746263154,
            320.6649341602539,
            691.7875396391584,
            886.4428915615489,
            553.5919074553022,
            847.2225209471239,
            807.8025748906722,
            628.2244821717792,
            620.0459660380027,
            682.0219937802593,
            792.8335260317895,
            948.8709079743145,
            130.77079184588584,
            1168.3599616556535,
            634.7889413025403,
            398.32775449370837,
            498.7544486017142,
            267.98880573635904,
            652.2767817422293,
            1001.8208422667199,
            792.1868466466734,
            595.1167952595524,
            176.11927776367924,
            710.8811433706763,
            93.53608929178085,
            452.6566027354511,
            429.1351768382546,
            190.68298298484842,
            681.916417165623,
            875.2628176724978,
            590.0508452667448,
            236.63685258217922,
            968.995872024231,
            195.6016359849784,
            316.4127051810657,
            741.238153362332,
            725.2151404928059,
            434.6228249873676,
            240.84019598065436,
            443.0282158057204,
            241.26748641290231,
            531.3727505245258,
            342.04239503313033,
            635.0031495984882,
            249.24285345822855,
            623.9463117929298,
            835.1939894419739,
            734.1621074394947,
            1107.5220088106603,
            817.1199422361444,
            666.7060821681471,
            808.1392206792095,
            961.9360685617313,
            191.26160095534075,
            544.3620119001693,
            692.3878970634885,
            1058.218313959837,
            589.3767894988739,
            604.6064835907732
        ],
        [
            402.5344705736392,
            420.47592083257274,
            627.0470476766476,
            0,
            306.6023483276017,
            45.01110973970759,
            482.18772278024665,
            570.6592678648092,
            465.769256177348,
            148.8220413782851,
            619.315751454781,
            347.932464711185,
            113.2651755836718,
            223.88613177238113,
            334.69090217691905,
            185.15398996510984,
            271.0073799733136,
            326.46592471496933,
            374.9266594948938,
            217.45114393812693,
            360.30265055922087,
            208.65521800328884,
            194.5507645834372,
            196.38991827484426,
            322.0558957696629,
            532.1888762460186,
            543.2025404947955,
            196.88829320200833,
            339.43629741086914,
            128.40560735419615,
            498.1425498790482,
            405.90762495917716,
            375.82575749940287,
            429.16197408437756,
            52.15361924162119,
            451.0543204537565,
            211.51832071950648,
            587.2350466380561,
            460.2021295039822,
            375.5862084794914,
            501.8724937670922,
            268.30206857197356,
            685.6391179038723,
            67.67569726275453,
            396.13760235554514,
            492.06198796493106,
            447.0346742703523,
            620.8679408698762,
            336.2647766269908,
            627.0510346056371,
            230.37577997697585,
            544.8522735567872,
            339.99117635609315,
            480.160389869885,
            609.3808333054134,
            494.506825028735,
            137.43725841270265,
            418.20808217919466,
            351.2620104708165,
            498.72738043945407,
            274.5359721420856,
            480.47996836496736,
            190.23406634985227,
            490.8003667480293,
            479.3172227241579,
            616.1436520812334,
            672.8097799526995,
            555.0081080488825,
            360.86701151532264,
            434.2464737910948,
            129.84991336154212,
            30.14962686336267
        ],
        [
            352.115038020247,
            717.1366675885427,
            922.6250592738091,
            306.6023483276017,
            0,
            323.1857051294194,
            733.9005382202686,
            862.4668109556449,
            716.6393793254736,
            259.5168587972658,
            863.8639939249696,
            608.9219982887793,
            193.5355264544471,
            89.05054744357274,
            611.1472817578427,
            374.5410524895769,
            195.18196638009363,
            588.9626473724798,
            285.0982286861846,
            127.00393694685216,
            592.8110997611296,
            348.4020665839971,
            392.5366224952775,
            254.4720023892609,
            117.98728745080972,
            835.9246377515141,
            296.5569085352759,
            328.0243893371345,
            577.0060658260015,
            428.99999999999994,
            803.8737463059732,
            492.6865129065337,
            104.9952379872535,
            582.4851929448507,
            328.82366094914767,
            747.1177952639061,
            259.13895886184304,
            890.2763615866704,
            652.3289047712051,
            668.3846198110786,
            808.0006188116442,
            468.0010683748489,
            688.9412166505934,
            363.8529922922168,
            686.7080893654886,
            333.1816321467917,
            733.4500664666955,
            856.4484806455085,
            503.10734441071327,
            700.7025046337426,
            535.6155337553234,
            801.6264716187958,
            632.3962365479415,
            744.186132630809,
            771.5244649393821,
            725.6721022610695,
            379.5813483299727,
            724.4784330813444,
            585.3904679784255,
            467.89956187198976,
            289.3527259246057,
            212.94130646729866,
            147.09180806557515,
            717.5081881065887,
            464.0043103248072,
            532.7438408841533,
            940.0776563667492,
            707.3704828447395,
            561.6903061296322,
            142.3411395205195,
            404.40079129497263,
            334.71181634355247
        ],
        [
            375.2545802518605,
            424.01179228884655,
            601.3401699537459,
            45.01110973970759,
            323.1857051294194,
            0,
            503.8223893397355,
            542.9051482533574,
            487.89035653515435,
            124.8118584109699,
            579.6774965444148,
            369.46041736564956,
            132.30646242719968,
            246.29453911932356,
            299.93332592427936,
            227.05946357727527,
            309.594896598765,
            348.0833233580719,
            354.2654372077524,
            220.19309707617995,
            389.0347028222547,
            168.94081803992782,
            235.0914715594762,
            239.88538930080756,
            352.24139450098704,
            512.8908265898309,
            574.8782479795178,
            159.40200751558933,
            297.1548417912789,
            106.25441167311595,
            490.5547879697028,
            364.38578457453576,
            400.9401451588504,
            468.24993326214155,
            7.615773105863909,
            425.3187040326348,
            186.6815470259447,
            567.1128635465783,
            415.60076997041284,
            382.4983660095818,
            486.9517429889742,
            305.63376776789573,
            647.0680026086903,
            91.96738552334736,
            367.23970373585695,
            475.54284770144534,
            416.5309112178831,
            580.0698233833579,
            375.6860391337426,
            584.2028757204127,
            227.31695933211847,
            506.8589547398763,
            347.84479297525786,
            443.26515766525125,
            564.4191704752772,
            452.642242836437,
            174.54225849346628,
            404.06435131053075,
            379.8644495079791,
            466.0482807606954,
            246.91699009991194,
            508.35519078691425,
            221.46105752479372,
            518.251869268216,
            445.4581910797017,
            586.9284453832512,
            637.4519589741645,
            510.0039215535504,
            395.4099138868422,
            456.8851059073824,
            157.72444325468388,
            56.080299571239806
        ],
        [
            878.6472557289416,
            204.12006270820123,
            592.1325865040701,
            482.18772278024665,
            733.9005382202686,
            503.8223893397355,
            0,
            580.3111234501713,
            17.26267650163207,
            627.8574679017523,
            779.0924207050149,
            134.46189051177288,
            571.9947552207101,
            646.0495337046533,
            534.3865642023571,
            359.9236030048599,
            581.0008605845607,
            155.91343752223537,
            856.5961708996837,
            686.5711907733969,
            144.003472180361,
            658.2902095580641,
            341.8259791180302,
            488.40352169082485,
            681.4961481916093,
            462.70941205037104,
            843.3670612491336,
            655.0190836914601,
            625.7555433234292,
            443.6541445766059,
            324.96922931256125,
            829.1646398635195,
            753.9084825096478,
            259.37039152532424,
            505.07920170998926,
            492.9147999401113,
            690.3050050521147,
            502.0697162745428,
            767.5968994205227,
            187.92551716038992,
            402.3046109604015,
            272.04595200076034,
            1119.6758459482814,
            415.41906552299696,
            501.8625309783546,
            974.032853655358,
            541.8791378158048,
            801.3401275363665,
            270.93357119412127,
            1021.141518106085,
            325.0384592629002,
            697.1950946471153,
            200.35218990567586,
            637.8691088303306,
            917.1804620683979,
            724.939997517036,
            361.13709308239163,
            368.5715669988666,
            150.21318184500322,
            962.9724814344385,
            750.5364747965285,
            822.5825186569431,
            586.8372857956454,
            77.82030583337487,
            940.1755155288826,
            1088.2251605251552,
            752.0664864225769,
            886.9143137868506,
            197.18519214180358,
            816.5886357279287,
            352.86541343690794,
            454.3676925134532
        ],
        [
            754.5077865734721,
            376.8978641488964,
            66.27216610312357,
            570.6592678648092,
            862.4668109556449,
            542.9051482533574,
            580.3111234501713,
            0,
            578.1219594514638,
            614.7584891646475,
            240.5077961314352,
            529.4988196398552,
            675.148131894031,
            789.1241980829127,
            256.4566240127168,
            646.8029066106615,
            833.8111296930498,
            525.0904683956851,
            781.3488337484096,
            746.0113940148635,
            601.5064421932653,
            555.0900827793629,
            638.192760848946,
            742.216275757949,
            892.7015178658543,
            123.93950137062842,
            1113.4293870740073,
            570.165765370037,
            332.067764168701,
            442.2894979535463,
            264.51843035977663,
            586.5330340228077,
            943.8394990675056,
            764.0732949135181,
            536.4513025429243,
            121.82774724995943,
            646.5786881733732,
            115.52056094046635,
            389.7819903484511,
            406.60668956621953,
            181.59295140505864,
            644.4423946327554,
            813.7573348363749,
            537.4085968795066,
            175.86642658563343,
            902.8826058796348,
            131.1030129325791,
            272.8094573140748,
            707.2213232079473,
            665.5321179327111,
            389.6832046675864,
            185.82787734890587,
            415.55023763679884,
            177.34147850968202,
            477.0,
            281.5190934910099,
            587.8919968837813,
            219.49487465542333,
            596.443626841632,
            769.3744212020569,
            668.7077089431526,
            1050.6003045878103,
            760.8843538935466,
            652.1571896406572,
            742.2971103271251,
            896.5071109589705,
            174.42763542512407,
            485.64390246352315,
            663.1297007373444,
            999.3127638532393,
            541.7757838811181,
            549.4879434528114
        ],
        [
            862.8817995531023,
            201.2486024796197,
            591.8555567028159,
            465.769256177348,
            716.6393793254736,
            487.89035653515435,
            17.26267650163207,
            578.1219594514638,
            0,
            611.7556701821406,
            773.4474772083751,
            118.43141475132347,
            555.0099098214374,
            628.7972646250936,
            524.8475969269556,
            342.6674773012461,
            564.0035460881429,
            139.81773850266637,
            840.336242226884,
            669.5924133381442,
            127.0157470552372,
            643.2573357529628,
            324.56894491001447,
            471.2281825188303,
            664.3982239590953,
            461.88526713892924,
            827.1070063782556,
            639.7280672285686,
            614.846322262726,
            429.26099287030496,
            325.7253444237952,
            815.4164580139402,
            736.7849075544368,
            247.4206943648813,
            489.24942514018346,
            488.07888706642495,
            674.264784784138,
            502.6370459884548,
            757.137371947786,
            180.8258831030558,
            401.5084058895903,
            255.00784301664137,
            1106.0216996062961,
            399.1453369388148,
            494.84138872976257,
            957.489425529076,
            535.9449598606185,
            795.1477850060327,
            255.36052944807267,
            1008.8111815399351,
            312.47399891831,
            691.1475963931293,
            190.53870997778904,
            631.0507111159926,
            907.4150097943058,
            716.57239690069,
            344.08429199834154,
            364.3967617858315,
            133.09395177843356,
            947.8871240817654,
            734.7006193001337,
            805.8113923245315,
            569.5752803624821,
            74.95331880577405,
            925.2242971301607,
            1072.800074571213,
            749.0327095661443,
            876.2562410619396,
            181.6039647144302,
            799.4904627323581,
            336.3093813737583,
            438.09131468222466
        ],
        [
            253.71243564319033,
            544.9293532192958,
            677.548522247669,
            148.8220413782851,
            259.5168587972658,
            124.8118584109699,
            627.8574679017523,
            614.7584891646475,
            611.7556701821406,
            0,
            604.4667071063551,
            493.40145926010393,
            125.01599897613106,
            209.7450833750341,
            359.14620978091915,
            325.3459696999488,
            323.736003558455,
            471.96610047756604,
            229.4558781116753,
            134.46560898608982,
            508.9852650126524,
            97.12363255150623,
            337.4048013884805,
            289.7050223934683,
            328.29864452964165,
            604.9504111908677,
            545.3888521046246,
            77.12976079309465,
            317.5295261861486,
            214.93254755853056,
            601.0074874741579,
            284.38178563332775,
            356.40005611671836,
            571.9930069502598,
            124.78781991845197,
            505.3889591196072,
            62.80127387243033,
            656.6559220779175,
            400.2624139236658,
            505.3602675319855,
            587.2035422236484,
            414.46109588235174,
            548.2089017883603,
            213.01643129110954,
            441.2131004401388,
            351.33032889290956,
            483.93801255945993,
            597.7064496891429,
            479.1763767132099,
            508.55186559484764,
            346.1574786134195,
            542.4573715970685,
            471.2218161333365,
            486.2447943166076,
            532.4556319544381,
            466.8372307346534,
            285.0350855596553,
            507.0009861923347,
            499.91699310985615,
            352.20022714359516,
            125.86500705120547,
            467.6034644867379,
            218.3323155192561,
            639.2878850721324,
            334.2110111890391,
            467.4622979449786,
            681.7191503837926,
            471.2472811592657,
            508.6698339787804,
            401.75863400803223,
            277.80028797681257,
            174.25555945220225
        ],
        [
            660.7889224253082,
            577.4703455589733,
            282.45353600194136,
            619.315751454781,
            863.8639939249696,
            579.6774965444148,
            779.0924207050149,
            240.5077961314352,
            773.4474772083751,
            604.4667071063551,
            0,
            700.1606958406048,
            700.6261485271585,
            808.0575474556252,
            294.7575274696136,
            749.5665414091001,
            889.2631781424438,
            690.0115941054904,
            706.1402127056637,
            737.6103307302576,
            767.1101615804604,
            518.6607754592591,
            746.2827882244103,
            813.0787169764069,
            923.6146382555877,
            357.24641355792505,
            1145.5291353780576,
            538.275951534155,
            288.1405906844782,
            504.76925421423994,
            488.72282533149604,
            465.4728778350034,
            959.8150863577838,
            919.6629817492927,
            572.1258602790124,
            287.40563668793976,
            613.3742739959021,
            355.9508393022834,
            243.8237068047322,
            593.020235742424,
            407.0626487409524,
            775.918810185705,
            628.589691293136,
            611.7025420905164,
            283.00706704957037,
            812.7957923119435,
            237.65521244020718,
            34.48187929913334,
            847.189471133819,
            471.7043565624553,
            515.50460715691,
            84.09518416651454,
            590.4252704618934,
            150.7647173578752,
            262.90872941003687,
            140.60227594174998,
            685.2919086053768,
            412.56514637084894,
            760.2374629022172,
            640.3569317185534,
            611.9297345284015,
            1070.9159630895415,
            797.393880086874,
            843.595282111037,
            615.1040562376418,
            753.7751654173809,
            122.05326705991936,
            293.20641193534635,
            819.2002197265331,
            1006.177916672792,
            640.5973774532642,
            608.2474825266439
        ],
        [
            744.4709530935374,
            174.28998823799375,
            555.6302727533841,
            347.932464711185,
            608.9219982887793,
            369.46041736564956,
            134.46189051177288,
            529.4988196398552,
            118.43141475132347,
            493.40145926010393,
            700.1606958406048,
            0,
            440.32033793591677,
            520.203806214449,
            431.7140257160983,
            240.46829312822098,
            469.8020859894089,
            21.470910553583888,
            722.1558003644365,
            554.6927077220323,
            72.61542535852833,
            525.7699116533771,
            222.64994947226015,
            372.2928954465825,
            566.5589113234387,
            425.69942447694245,
            745.0449650860006,
            521.7911459578439,
            513.4685968976097,
            313.7467131301936,
            307.7092783781471,
            701.2631460443362,
            637.75387101922,
            236.78048906107108,
            370.82745313690026,
            424.4490546579177,
            555.8713880026567,
            474.4955215805519,
            657.1795797192727,
            128.0156240464421,
            368.11003789627904,
            168.24089871371945,
            991.9324573780212,
            281.0071173475861,
            417.20258867845,
            839.9357118256136,
            464.1820763450481,
            718.4107460220789,
            200.2123872291622,
            899.6499319179655,
            206.42189806316574,
            616.2929498217547,
            114.00438588054409,
            552.308790442448,
            810.3061149960549,
            627.9761141954366,
            231.04112188093268,
            310.0403199585499,
            68.96375859826668,
            830.2120211126793,
            616.2734782545814,
            714.9727267525664,
            462.64673348030897,
            160.5241414865689,
            807.7982421372308,
            954.6318662185964,
            692.1647202797901,
            774.8451458194728,
            138.97481786280562,
            700.9771750920282,
            219.02054698132775,
            319.95312156626943
        ],
        [
            350.01857093588626,
            530.0462243993443,
            733.6245633837515,
            113.2651755836718,
            193.5355264544471,
            132.30646242719968,
            571.9947552207101,
            675.148131894031,
            555.0099098214374,
            125.01599897613106,
            700.6261485271585,
            440.32033793591677,
            0,
            113.99122773266372,
            429.6382199013491,
            231.29418496797535,
            200.87807247183548,
            419.24336607750877,
            306.360898288277,
            114.58621208504974,
            439.1639784863964,
            219.5449840010015,
            246.8136949198727,
            167.63054614240212,
            223.55536227073597,
            643.2246885809033,
            446.37428241331287,
            200.63897926375125,
            413.2698876037304,
            236.57768280207665,
            611.2977997670203,
            409.1014544095388,
            268.80476186258306,
            473.28743908960865,
            138.69751259485514,
            557.574210307471,
            171.09354166653983,
            697.8825116020604,
            514.1643706053542,
            483.2990792459675,
            614.4989829120956,
            327.2445568684069,
            665.4201680141653,
            174.07182425654074,
            499.4076491204355,
            410.3583799558625,
            548.252678972023,
            697.9398254864097,
            382.5976999408125,
            633.043442427137,
            343.2841388704115,
            631.4847583275467,
            447.362269307549,
            569.8885856024842,
            652.7066722502536,
            568.0070422098655,
            211.15397225721327,
            530.9510335238082,
            430.6855001041944,
            459.36695571187965,
            232.54461937443318,
            377.04111181673545,
            98.48857801796105,
            569.4716849853029,
            444.76060976664735,
            562.8001421463928,
            765.3456735358213,
            592.8684508388012,
            424.53739529045026,
            324.64904127380385,
            223.97321268401723,
            142.04224723651762
        ],
        [
            368.2784272802305,
            628.9077833832239,
            847.5806746263154,
            223.88613177238113,
            89.05054744357274,
            246.29453911932356,
            646.0495337046533,
            789.1241980829127,
            628.7972646250936,
            209.7450833750341,
            808.0575474556252,
            520.203806214449,
            113.99122773266372,
            0,
            542.543085846645,
            287.64040050034697,
            142.44297104455524,
            500.144978981095,
            308.8122406900348,
            104.6900186264192,
            505.7993673384734,
            305.9444394003591,
            305.4914074078025,
            174.45343218177163,
            118.59595271340419,
            755.9100475585702,
            337.61516553614706,
            285.4645336990219,
            519.9249945905659,
            349.9614264458299,
            718.2346413255211,
            475.46398391466,
            155.08062419270823,
            505.05940244688054,
            252.67568145747623,
            671.5094936037763,
            230.05434140654683,
            810.8082387346591,
            610.0008196715804,
            579.827560572969,
            725.521191971675,
            382.41469637031474,
            702.2150667708576,
            277.46170906991836,
            613.3596008867881,
            384.1874542459709,
            662.0007552865782,
            803.5185125434261,
            422.02961981358607,
            693.785269373745,
            450.1310920165369,
            741.2887426637478,
            543.8648729234129,
            680.961819781403,
            740.08107663958,
            672.8461934201605,
            290.55808369412125,
            641.7889061054266,
            498.19674828324605,
            484.58642160093586,
            277.02887936097926,
            264.4730610100015,
            61.26989472816157,
            631.8385869824666,
            475.783564239035,
            567.6424931239732,
            876.8169706386847,
            677.7086394609413,
            477.4620403759863,
            210.86725682286476,
            315.69922394583114,
            250.58731013361393
        ],
        [
            510.0039215535504,
            354.2005081871002,
            320.6649341602539,
            334.69090217691905,
            611.1472817578427,
            299.93332592427936,
            534.3865642023571,
            256.4566240127168,
            524.8475969269556,
            359.14620978091915,
            294.7575274696136,
            431.7140257160983,
            429.6382199013491,
            542.543085846645,
            0,
            454.80985037705585,
            605.4064750231864,
            417.7391530608544,
            530.1245136757967,
            491.7082468293571,
            491.9064951797242,
            299.7749155616594,
            451.6857314549576,
            523.2485069257245,
            651.9524522539969,
            271.346641770264,
            874.7393897613163,
            314.16715296160413,
            106.85036265731624,
            212.7204738618265,
            328.2499047981583,
            366.51466546374377,
            697.5593164742336,
            635.0385815050925,
            292.796857906638,
            158.01265772082942,
            390.24351371931857,
            315.0571376750573,
            236.44872594285638,
            349.00573061197724,
            277.01624501101014,
            484.7968646763302,
            634.5179272487106,
            318.86360720533787,
            91.02197536858888,
            654.1505942823869,
            125.35549449465708,
            303.7844630655096,
            557.584074378026,
            509.1571466649565,
            230.9567058996123,
            214.55535416297585,
            334.3112322372672,
            147.58048651498612,
            382.85898187191583,
            197.34487578855445,
            390.5444917035702,
            221.3504009483606,
            484.08780195332344,
            542.7605365167957,
            415.01807189567063,
            806.625687664359,
            521.3914076775719,
            587.2350466380561,
            515.7567255984162,
            674.2588523705122,
            338.1198012539342,
            356.20218977429096,
            536.7839416376015,
            750.434540782872,
            345.88003700705247,
            319.507433403356
        ],
        [
            574.4318932649892,
            380.26569658595287,
            691.7875396391584,
            185.15398996510984,
            374.5410524895769,
            227.05946357727527,
            359.9236030048599,
            646.8029066106615,
            342.6674773012461,
            325.3459696999488,
            749.5665414091001,
            240.46829312822098,
            231.29418496797535,
            287.64040050034697,
            454.80985037705585,
            0,
