{
    "depot": [
        163,
        750
    ],
    "final_destination": [
        54,
        146
    ],
    "requests": [
        [
            [
                643,
                370
            ],
            [
                981,
                201
            ]
        ],
        [
            [
                794,
                552
            ],
            [
                833,
                646
            ]
        ],
        [
            [
                824,
                749
            ],
            [
                499,
                638
            ]
        ],
        [
            [
                432,
                768
            ],
            [
                358,
                943
            ]
        ],
        [
            [
                152,
                111
            ],
            [
                80,
                412
            ]
        ],
        [
            [
                70,
                912
            ],
            [
                626,
                555
            ]
        ],
        [
            [
                338,
                974
            ],
            [
                678,
                892
            ]
        ],
        [
            [
                93,
                192
            ],
            [
                300,
                629
            ]
        ],
        [
            [
                628,
                952
            ],
            [
                420,
                103
            ]
        ],
        [
            [
                157,
                42
            ],
            [
                246,
                524
            ]
        ],
        [
            [
                305,
                671
            ],
            [
                193,
                670
            ]
        ],
        [
            [
                813,
                16
            ],
            [
                520,
                323
            ]
        ],
        [
            [
                198,
                87
            ],
            [
                257,
                456
            ]
        ],
        [
            [
                4,
                370
            ],
            [
                890,
                506
            ]
        ],
        [
            [
                160,
                955
            ],
            [
                423,
                91
            ]
        ],
        [
            [
                860,
                24
            ],
            [
                727,
                530
            ]
        ],
        [
            [
                976,
                42
            ],
            [
                378,
                332
            ]
        ],
        [
            [
                253,
                337
            ],
            [
                533,
                239
            ]
        ],
        [
            [
                143,
                884
            ],
            [
                172,
                65
            ]
        ],
        [
            [
                373,
                494
            ],
            [
                366,
                213
            ]
        ],
        [
            [
                165,
                496
            ],
            [
                496,
                405
            ]
        ],
        [
            [
                430,
                139
            ],
            [
                994,
                473
            ]
        ],
        [
            [
                501,
                814
            ],
            [
                185,
                0
            ]
        ],
        [
            [
                887,
                733
            ],
            [
                623,
                298
            ]
        ],
        [
            [
                436,
                161
            ],
            [
                676,
                164
            ]
        ],
        [
            [
                422,
                502
            ],
            [
                24,
                636
            ]
        ],
        [
            [
                867,
                40
            ],
            [
                118,
                923
            ]
        ],
        [
            [
                40,
                107
            ],
            [
                368,
                657
            ]
        ],
        [
            [
                525,
                657
            ],
            [
                897,
                403
            ]
        ],
        [
            [
                935,
                824
            ],
            [
                709,
                694
            ]
        ],
        [
            [
                451,
                115
            ],
            [
                323,
                739
            ]
        ],
        [
            [
                147,
                361
            ],
            [
                696,
                673
            ]
        ],
        [
            [
                294,
                558
            ],
            [
                205,
                868
            ]
        ],
        [
            [
                758,
                531
            ],
            [
                17,
                92
            ]
        ],
        [
            [
                216,
                170
            ],
            [
                492,
                134
            ]
        ]
    ],
    "travel_costs": [
        [
            0,
            612.2091146005587,
            661.3357694847602,
            661.0007564292192,
            269.60155785900054,
            639.094672173067,
            186.79668091269716,
            284.25516705945734,
            562.3735413406288,
            506.98027575044773,
            708.0254232723568,
            162.49615380063614,
            980.4366374223272,
            663.9231883282885,
            411.92353659386833,
            205.0219500443794,
            1006.4218797303644,
            1078.0691072468408,
            422.6925596695546,
            135.4843164355196,
            331.11327366929885,
            254.00787389370433,
            666.7908217724655,
            344.00581390435826,
            724.1995581329775,
            649.1918052471088,
            358.5875067539303,
            999.8579899165682,
            654.6586897002131,
            373.755267521409,
            775.5385225764094,
            697.2582018162282,
            389.3289097922218,
            232.43278598338918,
            634.0236588645569,
            582.4165176229121,
            985.1522724939531,
            678.023598409377,
            354.1750979388585,
            274.3610759564848,
            348.0416641725527,
            502.3882960420157,
            534.2181202467771,
            182.78402556022232,
            696.1738288674748,
            240.75921581530372,
            85.44003745317531,
            556.5770386927582,
            308.66162702869303,
            766.8539626291305,
            708.4356004606205,
            605.3891310553898,
            470.0521247691579,
            630.8890552228656,
            685.0591215362364,
            574.0888432986658,
            479.4934827502872,
            875.9509118666411,
            750.3225972873269,
            644.906194729125,
            778.8228296602508,
            179.76929659983654,
            178.7568180517879,
            225.10886255321,
            811.8897708433085,
            548.8642819495544,
            160.37767924496225,
            538.5331930345612,
            125.2517464948094,
            674.0029673525185,
            698.3530625693568,
            613.7564663610478
        ],
        [
            612.2091146005587,
            0,
            236.48467180770936,
            420.0023809456323,
            450.4719747109691,
            555.1234097027435,
            788.7287239602726,
            676.639490423076,
            578.0864987179688,
            582.1932668796505,
            586.3275535057174,
            452.59805567412684,
            392.7034504559388,
            527.3651486399154,
            639.0,
            758.6263902607132,
            408.41767836370644,
            467.4109540864441,
            391.39366371978997,
            717.0746125752884,
            297.112773202365,
            494.32782644718674,
            314.2133033466279,
            466.1544808322666,
            437.3842704076131,
            294.15982050579237,
            257.41989045137905,
            398.84332763630385,
            657.858647431194,
            310.3111341863196,
            539.7962578603153,
            319.20056390927635,
            496.08164650589526,
            396.41518638921997,
            197.8534811419804,
            471.5177621256701,
            377.8954881974645,
            335.0761107569443,
            304.23674991690274,
            639.9640614909559,
            564.5644338780118,
            185.77943912069497,
            523.1720558286728,
            429.802280124245,
            347.8764148372235,
            425.8227330709341,
            540.8326913195984,
            131.67383946707108,
            395.4642841016114,
            281.966310044303,
            355.30409510727566,
            180.7097119692243,
            267.7106647109898,
            171.05846953600397,
            561.12921862972,
            318.39912060180063,
            151.10923201446033,
            365.80049207183964,
            588.7817931967666,
            74.72616676907762,
            208.62646045025062,
            673.7336268882532,
            762.5181965041884,
            397.48459089630126,
            256.1347301714471,
            330.65389760291646,
            488.4270672270324,
            307.60039011678776,
            663.2103738633767,
            684.9525531013078,
            280.17316074170986,
            630.1563298103099
        ],
        [
            661.3357694847602,
            236.48467180770936,
            0,
            199.27117202445515,
            421.54477816715985,
            778.8741875296678,
            808.5641594827216,
            621.3050780413757,
            788.0361666827228,
            433.0773602949016,
            816.0079656473949,
            503.27129860543414,
            536.3366480113027,
            755.9371667010427,
            810.6935302566562,
            751.2423044530973,
            532.1090113877042,
            541.5016158793989,
            582.1563363908358,
            730.770141699837,
            424.976469936866,
            631.487925458595,
            550.5133967488894,
            393.0559756574119,
            203.49447166937975,
            530.1367748043895,
            375.3451744727778,
            517.1779190955468,
            875.5232721064586,
            288.7663415289254,
            306.3739545065801,
            555.533977358721,
            674.6035873014611,
            500.03599870409334,
            41.677331968349414,
            692.8260965061867,
            397.70592150482247,
            101.76934705499491,
            307.28000260348864,
            585.6423823460866,
            727.596041770432,
            168.02678357928534,
            359.2436499090833,
            499.96499877491425,
            584.3603340405643,
            548.714862200761,
            612.4744892646551,
            357.0952253951318,
            545.5135195391587,
            106.45186705737011,
            591.7448774598729,
            70.51950084905593,
            470.59111763823165,
            407.54140893901814,
            789.9702526044888,
            545.9899266470032,
            332.2845166419886,
            215.03720608304042,
            821.9397788159422,
            306.1976485866604,
            405.5465448009636,
            774.5682668428909,
            771.1141290366816,
            438.74935897389065,
            181.1353085403285,
            165.4962235218677,
            506.76424498971903,
            155.7080601638849,
            668.4137939929128,
            902.9557021249714,
            515.6820725989998,
            844.0592396271721
        ],
        [
            661.0007564292192,
            420.0023809456323,
            199.27117202445515,
            0,
            392.46018906380806,
            926.6218214568444,
            771.4175263759568,
            535.5567196852262,
            919.0266590257326,
            282.17902119044925,
            971.9763371605297,
            524.8285434310905,
            733.0825328706176,
            911.109214090166,
            903.3498768472823,
            695.2208282265426,
            725.8932428394688,
            723.1548935048424,
            704.1200181787193,
            694.2521155891425,
            518.0984462435687,
            705.8965929936197,
            726.179041283897,
            329.47534050365584,
            65.0,
            704.4771110547169,
            471.8188211591395,
            710.302752352826,
            1013.321271858042,
            312.8338217009152,
            133.96268137059664,
            735.5848013655528,
            780.3031462194676,
            563.3657781583827,
            227.771815640127,
            839.5862076046748,
            570.0464893322298,
            103.39245620450265,
            343.432671713103,
            504.76925421423994,
            816.7649600711333,
            277.2002886001384,
            204.36486977951958,
            537.5648798052194,
            761.9265056421124,
            620.2491434899366,
            635.9260963351009,
            523.3469212673368,
            638.2303659338061,
            251.80349481291955,
            770.5614835949174,
            239.52035404115452,
            610.5775953963591,
            587.1805514490411,
            944.9656078397774,
            705.0248222580536,
            475.31042488041436,
            324.154284253656,
            984.5415176619013,
            493.7631010920115,
            603.4310233986979,
            807.941210732563,
            727.1258488047306,
            465.1881339845203,
            353.61702447704636,
            127.47548783981962,
            501.09979046094196,
            148.86235252742716,
            630.3348316569536,
            1040.6238513507174,
            698.8912647901675,
            978.0127811025784
        ],
        [
            269.60155785900054,
            450.4719747109691,
            421.54477816715985,
            392.46018906380806,
            0,
            714.1771488923459,
            389.58952757999026,
            226.4332131115045,
            668.3539481442449,
            268.83452159274486,
            776.3381994981311,
            159.80613254815975,
            843.0094898635483,
            720.0812454160989,
            584.455301969278,
            330.0802932621092,
            858.3239481687551,
            907.2000881834173,
            466.6926183260241,
            311.41130358418275,
            280.28021692584724,
            381.1469532870491,
            629.0031796422018,
            82.92767933567175,
            456.3441683641854,
            607.0131794285854,
            266.1879035568671,
            848.0619081175619,
            768.4952830043916,
            144.81022063376602,
            506.10769604897337,
            653.276358059895,
            496.86416654856487,
            251.2846990964631,
            403.04466253754066,
            635.8144383387341,
            789.2338056621752,
            419.1479452412954,
            146.24978632463024,
            190.0026315607234,
            500.6395909234506,
            288.10588331375675,
            275.4850268163408,
            191.68985366993215,
            665.108261864187,
            306.8093870793395,
            258.31182706178976,
            453.61768043143996,
            357.72754995946286,
            527.6438192568924,
            677.0598201045459,
            379.0369375140107,
            439.33131006109727,
            538.555475322645,
            749.539191770517,
            558.9105474045019,
            368.59869777306596,
            634.7196231408008,
            806.7422140932008,
            507.3273105205356,
            651.4230576207754,
            428.8216412449353,
            350.17281447879424,
            128.1288414058287,
            591.1429607125505,
            286.7141433553636,
            112.79184367674819,
            280.57262874343246,
            248.05039810490123,
            793.2219109429592,
            636.8327881006128,
            727.8516332330374
        ],
        [
            639.094672173067,
            555.1234097027435,
            778.8741875296678,
            926.6218214568444,
            714.1771488923459,
            0,
            805.1863138429516,
            882.8165154775934,
            100.20977996183805,
            966.3627683225384,
            69.1809222257119,
            580.5247626070743,
            667.7918837482229,
            51.88448708429139,
            298.30353668704635,
            844.0379138403678,
            713.3253114813745,
            826.8839096269802,
            247.54191564258366,
            773.0523914974974,
            442.18774293279546,
            385.2194179944724,
            279.4065138825507,
            784.8630453779818,
            962.8649957288924,
            288.367820673528,
            475.16418215181164,
            718.5165272977373,
            112.07140580897519,
            661.2450377885644,
            1058.9891406430945,
            299.02675465583343,
            250.04999500099973,
            469.0127930024937,
            737.3167568962474,
            87.04596486914255,
            833.871093155291,
            866.0173208429494,
            630.9817746971778,
            857.1230950102793,
            309.4915184621382,
            649.4705536050114,
            941.6140398273594,
            538.7281318067584,
            268.1193763979023,
            423.5622740518801,
            560.5015611039812,
            424.69753943247656,
            360.6244584051392,
            837.0597350249265,
            271.7370052090808,
            711.4674975007644,
            316.09650425147066,
            401.9266102163429,
            50.159744815937806,
            237.06539182259397,
            452.51740298026107,
            916.5195033385814,
            115.80155439371269,
            506.76424498971903,
            526.6735231621199,
            540.3785710036992,
            812.7115109311544,
            587.1728876574599,
            800.1806046137335,
            806.31135425467,
            650.8648093114268,
            782.1636657375489,
            758.8530819598745,
            136.33048081775405,
            340.77705321808276,
            104.06248123122954
        ],
        [
            186.79668091269716,
            788.7287239602726,
            808.5641594827216,
            771.4175263759568,
            389.58952757999026,
            805.1863138429516,
            0,
            275.0781707078917,
            720.3672674407131,
            559.4318546525573,
            874.3391790375174,
            336.60956611480907,
            1163.986683772628,
            834.870648663612,
            546.0036629913758,
            99.74467404327912,
            1188.5470121118474,
            1256.0796153110678,
            603.4185943439264,
            78.18567643756752,
            516.2683410785519,
            426.7095030579938,
            852.7185936755454,
            442.0011312202719,
            836.3791006475474,
            835.4382083673214,
            540.3739445976277,
            1181.352191346848,
            805.5588122539534,
            521.5841255253077,
            869.4647778949991,
            883.3855330488495,
            556.3542037227722,
            418.9176530059339,
            786.4508884857338,
            756.2274790035073,
            1155.6132571063729,
            808.0377466430637,
            509.03536222938385,
            289.66359798911566,
            500.09999000199946,
            660.7457907546593,
            608.32885843103,
            364.67656903069604,
            881.4652573981576,
            426.0516400625633,
            271.46454648811874,
            741.2293841989806,
            492.85393373696434,
            915.0060109092179,
            893.6721994109472,
            759.982236634515,
            656.7069361595018,
            816.8831005719239,
            853.1195695797863,
            759.089586280829,
            662.2122016393234,
            1022.9843596067343,
            919.2219536107698,
            826.3201558718025,
            962.6733610108884,
            279.8070763937181,
            49.244289008980516,
            392.21040271772495,
            971.0870197876193,
            675.1629432959128,
            306.49306680575995,
            670.0723841496529,
            141.98943622678416,
            821.7110197630309,
            885.0807872731167,
            766.1670836051364
        ],
        [
            284.25516705945734,
            676.639490423076,
            621.3050780413757,
            535.5567196852262,
            226.4332131115045,
            882.8165154775934,
            275.0781707078917,
            0,
            819.4809332742283,
            290.8332855778375,
            949.4129765281282,
            304.7917321713304,
            1069.2936921164362,
            897.980512037984,
            690.1970733058783,
            179.01117283566407,
            1083.9667891591512,
            1129.454735702144,
            642.6460923400997,
            214.76731594914529,
            481.2743500333256,
            508.3433878787054,
            840.0529745200596,
            228.40534144367115,
            599.5681779414247,
            818.8852178419147,
            479.4163117792301,
            1073.4043972334005,
            916.7840530899301,
            368.0461927530293,
            615.5558463697669,
            866.4006001844642,
            642.0669746996804,
            418.32045132888254,
            610.4498341387276,
            813.203541556479,
            1005.4740175658444,
            593.808891816214,
            372.5815347007954,
            36.89173349139343,
            618.3914617780553,
            508.4338698395299,
            349.7484810546001,
            347.0864445638867,
            874.8514159558754,
            459.30817541167283,
            336.8100354799423,
            675.9622770539788,
            524.2947644216945,
            723.6905415991009,
            887.0817324237942,
            590.3024648432361,
            643.2448989304152,
            760.4275113381946,
            924.0330080684348,
            761.5149374766066,
            590.5294234837077,
            825.4314023587908,
            985.9437103607893,
            733.6218371886158,
            877.6924290433408,
            461.34585724811706,
            225.83400983908513,
            318.4163940503064,
            799.0757160620012,
            464.8021084289528,
            235.4782367863323,
            467.72320874636955,
            170.07351351694948,
            938.5973577631678,
            854.0,
            875.3513580271638
        ],
        [
            562.3735413406288,
            578.0864987179688,
            788.0361666827228,
            919.0266590257326,
            668.3539481442449,
            100.20977996183805,
            720.3672674407131,
            819.4809332742283,
            0,
            929.4218633107357,
            163.08280105516954,
            523.817716386149,
            741.1990286016301,
            148.49242404917499,
            199.0100499974813,
            765.9360286603576,
            785.1834180623022,
            895.650043264667,
            215.92822881689185,
            693.8040069068498,
            411.8300620401575,
            312.4099870362662,
            341.1421990900569,
            743.8736451844493,
            960.7897792961788,
            344.39802554602426,
            452.04092735061056,
            788.7838740745148,
            100.16985574512923,
            634.7038679573334,
            1052.8000759878391,
            366.18711064154076,
            177.4175865014514,
            417.5607740197826,
            746.4221325764663,
            124.95199078045935,
            888.045606936941,
            868.1681864708013,
            603.1185621418064,
            796.3830736523724,
            220.38375620721234,
            644.8705296414157,
            912.263668025862,
            483.54730895745865,
            338.8952640566109,
            365.55847685425107,
            488.3482364051293,
            446.6430342006914,
            310.792535302893,
            856.6241883113038,
            345.1101273506763,
            718.4705978674424,
            317.5295261861486,
            442.5031073337226,
            149.56603892595405,
            273.80650101851126,
            455.82672146332095,
            943.8018859909107,
            212.90373411474022,
            540.4960684408352,
            583.6719969297825,
            449.3295004782125,
            731.4273716508018,
            540.2314318882233,
            831.2262026668794,
            794.6445746369882,
            593.3877315887144,
            771.3429846702438,
            685.2152946337377,
            125.60254774486066,
            403.19350193176473,
            60.307545133258415
        ],
        [
            506.98027575044773,
            582.1932668796505,
            433.0773602949016,
            282.17902119044925,
            268.83452159274486,
            966.3627683225384,
            559.4318546525573,
            290.8332855778375,
            929.4218633107357,
            0,
            1024.666287139379,
            428.12381386697007,
            954.1074362984497,
            965.9839543180829,
            853.2877591996736,
            468.00961528584,
            956.5605051432973,
            974.2710095245573,
            720.3124322125781,
            489.7438105785514,
            524.2032048738351,
            649.8499826883125,
            836.7634074217156,
            187.5446613476374,
            339.1784191248022,
            813.9686726158446,
            494.910092845155,
            942.7963725004461,
            1029.4508244690467,
            312.464397971993,
            332.6153935102824,
            855.5103739873643,
            761.9986876629118,
            516.5191187168197,
            440.61434384277595,
            883.8936587621838,
            829.8252828156058,
            368.32187010819763,
            339.46575674138325,
            270.1499583564654,
            769.3529749081367,
            397.0050377514119,
            78.10249675906655,
            460.34009167136423,
            874.1081168825742,
            573.6793529490145,
            518.4100693466514,
            638.2045126759916,
            619.4005166287803,
            517.2620225765661,
            885.068358941839,
            433.4570336261715,
            668.5057965343307,
            719.3010496308204,
            997.3489860625517,
            784.069512224522,
            562.7015194576961,
            602.8241866415116,
            1050.0252377919305,
            654.0191128705644,
            789.4605753297628,
            681.6685411547169,
            510.8238443925655,
            393.22385482063527,
            611.3607772829396,
            270.41634565979916,
            372.01344061740565,
            287.16719868397223,
            431.2597824977423,
            1054.9507097490387,
            829.228557154178,
            989.5008842845974
        ],
        [
            708.0254232723568,
            586.3275535057174,
            816.0079656473949,
            971.9763371605297,
            776.3381994981311,
            69.1809222257119,
            874.3391790375174,
            949.4129765281282,
            163.08280105516954,
            1024.666287139379,
            0,
            646.1772202732002,
            656.5150417164865,
            60.8769250208977,
            361.9295511560226,
            913.0049287928297,
            703.2304032107827,
            819.0,
            310.2273359973296,
            842.1163815055493,
            500.9590801652366,
            454.07047911089745,
            289.72055501810706,
            845.1745381872314,
            1005.1770988238839,
            303.3183146465112,
            530.8719242905958,
            710.0028168958205,
            133.843191832831,
            716.6931002877034,
            1103.0902048336754,
            302.9273840378251,
            319.15670132397344,
            533.8773267333986,
            774.8044914686543,
            140.9432509913121,
            839.2002144899631,
            906.5274402906952,
            687.1535490703661,
            923.1478754782463,
            377.9272416749023,
            695.0755354635926,
            996.9658971098258,
            604.1671954020676,
            269.9814808463721,
            490.1479368517223,
            629.0310008258735,
            459.05337380309055,
            425.9060929359898,
            867.5165704469281,
            270.4755072090632,
            750.3625790243007,
            364.6107513499842,
            424.4820373113567,
            27.459060435491963,
            270.04073766748604,
            496.6789707648191,
            941.4510077534571,
            50.47771785649585,
            531.6878783647413,
            533.1463213790375,
            608.7076473973364,
            881.8628011204464,
            650.189203232413,
            823.3595812280319,
            854.2880076414511,
            716.4949406660174,
            829.8686643077928,
            827.3934976781,
            148.66068747318505,
            347.40322393437856,
            146.37281168304446
        ],
        [
            162.49615380063614,
            452.59805567412684,
            503.27129860543414,
            524.8285434310905,
            159.80613254815975,
            580.5247626070743,
            336.60956611480907,
            304.7917321713304,
            523.817716386149,
            428.12381386697007,
            646.1772202732002,
            0,
            828.908318211369,
            593.7213150965695,
            425.67828227430164,
            318.874583496396,
            852.4282961047222,
            919.718435174592,
            338.02366781040644,
            267.6060537431842,
            189.61276328348782,
            224.10934831014973,
            546.4878772671907,
            242.62110378118388,
            585.2930889733791,
            526.5557900165945,
            205.54804791094466,
            844.9881655976017,
            623.1540740458975,
            220.44500447957535,
            648.3124246842721,
            574.8495455334378,
            347.9425239892359,
            113.53413583587978,
            474.1402746023586,
            508.8437874239992,
            823.3322537104932,
            528.5915247145002,
            196.78668654154427,
            277.1154993860863,
            343.0830803172899,
            341.3165685987131,
            433.5550714730483,
            42.29657196511321,
            579.5248053362341,
            158.39823231336894,
            112.0044641967453,
            409.0586754977823,
            220.29298672449835,
            607.8239876806442,
            591.8817449457281,
            444.9325791622816,
            346.770817687994,
            488.4751784891429,
            620.4232426336073,
            462.04437016373225,
            327.47060936823016,
            716.8856254661549,
            681.6458024516838,
            490.15609758524886,
            628.2435833337257,
            283.17132623201803,
            313.80407900471914,
            64.53681120105021,
            649.8369026148023,
            404.6541733381728,
            70.3420215802759,
            391.00511505605647,
            220.9275899474758,
            646.672250834996,
            568.6281737655988,
            581.9158014695939
        ],
        [
            980.4366374223272,
            392.7034504559388,
            536.3366480113027,
            733.0825328706176,
            843.0094898635483,
            667.7918837482229,
            1163.986683772628,
            1069.2936921164362,
            741.1990286016301,
            954.1074362984497,
            656.5150417164865,
            828.908318211369,
            0,
            619.084808406732,
            883.0611530352811,
            1143.7351091926837,
            47.67598976424087,
            165.0605949341029,
            645.4773427472105,
            1096.505357944046,
            649.6799211919666,
            806.4142855877492,
            402.2660810955853,
            856.8243694013377,
            720.8085737558897,
            403.9232600383395,
            623.7603706552701,
            59.09314681077663,
            778.3379728626891,
            702.7268317063181,
            817.1584913589286,
            375.2932186970609,
            750.05399805614,
            750.4165509901817,
            517.9285665031424,
            616.5427803486147,
            249.897979183506,
            630.3173803727769,
            696.7639485507269,
            1032.6441787953872,
            833.1296417725155,
            570.5173091151574,
            886.341356363337,
            799.3359744187673,
            402.5145960086416,
            761.2837841436004,
            901.1747888173526,
            424.3795471037689,
            709.0387859630811,
            496.01310466559244,
            397.1460688462118,
            521.1448934797309,
            537.6625335654327,
            357.9511139806664,
            642.870126853006,
            488.48541431653825,
            501.8067357060884,
            491.5384013482568,
            628.2037885909317,
            340.03529228596256,
            201.67548190099856,
            1003.4545331005288,
            1142.6609295849753,
            780.324291560887,
            396.01136347332255,
            685.9300255857007,
            873.4008243641632,
            667.3364968289985,
            1046.6938425346736,
            799.6199097071056,
            342.0014619851792,
            770.0525956063001
        ],
        [
            663.9231883282885,
            527.3651486399154,
            755.9371667010427,
            911.109214090166,
            720.0812454160989,
            51.88448708429139,
            834.870648663612,
            897.980512037984,
            148.49242404917499,
            965.9839543180829,
            60.8769250208977,
            593.7213150965695,
            619.084808406732,
            0,
            343.1107692859552,
            868.8313990642833,
            664.9909773824004,
            779.3003272166643,
            255.97851472340412,
            798.8954875326309,
            443.0282158057204,
            410.3291361821629,
            237.7561776274173,
            787.615388371761,
            944.4771040104678,
            249.23884127479008,
            471.59410513703415,
            670.6489394608777,
            159.26079241294764,
            657.136972023337,
            1042.275395468971,
            254.54469155729805,
            278.7059382216317,
            480.6838878098578,
            714.6579601459708,
            84.92938243034622,
            791.2553317355909,
            845.9940898138709,
            627.8550788199454,
            870.8248962908675,
            345.75858629974755,
            634.1987070311638,
            937.243298188896,
            551.514279053589,
            222.57582977493308,
            439.6282520493878,
            583.0214404290806,
            399.2242477605788,
            373.68703482994965,
            808.9653886292047,
            225.03555274667156,
            689.9927535851374,
            304.0148022712052,
            367.87090126836614,
            34.058772731852805,
            210.0,
            435.8072968641071,
            884.6536045255226,
            87.96590248499699,
            474.4955215805519,
            484.16216291651705,
            575.9140560882327,
            839.8190281245121,
            594.8108943185221,
            767.1095097833165,
            793.4544725439513,
            663.874235077699,
            769.0253571892151,
            781.0313694084252,
            181.06904760339359,
            297.73310195542587,
            155.61812233798477
        ],
        [
            411.92353659386833,
            639.0,
            810.6935302566562,
            903.3498768472823,
            584.455301969278,
            298.30353668704635,
            546.0036629913758,
            690.1970733058783,
            199.0100499974813,
            853.2877591996736,
            361.9295511560226,
            425.67828227430164,
            883.0611530352811,
            343.1107692859552,
            0,
            605.4428131541409,
            923.2832718077374,
            1025.8498915533403,
            251.17722826721376,
            532.4631442644645,
            389.27753595603224,
            204.4431461311433,
            484.59983491536605,
            666.4420454923293,
            954.7030952081386,
            479.90103146378004,
            438.346894593768,
            923.9420977528841,
            265.452443951831,
            594.8193002921139,
            1035.7977601829423,
            514.62024833852,
            143.28293687665675,
            345.60671289776764,
            770.9974059619137,
            291.4515397111499,
            991.5089510438119,
            873.7373747299587,
            562.8934179753749,
            673.5317364460267,
            86.83317338436964,
            648.9291178549472,
            852.5021994106526,
            393.315395071182,
            494.31265409657476,
            286.8449058289165,
            354.5715724645731,
            518.1360825111489,
            267.21714016881475,
            896.3771527655086,
            503.3905044793753,
            740.4924037422666,
            375.9255245391034,
            544.978898674068,
            348.2082710103251,
            394.5795230368651,
            493.24334764900783,
            995.3436592453885,
            411.8992595283463,
            623.1733306231903,
            702.865563248051,
            266.7508200549719,
            564.6281962495319,
            463.5353276720125,
            893.6095344164587,
            775.8872340746432,
            487.7724879490437,
            755.4290171816277,
            537.0335185069923,
            278.30379084734,
            542.0701061670899,
            229.51252689123527
        ],
        [
            205.0219500443794,
            758.6263902607132,
            751.2423044530973,
            695.2208282265426,
            330.0802932621092,
            844.0379138403678,
            99.74467404327912,
            179.01117283566407,
            765.9360286603576,
            468.00961528584,
            913.0049287928297,
            318.874583496396,
            1143.7351091926837,
            868.8313990642833,
            605.4428131541409,
            0,
            1164.80084134585,
            1224.5101061240778,
            624.9583986154599,
            73.00684899377592,
