{
    "depot": {
        "x": 685,
        "y": 137,
        "node_type": "depot",
        "id": 0
    },
    "final_destination": {
        "x": 838,
        "y": 617,
        "node_type": "final",
        "id": 36
    },
    "pickup_nodes": [
        {
            "x": 335,
            "y": 587,
            "node_type": "pickup",
            "id": 1
        },
        {
            "x": 348,
            "y": 449,
            "node_type": "pickup",
            "id": 2
        },
        {
            "x": 203,
            "y": 307,
            "node_type": "pickup",
            "id": 3
        },
        {
            "x": 507,
            "y": 47,
            "node_type": "pickup",
            "id": 4
        },
        {
            "x": 400,
            "y": 774,
            "node_type": "pickup",
            "id": 5
        },
        {
            "x": 206,
            "y": 876,
            "node_type": "pickup",
            "id": 6
        },
        {
            "x": 911,
            "y": 430,
            "node_type": "pickup",
            "id": 7
        },
        {
            "x": 50,
            "y": 273,
            "node_type": "pickup",
            "id": 8
        },
        {
            "x": 591,
            "y": 94,
            "node_type": "pickup",
            "id": 9
        },
        {
            "x": 463,
            "y": 198,
            "node_type": "pickup",
            "id": 10
        },
        {
            "x": 103,
            "y": 657,
            "node_type": "pickup",
            "id": 11
        },
        {
            "x": 275,
            "y": 402,
            "node_type": "pickup",
            "id": 12
        },
        {
            "x": 922,
            "y": 625,
            "node_type": "pickup",
            "id": 13
        },
        {
            "x": 488,
            "y": 247,
            "node_type": "pickup",
            "id": 14
        },
        {
            "x": 761,
            "y": 376,
            "node_type": "pickup",
            "id": 15
        },
        {
            "x": 757,
            "y": 898,
            "node_type": "pickup",
            "id": 16
        },
        {
            "x": 512,
            "y": 241,
            "node_type": "pickup",
            "id": 17
        },
        {
            "x": 700,
            "y": 111,
            "node_type": "pickup",
            "id": 18
        },
        {
            "x": 436,
            "y": 624,
            "node_type": "pickup",
            "id": 19
        },
        {
            "x": 602,
            "y": 215,
            "node_type": "pickup",
            "id": 20
        },
        {
            "x": 864,
            "y": 399,
            "node_type": "pickup",
            "id": 21
        },
        {
            "x": 998,
            "y": 853,
            "node_type": "pickup",
            "id": 22
        },
        {
            "x": 79,
            "y": 966,
            "node_type": "pickup",
            "id": 23
        },
        {
            "x": 733,
            "y": 124,
            "node_type": "pickup",
            "id": 24
        },
        {
            "x": 148,
            "y": 290,
            "node_type": "pickup",
            "id": 25
        },
        {
            "x": 508,
            "y": 676,
            "node_type": "pickup",
            "id": 26
        },
        {
            "x": 405,
            "y": 16,
            "node_type": "pickup",
            "id": 27
        },
        {
            "x": 870,
            "y": 115,
            "node_type": "pickup",
            "id": 28
        },
        {
            "x": 924,
            "y": 255,
            "node_type": "pickup",
            "id": 29
        },
        {
            "x": 261,
            "y": 239,
            "node_type": "pickup",
            "id": 30
        },
        {
            "x": 773,
            "y": 965,
            "node_type": "pickup",
            "id": 31
        },
        {
            "x": 934,
            "y": 159,
            "node_type": "pickup",
            "id": 32
        },
        {
            "x": 861,
            "y": 853,
            "node_type": "pickup",
            "id": 33
        },
        {
            "x": 427,
            "y": 584,
            "node_type": "pickup",
            "id": 34
        },
        {
            "x": 885,
            "y": 276,
            "node_type": "pickup",
            "id": 35
        }
    ],
    "delivery_nodes": [
        {
            "x": 690,
            "y": 764,
            "node_type": "delivery",
            "id": 1
        },
        {
            "x": 307,
            "y": 176,
            "node_type": "delivery",
            "id": 2
        },
        {
            "x": 210,
            "y": 94,
            "node_type": "delivery",
            "id": 3
        },
        {
            "x": 555,
            "y": 800,
            "node_type": "delivery",
            "id": 4
        },
        {
            "x": 671,
            "y": 411,
            "node_type": "delivery",
            "id": 5
        },
        {
            "x": 564,
            "y": 606,
            "node_type": "delivery",
            "id": 6
        },
        {
            "x": 269,
            "y": 273,
            "node_type": "delivery",
            "id": 7
        },
        {
            "x": 70,
            "y": 127,
            "node_type": "delivery",
            "id": 8
        },
        {
            "x": 973,
            "y": 198,
            "node_type": "delivery",
            "id": 9
        },
        {
            "x": 307,
            "y": 570,
            "node_type": "delivery",
            "id": 10
        },
        {
            "x": 292,
            "y": 547,
            "node_type": "delivery",
            "id": 11
        },
        {
            "x": 763,
            "y": 984,
            "node_type": "delivery",
            "id": 12
        },
        {
            "x": 997,
            "y": 443,
            "node_type": "delivery",
            "id": 13
        },
        {
            "x": 240,
            "y": 370,
            "node_type": "delivery",
            "id": 14
        },
        {
            "x": 253,
            "y": 929,
            "node_type": "delivery",
            "id": 15
        },
        {
            "x": 880,
            "y": 501,
            "node_type": "delivery",
            "id": 16
        },
        {
            "x": 713,
            "y": 467,
            "node_type": "delivery",
            "id": 17
        },
        {
            "x": 326,
            "y": 796,
            "node_type": "delivery",
            "id": 18
        },
        {
            "x": 392,
            "y": 379,
            "node_type": "delivery",
            "id": 19
        },
        {
            "x": 562,
            "y": 279,
            "node_type": "delivery",
            "id": 20
        },
        {
            "x": 657,
            "y": 504,
            "node_type": "delivery",
            "id": 21
        },
        {
            "x": 666,
            "y": 481,
            "node_type": "delivery",
            "id": 22
        },
        {
            "x": 568,
            "y": 940,
            "node_type": "delivery",
            "id": 23
        },
        {
            "x": 400,
            "y": 748,
            "node_type": "delivery",
            "id": 24
        },
        {
            "x": 794,
            "y": 952,
            "node_type": "delivery",
            "id": 25
        },
        {
            "x": 390,
            "y": 516,
            "node_type": "delivery",
            "id": 26
        },
        {
            "x": 229,
            "y": 390,
            "node_type": "delivery",
            "id": 27
        },
        {
            "x": 2,
            "y": 728,
            "node_type": "delivery",
            "id": 28
        },
        {
            "x": 494,
            "y": 622,
            "node_type": "delivery",
            "id": 29
        },
        {
            "x": 880,
            "y": 517,
            "node_type": "delivery",
            "id": 30
        },
        {
            "x": 981,
            "y": 656,
            "node_type": "delivery",
            "id": 31
        },
        {
            "x": 697,
            "y": 719,
            "node_type": "delivery",
            "id": 32
        },
        {
            "x": 688,
            "y": 171,
            "node_type": "delivery",
            "id": 33
        },
        {
            "x": 875,
            "y": 937,
            "node_type": "delivery",
            "id": 34
        },
        {
            "x": 282,
            "y": 836,
            "node_type": "delivery",
            "id": 35
        }
    ],
    "travel_costs": [
        [
            0,
            570.087712549569,
            459.252653775675,
            511.1007728423036,
            199.4592690250318,
            697.8495539871041,
            880.6599797878862,
            370.0337822415678,
            649.4004927623631,
            103.36827366266692,
            230.22814771439224,
            780.4639645749187,
            488.1854155953453,
            542.5062211624859,
            225.63022847127553,
            250.79274311670184,
            764.3984563040405,
            201.8539075668341,
            30.016662039607265,
            546.9643498437536,
            113.89907813498755,
            317.3089976663126,
            781.4249804043892,
            1026.8773052317401,
            49.72926703662542,
            558.370844511065,
            567.3182528352141,
            305.026228380446,
            186.30351580150065,
            266.5426795093049,
            436.0963196359263,
            832.6631972172181,
            249.96999819978396,
            737.3140443528795,
            516.1133596410773,
            243.55902775302746,
            627.0199358872093,
            380.0065788904187,
            476.94234452394767,
            675.6248959296868,
            274.3574311003805,
            484.3573061284407,
            437.6665397308778,
            615.0812954398792,
            294.3891981714003,
            574.7808277943864,
            567.933975035831,
            850.5839170828474,
            437.01258563112344,
            502.3086700426343,
            902.1574142022001,
            412.9418845309833,
            331.1857484856497,
            750.4412035596126,
            380.0171048781883,
            187.86431273661316,
            368.06657006579667,
            344.52430973735363,
            811.4788968297327,
            674.2002669830382,
            822.2566509308392,
            480.27700340532647,
            521.4834609074386,
            903.1998671390513,
            521.2542565773444,
            427.11239738504435,
            597.4755225111737,
            582.1236981948081,
            34.132096331752024,
            822.2530024268685,
            806.851907105635,
            503.79460100322626
        ],
        [
            570.087712549569,
            0,
            138.61096637712328,
            309.5545186231337,
            566.730976742934,
            197.9747458642137,
            316.48380685273617,
            597.013400184619,
            424.0530627173915,
            555.5042754110899,
            409.5180093719933,
            242.33035303073368,
            194.48650338776727,
            588.2286970218302,
            372.8391073908423,
            475.391417676003,
            524.2184659090138,
            388.64508230517987,
            599.834143743085,
            107.56393447619885,
            457.9006442450153,
            561.4133949239188,
            714.370352128362,
            457.35872135556787,
            610.5513901384551,
            350.96723493796395,
            194.5507645834372,
            575.2747169831123,
            713.4486666887815,
            676.1249884451838,
            355.7808314116993,
            578.5568252125283,
            736.1963053425355,
            589.4336264584842,
            92.04890004774636,
            631.8393783233204,
            396.67871130172836,
            411.9526671839861,
            508.60003932363196,
            306.21724314610367,
            379.3046269161503,
            229.78685776170926,
            320.8613407688748,
            530.8719242905958,
            747.2382484857156,
            32.7566787083184,
            58.728187440104094,
            583.7747853410594,
            677.48062702929,
            236.88393782610083,
            351.6930479836074,
            551.7435998722594,
            396.5904688718578,
            209.1936901534078,
            215.6687274502263,
            382.6133818882972,
            332.52518701596125,
            347.5586281478278,
            422.9633553867285,
            173.62603491412224,
            586.4349921346782,
            89.81091247727082,
            223.70739817896055,
            361.6213489272999,
            162.8066337714775,
            549.4770240874499,
            649.6745339013991,
            385.3154551792596,
            545.5868400172424,
            643.5060217278468,
            254.57808232446092,
            503.89383802543165
        ],
        [
            459.252653775675,
            138.61096637712328,
            0,
            202.95073293782409,
            432.30197778867495,
            329.13371143047624,
            449.99222215500566,
            563.3205126746229,
            346.0924731917757,
            430.20227800419656,
            276.09056485146317,
            321.38606068092,
            86.82165628459295,
            600.3765485093501,
            245.77225229874915,
            419.4019551695008,
            607.3565674297101,
            264.8773300982929,
            488.0040983434463,
            195.88006534611938,
            345.3577854920893,
            518.4168207147603,
            765.3208477494912,
            582.7949896833363,
            503.8352905464245,
            255.50146770615623,
            277.72108310317384,
            436.7356179658352,
            619.7096094139578,
            607.7927278275054,
            227.3081608741754,
            668.4915855865353,
            653.831782647494,
            652.9816230185961,
            156.41611170208776,
            564.1790495933006,
            464.96128871122164,
            276.06158733152284,
            380.87924595598537,
            407.4923312161837,
            325.2276126038501,
            267.02996086581743,
            192.91708063310517,
            425.4033380216944,
            673.5176315435253,
            127.75758294520135,
            112.87160847617969,
            677.0893589475469,
            649.0277343842865,
            133.8095661752178,
            489.31073971454987,
            534.5353122105217,
            365.44356609468446,
            347.69670691566813,
            82.68010643437755,
            273.3056896590336,
            313.8566551787615,
            319.60600745292635,
            538.0343855182492,
            303.48805577814755,
            672.2536723588797,
            79.07591289387686,
            132.82319074619463,
            444.47384624969783,
            226.3735850314696,
            536.3282576929915,
            665.9864863493854,
            441.2493626057719,
            439.1856099646253,
            718.2429950928864,
            392.58756984907205,
            518.0
        ],
        [
            511.1007728423036,
            309.5545186231337,
            202.95073293782409,
            0,
            400.019999500025,
            506.8510629366382,
            569.0079085566387,
            718.6048983968868,
            156.7322557739791,
            442.62060503324966,
            281.9237485562364,
            364.0054944640259,
            119.20151005754919,
            786.1838207442328,
            291.247317584214,
            562.2499444197393,
            810.0598743302868,
            315.9699352786591,
            534.2518132865811,
            393.4183523934795,
            409.46916855851316,
            667.3717105182089,
            964.4381784230652,
            670.5646874090523,
            560.7040217440928,
            57.56735185849702,
            478.73374646038894,
            354.2386201418473,
            694.084288829534,
            722.872741220749,
            89.37561188601731,
            870.5538466976067,
            745.8317504638698,
            855.0321631377384,
            356.23728047468586,
            682.7041819119024,
            667.845790583425,
            167.26326554267678,
            213.11499243366242,
            605.7664566481045,
            479.41631177923017,
            468.7451333080697,
            74.24284477308234,
            223.80571931923456,
            777.6766680311298,
            282.8161947272468,
            255.97070144842752,
            878.5949009640336,
            805.5631570522573,
            73.06161783043132,
            624.0064102234847,
            704.247825697744,
            534.5091205957108,
            504.2320894191483,
            202.24984548819805,
            360.0902664610639,
            494.8989795907848,
            494.6160126805439,
            730.6941904791636,
            483.001035195578,
            874.8176952942824,
            280.4460732476032,
            86.97700845625815,
            466.52116779413126,
            428.8426284780934,
            708.8222626300615,
            852.6927934490827,
            643.2573357529628,
            503.7072562510888,
            921.131912377375,
            534.8663384435404,
            706.629322912657
        ],
        [
            199.4592690250318,
            566.730976742934,
            432.30197778867495,
            400.019999500025,
            0,
            734.8319535785035,
            881.9535135141762,
            556.691117227498,
            509.82840250421515,
            96.25487000666513,
            157.2800050864699,
            731.6529231814768,
            424.08607616850617,
            711.5539333037237,
            200.90047287151913,
            415.64046963692067,
            886.9616677173824,
            194.06442229321684,
            203.33469944896274,
            581.3518727930615,
            193.00000000000003,
            501.35117432793555,
            943.7780459408874,
            1013.7775890203925,
            238.757198844349,
            433.5089387775066,
            629.0007949120574,
            106.60675400742676,
            369.3142293494796,
            465.99678110476253,
            312.0576869747003,
            955.7614765201619,
            441.44422071197175,
            880.3135804927697,
            542.9263301774929,
            441.955880150949,
            739.985134985832,
            237.9936973955403,
            300.69585963228695,
            754.528329488032,
            399.23927662493327,
            561.898567358914,
            328.20725159569525,
            444.262309902607,
            489.8540598994766,
            559.9366035543668,
            544.2655601817921,
            971.3418553732769,
            630.012698284725,
            419.06801357297593,
            917.8453028697156,
            587.5755270601389,
            467.79910217955745,
            770.5595369599937,
            351.35309874825356,
            238.43028331149546,
            480.9875258257744,
            462.20882726317546,
            895.0810019210552,
            709.1191719309246,
            949.4177162871987,
            483.373561544278,
            441.51217423758544,
            847.8124792664945,
            575.1469377472162,
            600.0241661799964,
            771.7233960429087,
            698.3437548943929,
            219.40145851839728,
            963.0804743114669,
            820.4547519516235,
            659.1365564130092
        ],
        [
            697.8495539871041,
            197.9747458642137,
            329.13371143047624,
            506.8510629366382,
            734.8319535785035,
            0,
            219.18029108475972,
            616.000811687777,
            611.1472817578427,
            706.3150854965509,
            579.4350697015154,
            319.2146613174276,
            392.43980430124566,
            542.8489661038326,
            534.2967340345624,
            537.3313688963265,
            377.9219496139381,
            544.6402482373113,
            727.7149167084593,
            154.2595215861893,
            594.3778259659423,
            596.5911497835012,
            603.1956564830353,
            374.0387680441694,
            730.334854707072,
            545.6738952891186,
            145.83552379307315,
            758.016490585792,
            809.4325172613218,
            737.5208471629802,
            552.7621549997793,
            419.05846847426915,
            814.4820440009712,
            467.72000171042504,
            191.9088325221119,
            695.1467470973305,
            290.17236257093816,
            605.1884004175889,
            706.0453243241542,
            157.16551784663199,
            453.0011037514147,
            234.77648945326703,
            517.8436057343955,
            726.2981481457873,
            812.4684609263303,
            224.19857269840054,
            251.38217916153087,
            419.3673807057483,
            682.619952828805,
            434.52963075030914,
            213.62116000059544,
            552.2037667383299,
            438.42673276158695,
            77.20103626247513,
            395.0810043522721,
            520.8349066642903,
            372.75863504417975,
            395.73349618145795,
            236.1778990506944,
            26.0,
            432.3424568556736,
            258.1937257177254,
            420.35342272901744,
            400.6494727314639,
            178.71765441612087,
            544.471303192372,
            592.8617039411469,
            302.0496647904116,
            668.2462121104766,
            502.1892073710864,
            133.29666162361306,
            465.2880828046212
        ],
        [
            880.6599797878862,
            316.48380685273617,
            449.99222215500566,
            569.0079085566387,
            881.9535135141762,
            219.18029108475972,
            0,
            834.2307834166755,
            622.8523099419316,
            871.6358184471311,
            725.0744789330266,
            242.01239637671455,
            478.99582461645736,
            758.7206336985965,
            689.3221307922734,
            747.0107094279172,
            551.4390265478133,
            704.8836783470022,
            910.6376886555927,
            341.18030423809637,
            770.5433148110494,
            812.707204348528,
            792.3338942642804,
            155.65667348366406,
            918.2771912663409,
            588.8633118135311,
            362.22092705971585,
            882.7236260574429,
            1009.9589100552557,
            949.2971083912561,
            639.3700024242614,
            573.9425058313768,
            1021.7989038944993,
            655.4036923911857,
            366.2034953410467,
            906.113127595004,
            496.78969393496885,
            707.2488953685258,
            782.0102301121129,
            357.179226719584,
            657.6093065034893,
            448.4016057063132,
            606.2821125515745,
            761.2470032781739,
            1023.7055240644156,
            322.2374900597384,
            340.05440741151995,
            567.3737745084804,
            901.7593914121438,
            507.141006032839,
            70.83784299369935,
            771.2982561888754,
            651.4061712940705,
            144.22205101855957,
            530.664677550711,
            695.0863255740253,
            584.6238106680227,
            606.320872146094,
            367.6139279189514,
            232.42202993692314,
            592.8912210515517,
            404.29692059178484,
            486.5439342957633,
            252.0317440323738,
            384.0052082980126,
            763.6471698369609,
            805.6208785775106,
            515.4900581000568,
            854.0193206245395,
            671.7752600386531,
            85.88364221433555,
            683.0117129303128
        ],
        [
            370.0337822415678,
            597.013400184619,
            563.3205126746229,
            718.6048983968868,
            556.691117227498,
            616.000811687777,
            834.2307834166755,
            0,
            875.1971206533989,
            464.0,
            504.50768081368204,
            839.2812401096547,
            636.6160538346484,
            195.31000998412753,
            460.88827279504517,
            159.42396306703708,
            492.6865129065337,
            441.4997168742014,
            382.4682993399584,
            513.0896607806476,
            376.4385740064373,
            56.302753041036986,
            431.85414204335245,
            989.7070273570861,
            354.00564967243105,
            775.737713405762,
            472.14934078107103,
            653.7828385633873,
            317.6570477732235,
            175.48219282878816,
            677.4813650573719,
            552.5115383410558,
            271.974263488294,
            425.94483210857254,
            507.9094407470686,
            156.1793840428371,
            400.49594255123236,
            655.2343092360168,
            777.3654224365785,
            513.4549639452325,
            240.75090861718465,
            389.0822535146007,
            660.9183005485625,
            893.9183407895824,
            240.14162487998618,
            620.0129030915405,
            629.9603162104737,
            573.4282867107272,
            86.97700845625815,
            673.6772224144142,
            825.8117218833842,
            77.47257579298626,
            201.42740627829173,
            690.0586931558794,
            521.4997603067523,
            380.26569658595287,
            264.5600120955546,
            250.25187311986295,
            614.6128862951052,
            601.8679257112809,
            534.9513996616889,
            528.0501870087729,
            683.1720134783039,
            956.6007526653948,
            459.078424672735,
            92.35799911215054,
            236.59247663440192,
            359.6067296366963,
            341.77477964296895,
            508.27649955511424,
            748.6501185467081,
            200.74361758222852
        ],
        [
            649.4004927623631,
            424.0530627173915,
            346.0924731917757,
            156.7322557739791,
            509.82840250421515,
            611.1472817578427,
            622.8523099419316,
            875.1971206533989,
            0,
            569.8438382574651,
            419.754690265636,
            387.64029718283933,
            259.35689695861186,
            940.3658862379048,
            438.77101089292574,
            718.4218816266664,
            943.6492992632379,
            463.106899106459,
            669.8835719735184,
            521.7250233600072,
            555.0387373868602,
            823.6941179831261,
            1111.3523293717435,
            693.6065166937232,
            699.0636594760165,
            99.46356116689167,
            610.0598331311446,
            438.2624784304493,
            835.0832293849519,
            874.1853350405736,
            213.72178176311368,
            1000.7961830462784,
            891.3203688910066,
            997.0561669234086,
            488.7228253314961,
            835.0053892041656,
            806.6480025389017,
            274.69619582367716,
            240.08540147205952,
            729.8999931497465,
            636.1485675532093,
            612.4418339728271,
            219.0,
            147.36349615830918,
            926.0421156729319,
            392.75692228145385,
            365.56805112044464,
            1006.9210495366556,
            962.1377240291537,
            213.32838535928596,
            686.6913425986962,
            860.7461879090723,
            690.8002605674089,
            591.358605247273,
            358.05027579936313,
            512.0351550430888,
            649.4690138874987,
            650.1692087449236,
            844.5193899491,
            590.0211860602973,
            1007.2621307286402,
            417.9102774519909,
            213.84573879317773,
            457.5248627123995,
            564.7450752330648,
            865.121956720554,
            1006.7025379922313,
            785.82758923316,
            646.1021591048894,
            1059.0188855728684,
            608.9277461242835,
            859.8139333600031
        ],
        [
            103.36827366266692,
            555.5042754110899,
            430.20227800419656,
            442.62060503324966,
            96.25487000666513,
            706.3150854965509,
            871.6358184471311,
            464.0,
            569.8438382574651,
            0,
            164.92422502470643,
            745.0590580618425,
            441.27089185669155,
            625.71718851251,
            184.43969204051496,
            329.2779980502797,
            820.9579770000411,
            166.88319268278636,
            110.31772296417289,
            552.2001448750262,
            121.49897118905989,
            409.33360477732583,
            861.2374817667888,
            1011.2012658219926,
            145.13442045221387,
            484.4223363966612,
            587.8885948885213,
            201.69283576765935,
            279.7892063679369,
            369.8783583828608,
            360.45110625437115,
            889.8117778496754,
            349.10456886153753,
            805.5935699842694,
            516.7165567310573,
            345.7744929863971,
            677.2746857811828,
            295.6010825419961,
            381.0,
            706.9172511687631,
            326.9388321995416,
            512.7114198065028,
            368.40874039577295,
            522.044059443262,
            395.9040287746514,
            554.2851251837812,
            542.7798817200211,
            906.4678703627613,
            535.3849082669402,
            446.51651705172117,
            900.815741425515,
            499.16930995404755,
            392.44490059115304,
            750.3525837897809,
            347.60034522422444,
            187.2591786802452,
            415.27821999233237,
            394.2004566207401,
            846.3125900044262,
            681.3200422708846,
            881.6875863932756,
            467.4237905798121,
            467.61094940131585,
            865.3767965458746,
            536.8361016176167,
            512.2987409705396,
            684.0643244607922,
            633.9250744370346,
            123.84667940643381,
            889.5532586641453,
            803.7692454927595,
            578.3926002292907
        ],
        [
            230.22814771439224,
            409.5180093719933,
            276.09056485146317,
            281.9237485562364,
            157.2800050864699,
            579.4350697015154,
            725.0744789330266,
            504.50768081368204,
            419.754690265636,
            164.92422502470643,
            0,
            583.3360952315569,
            277.41665415039523,
            626.9050964859035,
            55.00909015790026,
            347.1138141877963,
            759.2338243255499,
            65.19202405202648,
            252.463858799631,
            426.85477624128794,
            140.0357097314824,
            448.5554592243862,
            845.7245414436074,
            858.6501033599193,
            279.95713957675736,
            328.16002194051606,
            480.11352824097764,
            191.01832372837953,
            415.37693725097455,
            464.51049503751796,
            206.11889772653063,
            827.2780669158345,
            472.6118915135336,
            766.4391691452101,
            387.67512171920447,
            429.1479931212541,
            609.8237450280204,
            157.54364474646383,
            273.5415873317986,
            608.9893266716584,
            297.7129489961765,
            420.31535779697606,
            207.992788336519,
            399.36199118093356,
            510.0,
            403.3856715353187,
            388.64122272347794,
            841.3061273995334,
            587.5210634521966,
            281.6256380374486,
            760.5662364317785,
            515.4590187396084,
            367.2342576612373,
            613.492461241375,
            194.42736432920137,
            127.91403363196707,
            362.3147802671042,
            348.2786240928375,
            749.3924205648199,
            553.596423398851,
            823.454309600721,
            326.2713594540594,
            302.6879581351065,
            702.4393212228371,
            425.13174428640355,
            525.0238089839355,
            691.4390790228738,
            571.1365861157907,
            226.6142096162551,
            846.08805688297,
            663.1779550015215,
            562.3041881401916
        ],
        [
            780.4639645749187,
            242.33035303073368,
            321.38606068092,
            364.0054944640259,
            731.6529231814768,
            319.2146613174276,
            242.01239637671455,
            839.2812401096547,
            387.64029718283933,
            745.0590580618425,
            583.3360952315569,
            0,
            307.5857603986245,
            819.6249142138128,
            562.4277731406941,
            715.4893430373369,
            696.9913916254634,
            583.3840930296266,
            809.0271936097081,
            334.6311402126228,
            666.6070806704652,
            803.5452694154823,
            916.2101287368527,
            309.9306374013386,
            825.2205765733183,
            369.74856321559923,
            405.44543405987446,
            708.5795650454506,
            939.1767671743163,
            914.1362042934301,
            446.8646327468756,
            737.4035530155791,
            968.7956440859961,
            782.9303928191829,
            332.1219655488025,
            869.8764280057254,
            596.6724394506587,
            522.4720088196113,
            573.0776561688651,
            474.0812166707303,
            618.9830369242763,
            463.81246210079354,
            418.3443557644826,
            531.0263646938823,
            983.6569523975318,
            221.77691493931465,
            218.680131699247,
            736.5656793524932,
            919.2562210831102,
            318.0220118167923,
            310.61873736141547,
            792.5055204855043,
            638.9053137985316,
            262.7736668694182,
            401.00498750015566,
            594.6133197297215,
            574.7390712314589,
            589.8686294421835,
            544.3473155991495,
            310.6283953536765,
            751.3361431476593,
            319.76553910638967,
            295.2371927789586,
            123.45849504995597,
            392.5633706804546,
            789.5118745148802,
            878.0005694758972,
            597.2269250460834,
            760.5399397796278,
            821.2088650276494,
            253.14422766478404,
            736.087630652764
        ],
        [
            488.1854155953453,
            194.48650338776727,
            86.82165628459295,
            119.20151005754919,
            424.08607616850617,
            392.43980430124566,
            478.99582461645736,
            636.6160538346484,
            259.35689695861186,
            441.27089185669155,
            277.41665415039523,
            307.5857603986245,
            0,
            684.352248480269,
            263.4274093559742,
            486.69497634555466,
            691.6212836516818,
            286.5135249861689,
            515.0786347733713,
            274.23530042647684,
            376.69350936802715,
            589.0076400183617,
            852.1326187865361,
            597.0862584250286,
            535.7686067697508,
            169.33103672983285,
            359.6734630188888,
            407.3033267725663,
            660.6012412946254,
            665.439704255765,
            163.60012224934306,
            751.646858571231,
            702.3745439578516,
            739.4572333813499,
            237.12443990445183,
            622.8771949590064,
            550.6986471746594,
            228.25424421026653,
            314.78405296329737,
            486.62511238118407,
            396.102259523977,
            353.7470847936418,
            129.13945950018532,
            343.0014577228499,
            727.2001100109927,
            171.02046661145562,
            145.9931505242626,
            759.5182683780555,
            723.1631904349114,
            47.423622805517496,
            527.4590031462161,
            613.0464908960821,
            442.7967931229855,
            397.28704987703793,
            119.23925528113632,
            312.2466973404202,
            395.38335827396685,
            398.9009902218845,
            612.6116224819767,
            367.88721097640786,
            756.2149165415874,
            161.92899678562824,
            47.539457296018846,
            425.2117119741647,
            310.4206823006483,
            615.8327695080865,
            750.301272823124,
            527.8001515725435,
            473.21242587235594,
            803.8812101299544,
            434.0564479419698,
            602.6557889873787
        ],
        [
            542.5062211624859,
            588.2286970218302,
            600.3765485093501,
            786.1838207442328,
            711.5539333037237,
            542.8489661038326,
            758.7206336985965,
            195.31000998412753,
            940.3658862379048,
            625.71718851251,
            626.9050964859035,
            819.6249142138128,
            684.352248480269,
            0,
            575.5345341506451,
            296.51644136539886,
            318.98902802447606,
            561.7437138055041,
            559.8928468912601,
            486.0010288054954,
            520.0961449578338,
            233.32380932943812,
            240.33310217279686,
            909.3569156277418,
            535.4642845232537,
            843.3866254571506,
            417.129476302023,
            798.8554312264516,
            512.6441260757798,
            370.00540536592166,
            765.4521539586913,
            371.21557079411417,
            466.1544808322666,
            236.01906702637393,
            496.6950774871843,
            350.9558376776201,
            270.4533231446787,
            761.4630654207726,
            888.2032425070289,
            406.5882438044661,
            329.84390247509504,
            358.5038354048671,
            741.8308432520179,
            986.8677722977886,
            430.03488230607525,
            617.4544517614235,
            634.8102078574351,
            392.63469026564627,
            196.84765683136794,
            728.1133153568887,
            734.8312731505105,
            130.91982279242515,
            262.00190838999623,
            620.0459660380027,
            584.3081378861671,
            499.3155315028764,
            291.31769599528275,
            293.7209560109731,
            473.8575735387164,
            536.295627429499,
            351.1595079162744,
            543.051562929341,
            731.7608899087188,
            925.7478058305081,
            428.01051388955386,
