{
    "depot": [
        440,
        902
    ],
    "final_destination": [
        929,
        909
    ],
    "requests": [
        [
            [
                690,
                798
            ],
            [
                451,
                415
            ]
        ],
        [
            [
                255,
                233
            ],
            [
                886,
                564
            ]
        ],
        [
            [
                543,
                676
            ],
            [
                385,
                25
            ]
        ],
        [
            [
                425,
                755
            ],
            [
                738,
                849
            ]
        ],
        [
            [
                642,
                594
            ],
            [
                416,
                456
            ]
        ],
        [
            [
                997,
                676
            ],
            [
                196,
                915
            ]
        ],
        [
            [
                206,
                196
            ],
            [
                510,
                831
            ]
        ],
        [
            [
                521,
                707
            ],
            [
                862,
                921
            ]
        ],
        [
            [
                447,
                50
            ],
            [
                429,
                342
            ]
        ],
        [
            [
                595,
                862
            ],
            [
                269,
                887
            ]
        ],
        [
            [
                996,
                958
            ],
            [
                573,
                340
            ]
        ],
        [
            [
                851,
                959
            ],
            [
                991,
                936
            ]
        ],
        [
            [
                340,
                613
            ],
            [
                679,
                686
            ]
        ],
        [
            [
                259,
                936
            ],
            [
                550,
                923
            ]
        ],
        [
            [
                374,
                417
            ],
            [
                967,
                826
            ]
        ],
        [
            [
                8,
                3
            ],
            [
                626,
                387
            ]
        ],
        [
            [
                696,
                22
            ],
            [
                966,
                525
            ]
        ],
        [
            [
                450,
                107
            ],
            [
                717,
                650
            ]
        ],
        [
            [
                2,
                76
            ],
            [
                827,
                28
            ]
        ],
        [
            [
                19,
                206
            ],
            [
                756,
                876
            ]
        ],
        [
            [
                804,
                120
            ],
            [
                74,
                317
            ]
        ],
        [
            [
                200,
                445
            ],
            [
                33,
                668
            ]
        ],
        [
            [
                383,
                844
            ],
            [
                993,
                948
            ]
        ],
        [
            [
                536,
                67
            ],
            [
                56,
                13
            ]
        ],
        [
            [
                744,
                974
            ],
            [
                752,
                274
            ]
        ]
    ],
    "travel_costs": [
        [
            0,
            270.76927447552094,
            694.1080607513501,
            248.36465126905642,
            147.763324272297,
            368.33137254380057,
            601.1031525453847,
            743.7687812754714,
            211.15397225721327,
            852.0287553832909,
            160.0781059358212,
            558.8130277651014,
            414.93372964848254,
            305.81203377238114,
            184.16568627190026,
            489.47012166219093,
            997.409143731899,
            916.4802234636599,
            795.0628905941969,
            934.9438485812931,
            813.4230141814281,
            862.565939508395,
            516.1869816258445,
            81.3203541556479,
            840.5004461628798,
            312.4099870362662,
            487.1242141384475,
            559.6070049597306,
            878.7229369943635,
            302.67639485100256,
            446.64527311950815,
            244.34606606205065,
            99.70456358662827,
            422.4275085739564,
            560.1080252951211,
            171.65663401103959,
            577.5231597087687,
            552.0480051589717,
            322.1443775700579,
            111.98660634200861,
            532.4518757596784,
            547.5591292271548,
            647.1514505894273,
            374.47696858418414,
            955.8477912303821,
            317.0678160898706,
            690.0586931558794,
            469.4731089210542,
            554.9099025968089,
            968.3888681722854,
            701.2331994422398,
            489.0500996830488
        ],
        [
            270.76927447552094,
            0,
            713.0567999816003,
            191.03141102970477,
            268.46601274649277,
            209.57099035887575,
            330.35284167084137,
            772.4376997531905,
            191.94269978303421,
            786.4814047388534,
            114.54693361238441,
            345.3056616969957,
            227.68838354206832,
            395.8850843363513,
            452.55386419740137,
            494.99191912595904,
            1047.448805431559,
            776.0231955296182,
            731.4923102808394,
            997.3103829801432,
            894.8212111924929,
            687.5172725102984,
            603.9114173452925,
            310.42712510346126,
            747.04551400835,
            184.09780009549274,
            451.45320909259243,
            305.2408884799021,
            830.9957881963061,
            70.0357051795725,
            438.2236871735712,
            507.6662289339326,
            183.0,
            211.45448682872635,
            525.4112674848151,
            430.30454331786916,
            472.7081552078407,
            331.1268639056638,
            112.53888216967503,
            187.6832437912346,
            278.4115658517081,
            415.9531223587581,
            388.20741878537046,
            150.44268011438774,
            782.0927055023592,
            102.17631819555841,
            781.5478232328461,
            669.738008477942,
            338.0961401731762,
            1009.0495527970864,
            527.6551904416368,
            263.51850029931484
        ],
        [
            694.1080607513501,
            713.0567999816003,
            0,
            528.3871686557121,
            548.9845170858647,
            529.2352973867106,
            864.1834296027666,
            61.400325732035,
            543.5365673071133,
            265.2413994835648,
            715.0111887236451,
            1036.6802785815885,
            939.3039976493233,
            389.3905494487508,
            703.0113797087499,
            219.12781658201226,
            337.5040740494846,
            488.8783079663078,
            232.16588896735024,
            297.75493278869453,
            237.53947040439408,
            560.5086975239545,
            219.01826407859232,
            624.2635661321266,
            326.36942258734956,
            887.8074115482478,
            267.4696244435992,
            712.5461388569865,
            245.2835094334717,
            782.7803012340053,
            275.04545078950133,
            684.5472956633456,
            650.0992231959672,
            917.4927792631395,
            205.32169880458324,
            654.1498299319508,
            335.5190009522561,
            1017.7941835164906,
            620.4715948373463,
            750.4165509901817,
            926.6029354583331,
            401.6926685913,
            768.6253964058174,
            622.3608278161472,
            607.6257071586092,
            815.1380251221262,
            199.5419755339713,
            488.3738322228168,
            1027.5548647152618,
            296.64962497869436,
            498.68827938903877,
            954.5952021668662
        ],
        [
            248.36465126905642,
            191.03141102970477,
            528.3871686557121,
            0,
            142.00352108310554,
            128.5496013218244,
            454.0,
            586.4887040685438,
            38.01315561749643,
            633.3182454343156,
            193.13207915827965,
            533.6037855937681,
            418.2738337500925,
            212.55117030964567,
            385.0402576354841,
            309.2604080706096,
            859.7406585709438,
            671.6583953171433,
            576.5500845546724,
            807.8867494890604,
            703.9005611590319,
            614.2125039430572,
            413.533553656774,
            232.0,
            609.0402285563738,
            359.4509702309899,
            276.739950133695,
            360.8226711280764,
            669.8992461557185,
            260.679880313,
            254.02558926218435,
            421.34309060431974,
            158.47397262642215,
            402.2263044605611,
            352.919254221132,
            345.82799192662236,
            337.33662712489433,
            517.9806946209482,
            136.36715146984628,
            247.09917037497314,
            449.7510422444844,
            300.6825568602209,
            449.143629588576,
            175.93180496999398,
            707.5026501717148,
            292.17973920174546,
            590.6284788257335,
            510.0627412387617,
            525.8174588200739,
            822.6408693956313,
            453.08387744434253,
            450.87137855490454
        ],
        [
            147.763324272297,
            268.46601274649277,
            548.9845170858647,
            142.00352108310554,
            0,
            270.20362691866296,
            577.4296493946254,
            600.3682203448146,
            107.33126291998991,
            705.3431788852856,
            200.8706051168264,
            606.0115510450277,
            472.3261584964356,
            165.4962235218677,
            245.59519539274376,
            341.8259791180302,
            859.8796427407733,
            781.4921624686968,
            648.4820737691983,
            799.9812497802683,
            682.8154948446908,
            739.5038877517818,
            383.0469945058961,
            98.41239759298621,
            696.8966924874876,
            386.9392717210286,
            340.99266854288817,
            499.00100200300204,
            731.0950690573695,
            326.8103425535979,
            299.1354208381214,
            279.3581930067561,
            114.02192771568107,
            467.4665763453041,
            413.01937000581466,
            204.35263639111682,
            440.6007262817436,
            594.2364849115207,
            263.2052431088712,
            209.40152817016406,
            546.6305882403582,
            419.3149174546501,
            587.8613782176883,
            310.30468897520706,
            830.7424390266817,
            352.423041244468,
            561.2886957707236,
            401.538292071877,
            599.8941573311079,
            828.6887232248307,
            581.6270282578004,
            527.0028462921239
        ],
        [
            368.33137254380057,
            209.57099035887575,
            529.2352973867106,
            128.5496013218244,
            270.20362691866296,
            0,
            364.34736173053324,
            590.3388857258176,
            165.55965692160635,
            577.893588820641,
            272.0900586203031,
            507.75190792354493,
            420.60194959129706,
            302.59709185648165,
            513.4715181974557,
            321.1744074486633,
            866.7392918288637,
            574.5432968889289,
            523.481613812749,
            823.3614030302853,
            733.9434583126958,
            500.9191551538032,
            466.43863476345956,
            359.97361014385484,
            537.5546483847014,
            393.45139471096047,
            261.767072031606,
            245.83734460004243,
            624.347659561562,
            272.472016911829,
            264.8018126826174,
            549.5061419128998,
            271.2802978470792,
            394.11800263372896,
            329.95908837308906,
            474.31845842218706,
            263.2052431088712,
            488.63585623652307,
            99.16148445843274,
            341.62113517755307,
            399.3106560060726,
            207.6174366473105,
            331.26575434234064,
            93.60021367496978,
            595.4670435884761,
            304.1710045352778,
            631.9438266175247,
            613.4794210077466,
            498.51479416362355,
            825.2011875900324,
            338.3784863137726,
            426.1384751462839
        ],
        [
            601.1031525453847,
            330.35284167084137,
            864.1834296027666,
            454.0,
            577.4296493946254,
            364.34736173053324,
            0,
            925.2464536543763,
            477.00838567052466,
            833.2922656547341,
            442.944691807002,
            282.00177304407146,
            318.44151739369664,
            660.0136362227677,
            782.4602226311572,
            674.6925225612034,
            1196.2650208043367,
            719.9423588038143,
            789.2844861011777,
            1161.9057620994913,
            1085.0732694154804,
            588.5448156257941,
            829.8011810066313,
            636.5689279253269,
            763.8075673885406,
            390.9130338067535,
            605.1751812491982,
            157.6863976378432,
            893.5015388906725,
            311.46428366668306,
            621.2575955270084,
            835.8959265363123,
            511.07142357991415,
            279.7320146139873,
            658.9233642844971,
            757.9610807950498,
            540.9916820062948,
            260.06922155457,
            318.1571938523472,
            510.7034364481994,
            152.97058540778355,
            470.2786408077662,
            154.14927829866735,
            281.2045518834999,
            669.9283543782872,
            313.1788626328412,
            990.3585209407753,
            964.0331944492367,
            272.02941017470886,
            1151.1081617293833,
            470.77489312834,
            242.72000329597884
        ],
        [
            743.7687812754714,
            772.4376997531905,
            61.400325732035,
            586.4887040685438,
            600.3682203448146,
            590.3388857258176,
            925.2464536543763,
            0,
            600.2882640865138,
            281.774732721016,
            771.2826978482015,
            1097.6083090064508,
            999.0965919269267,
            438.00114155102375,
            741.8955452083535,
            277.6058356735319,
            276.5013562353718,
            519.9769225648384,
            259.724854413281,
            236.67699507979222,
            187.26718879718356,
            602.8100861797187,
            249.07227866625382,
            671.7387885182751,
            354.31765409022455,
            945.9006290303438,
            328.612233491086,
            773.1907914609434,
            247.5520147362974,
            842.2784575186522,
            334.21549934136806,
            719.0695376665597,
            704.0177554579145,
            977.7325810261209,
            266.54267950930483,
            693.8659812961002,
            394.23977475642914,
            1078.8072116926176,
            681.0499247485459,
            804.279180384523,
            987.9377510754409,
            461.3902903182944,
            828.1551786953939,
            683.5473648548432,
            643.3234023413108,
            874.5856161634491,
            179.06702655709677,
            502.7056792995281,
            1088.5187182589007,
            236.61994844053194,
            551.5432893255071,
            1015.4299581950495
        ],
        [
            211.15397225721327,
            191.94269978303421,
            543.5365673071133,
            38.01315561749643,
            107.33126291998991,
            165.55965692160635,
            477.00838567052466,
            600.2882640865138,
            0,
            661.1542936410532,
            171.75855146105533,
            537.2392390732456,
            415.21560664310294,
            203.95342605604841,
            347.9727000786125,
            325.12920508622415,
            871.0826596827651,
            707.0007072132247,
            604.1862295683343,
            817.0201955888239,
            709.2284540259225,
            651.6578857038409,
            414.3488868091719,
            194.4556504707436,
            640.1757571167468,
            347.8764148372235,
            300.27320892813594,
            392.01275489453144,
            695.4279258125891,
            259.33183375744676,
            272.07719492820416,
            385.86137407105156,
            124.4869471069156,
            402.5878786054047,
            376.4159932840261,
            309.6837096135346,
            370.6656175045104,
            522.820236792724,
            159.38946012832847,
            217.9380645963435,
            461.6026429733694,
            336.7862823809782,
            480.7795752733263,
            204.12006270820123,
            744.7664063315423,
            289.4581144138129,
            593.2191837761148,
            489.55592121840374,
            529.9669801034778,
            835.3807515139429,
            490.76470940767535,
            455.26695465407994
        ],
        [
            852.0287553832909,
            786.4814047388534,
            265.2413994835648,
            633.3182454343156,
            705.3431788852856,
            577.893588820641,
            833.2922656547341,
            281.774732721016,
            661.1542936410532,
            0,
            825.377489395004,
            1061.0678583389472,
            994.7346379814065,
            573.0776561688651,
            905.7262279519127,
            374.18979141606735,
            441.50877680970285,
            250.56935167733508,
            57.07889277132134,
            445.7589034444517,
            455.543631280254,
            363.798020885216,
            465.8690803219291,
            796.5751690832448,
            90.60905032059436,
            970.559117210281,
            365.0219171501898,
            675.9563595380992,
            66.85057965343307,
            850.342284024498,
            407.18177758833957,
            900.6808535768927,
            783.5368529941652,
            964.8139717064633,
            292.5542684699712,
            855.7178273239375,
            316.1898164078027,
            1039.678796552089,
            676.9933529954337,
            879.0551746050984,
            934.1177655948954,
            381.58878390225254,
            703.5524145364011,
            657.9513659838393,
            380.6363093557944,
            881.9053237167809,
            458.7134181599662,
            743.8548245457577,
            1050.96146456471,
            392.7467377331096,
            378.41907985723975,
            984.9898476634163
        ],
        [
            160.0781059358212,
            114.54693361238441,
            715.0111887236451,
            193.13207915827965,
            200.8706051168264,
            272.0900586203031,
            442.944691807002,
            771.2826978482015,
            171.75855146105533,
            825.377489395004,
            0,
            412.33117757453175,
            273.7608445340568,
            356.4070706369334,
            344.05232160239814,
            496.8561159933528,
            1040.4085735902024,
            846.0502349151616,
            768.7977627438831,
            984.6039813041587,
            872.9902634050394,
            770.8728818683403,
            574.3814063842945,
            212.76277869965887,
            797.1863019395154,
            186.40010729610646,
            469.6221885728996,
            416.51530584121394,
            862.9420606274792,
            143.5896932234344,
            443.7082374714267,
            402.5046583581363,
            90.47651629014017,
            273.4410356914265,
            545.8534601887214,
            326.95718374123544,
            522.4633958470201,
            402.85481255658345,
            195.01794789198252,
            75.8023746329889,
            373.73787605753853,
            476.01050408578175,
            501.20853943244026,
            244.59762877019068,
            865.6673726091333,
            161.60754932861275,
            753.9668427722801,
            594.5418404115895,
            407.18546143004664,
            1005.645066611476,
            608.5992113041225,
            337.2906758272455
        ],
        [
            558.8130277651014,
            345.3056616969957,
            1036.6802785815885,
            533.6037855937681,
            606.0115510450277,
            507.75190792354493,
            282.00177304407146,
            1097.6083090064508,
            537.2392390732456,
            1061.0678583389472,
            412.33117757453175,
            0,
            145.00344823486097,
            741.1889097929084,
            737.3282850942313,
            824.357325436003,
            1374.1066188618697,
            982.901826226811,
            1011.0969290824693,
            1328.8942772094401,
            1232.8961837884,
            859.7139059012596,
            946.987328320712,
            623.5102244550606,
            1002.7367550858,
            252.5074256333861,
            769.3334777585076,
            409.06723163802786,
            1115.2623009857368,
            280.0803456153252,
            767.0749637421364,
            801.1547915353187,
            502.31961936599686,
            139.01438774457844,
            837.2245815789214,
            730.458759958425,
            748.9011950851728,
            22.561028345356952,
            417.6996528607607,
            447.37121051761926,
            135.1480669488099,
            680.397677832604,
            434.0380167681168,
            415.5779108663019,
            945.2306596804824,
            253.62176562747922,
            1122.9269789260566,
            1005.7181513724408,
            10.44030650891055,
            1332.9009715654047,
            726.217598244493,
            83.00602387778854
        ],
        [
            414.93372964848254,
            227.68838354206832,
            939.3039976493233,
            418.2738337500925,
            472.3261584964356,
            420.60194959129706,
            318.44151739369664,
            999.0965919269267,
            415.21560664310294,
            994.7346379814065,
            273.7608445340568,
            145.00344823486097,
            0,
            617.119923515681,
            592.4466220681826,
            722.006232660079,
            1274.5920916120576,
            949.7336468715847,
            941.6501473477292,
            1224.9448967198484,
            1122.1555150691013,
            840.3154169715084,
            829.4558457205543,
            481.9221928900971,
            945.9857292792531,
            108.04628637764463,
            675.2303310722941,
            396.54760117796707,
            1043.79691511328,
            157.69908052997644,
            665.0067668828641,
            656.4761991115901,
            364.23206887916945,
            39.56008088970497,
            747.5112039294127,
            586.436697351044,
            678.5609773631254,
            141.8767070381886,
            322.66546143025596,
            303.14517974066484,
            176.4794605612789,
            614.6616955691969,
            448.9777277326794,
            336.80409736225005,
            931.3092934143843,
            126.15070352558483,
            1007.9151750023412,
            868.2194423070702,
            142.4254190796011,
            1235.694541543338,
            692.1170421251018,
            92.64987857520374
        ],
        [
            305.81203377238114,
            395.8850843363513,
            389.3905494487508,
            212.55117030964567,
            165.4962235218677,
            302.59709185648165,
            660.0136362227677,
            438.00114155102375,
            203.95342605604841,
            573.0776561688651,
            356.4070706369334,
            741.1889097929084,
            617.119923515681,
            0,
            333.00150149811634,
            198.92712233378333,
            694.4955003453946,
            689.939852450922,
            517.8185010213521,
            634.5179272487106,
            518.3531614642666,
            677.0118167358676,
            218.68699092538634,
            234.96808293893875,
            580.1137819428185,
            541.7905499360431,
            226.9911892563233,
            548.1943086169355,
            589.7194248114945,
            462.70941205037104,
            174.42763542512407,
            334.5743564590687,
            276.4489102890442,
            606.0924021962327,
            285.2402496142506,
            283.0494656416083,
            358.91224554199874,
            726.7255327838702,
            346.770817687994,
            374.432904536981,
            662.1918151109994,
            364.51611761347397,
            632.1550442731593,
            378.8112986699315,
            761.1793481171176,
            492.16359068911225,
            397.95979696446733,
            311.8878003385191,
            733.9168890276337,
            663.8192525077892,
            533.5400641001573,
            659.1942050716162
        ],
        [
            184.16568627190026,
            452.55386419740137,
            703.0113797087499,
            385.0402576354841,
            245.59519539274376,
            513.4715181974557,
            782.4602226311572,
            741.8955452083535,
            347.9727000786125,
            905.7262279519127,
            344.05232160239814,
            737.3282850942313,
            592.4466220681826,
            333.00150149811634,
            0,
            531.5881864752075,
            966.1728623802264,
            1013.0967377304104,
            850.7185198407285,
            897.5795229393327,
            768.439978137525,
            981.264999885352,
            494.5321020924729,
            154.40207252495026,
            912.080040347337,
            486.4863821321209,
            555.2521949528881,
            729.0493810435613,
            919.672224219042,
            486.83672827756124,
            505.023761817204,
            66.40783086353596,
            272.07719492820416,
            603.1865383113254,
            617.8478777174848,
            50.009999000199954,
            673.6556984098034,
            732.0,
            488.77397639399743,
            291.2902332725902,
            716.494242824044,
            660.3711077871291,
            817.783589955191,
            539.9629616927442,
            1071.0219418854124,
            500.6086295700465,
            646.0541772947528,
            350.5709628591621,
            734.0980860893183,
            945.05978646856,
            825.40474919884,
            670.5438091579103
        ],
        [
            489.47012166219093,
            494.99191912595904,
            219.12781658201226,
            309.2604080706096,
            341.8259791180302,
            321.1744074486633,
            674.6925225612034,
            277.6058356735319,
            325.12920508622415,
            374.18979141606735,
            496.8561159933528,
            824.357325436003,
            722.006232660079,
            198.92712233378333,
            531.5881864752075,
            0,
            552.586644789756,
            509.61652249510126,
            319.1801998871484,
            504.6434384790909,
            412.9721540249415,
            522.5983161090361,
            176.23847480048167,
            427.0948372434395,
            385.67343699041555,
            668.6920068312467,
            77.02596964660685,
            532.6847097486467,
            392.1543063642168,
            564.9070720038827,
            57.3149195236284,
            528.8553677519026,
            435.7659922481331,
            701.5411605886002,
            93.00537618869136,
            481.58592172114004,
            213.37759957408838,
            806.2567829172043,
            406.6767758306343,
            535.7350091229805,
            720.3679615307722,
            253.77943179067924,
            601.770720457551,
            414.65407269192474,
            597.1013314337861,
            597.1641315417395,
            316.22776601683796,
            423.4170520893083,
            815.5501210839221,
            514.1400587388615,
            404.14477603947824,
            741.679850070096
        ],
        [
            997.409143731899,
            1047.448805431559,
            337.5040740494846,
            859.7406585709438,
            859.8796427407733,
            866.7392918288637,
            1196.2650208043367,
            276.5013562353718,
            871.0826596827651,
            441.50877680970285,
            1040.4085735902024,
            1374.1066188618697,
            1274.5920916120576,
            694.4955003453946,
            966.1728623802264,
            552.586644789756,
            0,
            688.2623046484531,
            454.07047911089745,
            73.24616030891995,
            203.29781110479274,
            804.55267074319,
            481.9004046480974,
            920.8181145047049,
            531.8646444350292,
            1218.4157746844876,
            604.9735531409616,
            1041.923701621189,
            377.6413642597961,
            1117.4148737152195,
            609.6498995325103,
            931.1756010549245,
            968.291278490104,
            1253.810192971807,
            540.5201198845423,
            921.7250132224904,
            657.8708079858841,
            1355.2778312951186,
            957.4601819396983,
            1067.784622477773,
            1263.7286101058248,
            727.5850465753127,
            1090.9848761554854,
            959.8385280868861,
            819.3814740400225,
            1149.6229816770367,
            320.8613407688748,
            665.4697588921678,
            1365.0091574784399,
            49.03060268852505,
            791.8187924013928,
            1291.927629552058
        ],
        [
            916.4802234636599,
            776.0231955296182,
            488.8783079663078,
            671.6583953171433,
            781.4921624686968,
            574.5432968889289,
            719.9423588038143,
            519.9769225648384,
            707.0007072132247,
            250.56935167733508,
            846.0502349151616,
            982.901826226811,
            949.7336468715847,
            689.939852450922,
            1013.0967377304104,
            509.61652249510126,
            688.2623046484531,
            0,
            260.27101260032777,
            696.0976942929777,
            701.5589782762387,
            145.83552379307315,
            651.8780560810434,
            879.5754657788038,
            166.20770138594662,
            953.2093159427262,
            463.11337704713304,
            574.3378796492532,
            311.01446911679204,
            828.0658186400402,
            516.484268879508,
            1023.4495590892597,
            830.106619657981,
            914.1974622585648,
            416.7601228524629,
            964.6522689549845,
            340.9589418097141,
            960.4275089771221,
            664.2175848319586,
            912.7524308376286,
            848.4438696814303,
            371.65171868296267,
            570.8844016085918,
            628.3510165504629,
            131.13733259449805,
            856.1051337306651,
            688.4104880084266,
            925.6808305242148,
            972.4633669192891,
            640.0632781217807,
            258.14724480420085,
            917.0921436802303
        ],
        [
            795.0628905941969,
            731.4923102808394,
            232.16588896735024,
            576.5500845546724,
            648.4820737691983,
            523.481613812749,
            789.2844861011777,
            259.724854413281,
            604.1862295683343,
            57.07889277132134,
            768.7977627438831,
            1011.0969290824693,
            941.6501473477292,
            517.8185010213521,
            850.7185198407285,
            319.1801998871484,
            454.07047911089745,
            260.27101260032777,
            0,
            449.0712638323678,
            442.2239251781839,
            354.2386201418473,
            420.40932434949633,
            740.0391881515466,
            94.847245611035,
            915.4916711800277,
            308.00162337234525,
            631.6209306221573,
            104.6374693883601,
            795.9321579129719,
            350.6522493867678,
            846.9828805826007,
            726.481933705168,
            912.326695871605,
            235.93643211678858,
            800.7252962158746,
            263.47295876427245,
            989.9100969279989,
            622.6411486562705,
            822.1046162137761,
            885.5789067045353,
            330.7204257375102,
            664.0632499995766,
            605.0933812230968,
            385.18826565719786,
            827.645455494078,
            430.669246638299,
            699.0064377385949,
            1001.0644334906721,
            405.0580205353302,
            345.0985366529392,
            934.1546981094727
        ],
        [
            934.9438485812931,
            997.3103829801432,
            297.75493278869453,
            807.8867494890604,
            799.9812497802683,
            823.3614030302853,
            1161.9057620994913,
            236.67699507979222,
            817.0201955888239,
            445.7589034444517,
            984.6039813041587,
            1328.8942772094401,
            1224.9448967198484,
            634.5179272487106,
            897.5795229393327,
            504.6434384790909,
            73.24616030891995,
            696.0976942929777,
            449.0712638323678,
            0,
            131.10682667199293,
            803.2060756742319,
            418.7660444687464,
            857.3126617518255,
            534.0758373115189,
            1164.8896943487825,
            562.6028794807222,
            1009.7524449091471,
            386.3806413370111,
            1067.3448364984954,
            561.9572937510466,
            861.1370390361805,
            909.993956023885,
            1205.663717626105,
            503.0755410472666,
            853.820824295121,
            629.0763069771425,
            1310.6185562550227,
            911.2787718365879,
            1008.8176247469113,
            1222.1804285783667,
            697.2065691027302,
            1063.4364108868945,
            916.8974860910024,
            826.3951839162665,
            1099.3252475950874,
            251.52534663528445,
            592.8110997611296,
            1320.024620982503,
            82.97590011563598,
            775.6958166704266,
            1246.2816696076372
        ],
        [
            813.4230141814281,
            894.8212111924929,
            237.53947040439408,
            703.9005611590319,
            682.8154948446908,
            733.9434583126958,
            1085.0732694154804,
            187.26718879718356,
            709.2284540259225,
            455.543631280254,
            872.9902634050394,
            1232.8961837884,
            1122.1555150691013,
            518.3531614642666,
            768.439978137525,
            412.9721540249415,
            203.29781110479274,
            701.5589782762387,
            442.2239251781839,
            131.10682667199293,
            0,
            789.6967772506102,
            299.8032688280767,
            734.5338657951722,
            535.3596921696663,
            1056.1481903596673,
            479.90103146378004,
            938.0047974290964,
            408.30993130219105,
            964.5776277729025,
            469.15775598406134,
            730.7598784826654,
            794.7993457470885,
            1105.3840961403416,
            431.96759137694573,
            725.4384880884113,
            569.9754380672908,
            1215.6002632444597,
            816.0882305241266,
            892.2163414777831,
            1132.7418064148599,
            633.4113986975606,
            999.2847442045736,
            827.2484511922642,
            827.3741596158294,
            996.0266060703398,
            123.87897319561542,
            462.212072538137,
            1224.434563380175,
            196.51463049859674,
            736.147403717489,
            1149.9169535231663
        ],
        [
            862.565939508395,
            687.5172725102984,
            560.5086975239545,
            614.2125039430572,
            739.5038877517818,
            500.9191551538032,
            588.5448156257941,
            602.8100861797187,
            651.6578857038409,
            363.798020885216,
            770.8728818683403,
            859.7139059012596,
            840.3154169715084,
            677.0118167358676,
            981.264999885352,
            522.5983161090361,
            804.55267074319,
            145.83552379307315,
            354.2386201418473,
            803.2060756742319,
            789.6967772506102,
            0,
            685.8870169350051,
            837.5064178858572,
            273.19040978775223,
            856.1051337306651,
            460.03695503731,
            451.50858242119824,
            429.6347285776605,
            731.9815571447139,
            513.264064590538,
            1000.8441437106977,
            769.3874186650052,
            803.0971298666183,
            435.78549769353265,
            935.1545326843045,
            319.0,
            837.1529131526688,
            579.6386805588461,
            842.214343264231,
            724.5722876290536,
            320.89406351629503,
            436.1983493778949,
            537.093101798934,
            94.83142938920619,
            757.5222769001583,
            756.1144093323444,
            945.9096151324396,
            849.2967679203778,
            755.6143196102097,
            162.5423021862309,
            798.8404095938063
        ],
        [
            516.1869816258445,
            603.9114173452925,
            219.01826407859232,
            413.533553656774,
            383.0469945058961,
