{
    "depot": {
        "x": 985,
        "y": 737,
        "node_type": "depot",
        "id": 0
    },
    "final_destination": {
        "x": 483,
        "y": 122,
        "node_type": "final",
        "id": 26
    },
    "pickup_nodes": [
        {
            "x": 932,
            "y": 572,
            "node_type": "pickup",
            "id": 1
        },
        {
            "x": 525,
            "y": 573,
            "node_type": "pickup",
            "id": 2
        },
        {
            "x": 203,
            "y": 277,
            "node_type": "pickup",
            "id": 3
        },
        {
            "x": 281,
            "y": 618,
            "node_type": "pickup",
            "id": 4
        },
        {
            "x": 612,
            "y": 623,
            "node_type": "pickup",
            "id": 5
        },
        {
            "x": 204,
            "y": 695,
            "node_type": "pickup",
            "id": 6
        },
        {
            "x": 958,
            "y": 394,
            "node_type": "pickup",
            "id": 7
        },
        {
            "x": 109,
            "y": 71,
            "node_type": "pickup",
            "id": 8
        },
        {
            "x": 567,
            "y": 925,
            "node_type": "pickup",
            "id": 9
        },
        {
            "x": 738,
            "y": 72,
            "node_type": "pickup",
            "id": 10
        },
        {
            "x": 333,
            "y": 398,
            "node_type": "pickup",
            "id": 11
        },
        {
            "x": 331,
            "y": 819,
            "node_type": "pickup",
            "id": 12
        },
        {
            "x": 233,
            "y": 594,
            "node_type": "pickup",
            "id": 13
        },
        {
            "x": 487,
            "y": 340,
            "node_type": "pickup",
            "id": 14
        },
        {
            "x": 481,
            "y": 338,
            "node_type": "pickup",
            "id": 15
        },
        {
            "x": 841,
            "y": 937,
            "node_type": "pickup",
            "id": 16
        },
        {
            "x": 125,
            "y": 774,
            "node_type": "pickup",
            "id": 17
        },
        {
            "x": 87,
            "y": 173,
            "node_type": "pickup",
            "id": 18
        },
        {
            "x": 448,
            "y": 121,
            "node_type": "pickup",
            "id": 19
        },
        {
            "x": 637,
            "y": 986,
            "node_type": "pickup",
            "id": 20
        },
        {
            "x": 98,
            "y": 755,
            "node_type": "pickup",
            "id": 21
        },
        {
            "x": 77,
            "y": 433,
            "node_type": "pickup",
            "id": 22
        },
        {
            "x": 853,
            "y": 705,
            "node_type": "pickup",
            "id": 23
        },
        {
            "x": 187,
            "y": 688,
            "node_type": "pickup",
            "id": 24
        },
        {
            "x": 720,
            "y": 415,
            "node_type": "pickup",
            "id": 25
        }
    ],
    "delivery_nodes": [
        {
            "x": 479,
            "y": 358,
            "node_type": "delivery",
            "id": 1
        },
        {
            "x": 34,
            "y": 980,
            "node_type": "delivery",
            "id": 2
        },
        {
            "x": 327,
            "y": 901,
            "node_type": "delivery",
            "id": 3
        },
        {
            "x": 732,
            "y": 926,
            "node_type": "delivery",
            "id": 4
        },
        {
            "x": 803,
            "y": 38,
            "node_type": "delivery",
            "id": 5
        },
        {
            "x": 726,
            "y": 471,
            "node_type": "delivery",
            "id": 6
        },
        {
            "x": 62,
            "y": 293,
            "node_type": "delivery",
            "id": 7
        },
        {
            "x": 76,
            "y": 837,
            "node_type": "delivery",
            "id": 8
        },
        {
            "x": 4,
            "y": 590,
            "node_type": "delivery",
            "id": 9
        },
        {
            "x": 248,
            "y": 956,
            "node_type": "delivery",
            "id": 10
        },
        {
            "x": 923,
            "y": 648,
            "node_type": "delivery",
            "id": 11
        },
        {
            "x": 511,
            "y": 413,
            "node_type": "delivery",
            "id": 12
        },
        {
            "x": 898,
            "y": 835,
            "node_type": "delivery",
            "id": 13
        },
        {
            "x": 906,
            "y": 1000,
            "node_type": "delivery",
            "id": 14
        },
        {
            "x": 234,
            "y": 930,
            "node_type": "delivery",
            "id": 15
        },
        {
            "x": 379,
            "y": 369,
            "node_type": "delivery",
            "id": 16
        },
        {
            "x": 376,
            "y": 939,
            "node_type": "delivery",
            "id": 17
        },
        {
            "x": 91,
            "y": 469,
            "node_type": "delivery",
            "id": 18
        },
        {
            "x": 281,
            "y": 753,
            "node_type": "delivery",
            "id": 19
        },
        {
            "x": 248,
            "y": 425,
            "node_type": "delivery",
            "id": 20
        },
        {
            "x": 552,
            "y": 510,
            "node_type": "delivery",
            "id": 21
        },
        {
            "x": 816,
            "y": 12,
            "node_type": "delivery",
            "id": 22
        },
        {
            "x": 427,
            "y": 139,
            "node_type": "delivery",
            "id": 23
        },
        {
            "x": 956,
            "y": 253,
            "node_type": "delivery",
            "id": 24
        },
        {
            "x": 497,
            "y": 219,
            "node_type": "delivery",
            "id": 25
        }
    ],
    "travel_costs": [
        [
            0,
            173.30320250935932,
            488.3605225650411,
            907.2618144725368,
            713.9866945538971,
            390.0320499651279,
            782.1285060653396,
            344.0610410959079,
            1100.4235548187798,
            458.3317575730488,
            709.3898786985899,
            734.8639329835149,
            659.1206262893007,
            765.4756691103904,
            636.8775392491087,
            642.8195703305865,
            246.44674881198983,
            860.7955622562189,
            1060.4244433244642,
            817.2056044839634,
            427.907700328003,
            887.1826193067582,
            957.5385109748852,
            135.82341477079717,
            799.5029706011104,
            417.0239801258436,
            632.2001265422208,
            981.5548889389734,
            678.1297810891364,
            315.8005699804863,
            722.3053370978232,
            371.2640569729313,
            1024.2387417003908,
            914.4840075146202,
            991.9526198362499,
            768.8497902711556,
            108.46658471621572,
            574.1532896361389,
            131.04579352272242,
            274.60881267723363,
            775.4031209635413,
            708.9851902543522,
            641.6268385907808,
            933.3059519793068,
            704.1817947092925,
            800.3205607754933,
            488.894671682971,
            744.4366997938777,
            817.904639918371,
            484.8680232805624,
            711.6656518337808,
            793.8696366532731
        ],
        [
            173.30320250935932,
            0,
            407.0012284993744,
            786.4260931581556,
            652.623168451749,
            324.0385779502188,
            738.3176823021374,
            179.88885457415088,
            963.4988323812335,
            507.7735715848158,
            536.3170703977265,
            623.7603706552701,
            649.7768847843082,
            699.3461231750699,
            501.845593783586,
            508.09152718776954,
            376.17283261819955,
            831.8972292296688,
            934.4656226956668,
            661.5564979652153,
            508.35125651462687,
            853.8413201526382,
            866.2251439435362,
            154.69324484281788,
            753.9767900937005,
            263.80485211610494,
            501.0039920000639,
            986.340711924637,
            688.6697321648455,
            406.59070328771656,
            549.3605373522929,
            229.4275484766378,
            913.641614638913,
            896.080911525293,
            928.1745525492498,
            784.4182557794024,
            76.53103945458993,
            450.02444378055736,
            265.1886121235224,
            428.78899239602686,
            784.4539502099534,
            589.0823371991389,
            666.2019213421709,
            847.2838957515952,
            675.6937175969598,
            699.6177527764714,
            385.0246745339836,
            571.888100942833,
            665.2172577436638,
            319.9015473548073,
            560.2088896117233,
            635.6893895606564
        ],
        [
            488.3605225650411,
            407.0012284993744,
            0,
            437.37855457258075,
            248.11489274124597,
            100.34440691936945,
            343.40209667385545,
            468.54028642156266,
            651.9662567955492,
            354.4968265020154,
            544.3987509170094,
            259.7864507629295,
            313.29219588109754,
            292.7541630788536,
            236.07837681583632,
            239.08366736354031,
            482.02904476805134,
            447.6617026282235,
            593.1643954250794,
            458.5117228599504,
            427.91704803618194,
            464.1691502028113,
            469.3655291987259,
            353.5647041207592,
            357.02801010564986,
            250.9760944791356,
            219.8658682015014,
            637.7538710192201,
            383.12922102079347,
            409.2163242100686,
            602.9170755584884,
            225.39964507514205,
            541.0813247562699,
            520.8617858895007,
            521.2772774637314,
            472.6711330301439,
            405.0049382414985,
            160.61133210331082,
            455.82123689007733,
            572.2674200057172,
            460.575726672607,
            250.86251214559738,
            395.16705328253266,
            446.2869032360237,
            303.2094985319556,
            314.05891167104306,
            68.54195795277518,
            631.9825946970375,
            444.9269602979797,
            536.8062965353517,
            355.1056180912941,
            452.95143227502876
        ],
        [
            907.2618144725368,
            786.4260931581556,
            437.37855457258075,
            0,
            349.80708969373393,
            535.7210094816144,
            418.0011961705373,
            764.0117800138947,
            226.4332131115045,
            743.236167042482,
            572.9310604252487,
            177.59786034747154,
            556.9093283470838,
            318.4163940503064,
            290.90376415577714,
            284.6137733842127,
            917.9564259811028,
            503.0834920766134,
            155.79473675320355,
            290.4496514027861,
            831.286352588565,
            489.3965672131344,
            200.52929960482084,
            778.2570269518933,
            411.31131761720343,
            535.1009250599367,
            287.64040050034697,
            723.0283535242584,
            636.2012260283692,
            837.2825090732518,
            645.8490535721177,
            557.8216560873198,
            141.90489773083942,
            574.2203409841906,
            370.9043003255691,
            680.4895296769818,
            809.9635794281122,
            336.68976818430343,
            891.2850273621789,
            1008.4334385570521,
            653.7354204875242,
            198.59506539690256,
            684.2316859076317,
            222.2791038311969,
            482.3484217865754,
            154.69001260585637,
            419.63079010005924,
            667.82782212184,
            263.09694030908076,
            753.382373035101,
            299.66648127543397,
            320.03906011610525
        ],
        [
            713.9866945538971,
            652.623168451749,
            248.11489274124597,
            349.80708969373393,
            0,
            331.03776219639957,
            108.89444430272833,
            713.0953652913472,
            573.4047436148396,
            419.5771681109448,
            712.01474703829,
            226.06193841511663,
            207.12556578076016,
            53.665631459994955,
            346.0057802985378,
            344.0930106817051,
            644.4850657695646,
            220.61731573020285,
            485.4492764439968,
            524.3071618812774,
            512.0156247615887,
            228.60008748904713,
            275.39244724574417,
            578.5784302927304,
            117.2006825918689,
            483.663105890867,
            326.8088126106761,
            438.2385195301755,
            286.71414335536366,
            546.136429841482,
            780.3101947302753,
            468.6512562663201,
            391.9004975755964,
            299.9766657591887,
            278.4115658517081,
            339.6071259558609,
            642.7005523570056,
            308.09901006007794,
            654.0473988939946,
            732.4950511778219,
            315.52020537518666,
            267.5911059807482,
            334.7626024513491,
            241.45600013252934,
            135.0,
            195.80091930325557,
            291.72761268004786,
            808.3693462768117,
            500.75642781695774,
            767.3656234155919,
            453.7146680458986,
            535.5557860764833
        ],
        [
            390.0320499651279,
            324.0385779502188,
            100.34440691936945,
            535.7210094816144,
            331.03776219639957,
            0,
            414.3042360391696,
            414.9180642006323,
            746.8018478820202,
            305.3342430845253,
            565.2229648554629,
            358.42153953131776,
            342.6032691029086,
            380.1078794237236,
            309.37679292409763,
            313.6654268484176,
            388.6347900021304,
            509.8725330903794,
            691.4658342969665,
            528.1098370604357,
            363.85986313414674,
            530.6788105813157,
            567.7367347635698,
            254.56826196523397,
            429.9418565341132,
            234.36723320464404,
            296.5029510814353,
            679.3622008913949,
            398.1318876955223,
            325.8972230627319,
            615.3909326598825,
            190.0,
            641.4047084329829,
            577.1412305493344,
            608.8949006191461,
            493.34065309885017,
            312.0032051117424,
            233.02574965011914,
            356.0056179332006,
            478.0847205255571,
            486.9630376116857,
            344.68101195163047,
            394.4008113581918,
            543.2835355502687,
            355.61355429735795,
            414.36698710201324,
            127.94139283281233,
            644.1560369972481,
            518.1515222403578,
            505.2088676973119,
            420.04880668798484,
            517.3412800076948
        ],
        [
            782.1285060653396,
            738.3176823021374,
            343.40209667385545,
            418.0011961705373,
            108.89444430272833,
            414.3042360391696,
            0,
            811.8602096420295,
            631.1901456771961,
            429.7313114028346,
            820.5394566990669,
            323.80549717384355,
            177.49647883831386,
            105.08092119885512,
            453.99779735148496,
            451.86059797242774,
            681.4198412139172,
            111.72287142747452,
            534.9513996616889,
            623.7082651368346,
            521.6991470186624,
            121.80311982868092,
            291.15803269015265,
            649.0770370302743,
            18.38477631085024,
            587.0741009446763,
            434.96436635660166,
            331.85087012090236,
            239.92707225321615,
            576.3202234869083,
            889.0725504704327,
            568.0316892568583,
            426.34258525275186,
            191.17531221368517,
            225.88713996153035,
            264.6828290615014,
            720.5345238085405,
            416.8608880669905,
            707.9802257125548,
            765.3946694353182,
            236.9071548096427,
            370.0013513488836,
            298.52973051272465,
            252.67568145747626,
            96.40020746865642,
            273.5616932247642,
            394.11800263372896,
            917.0785135417796,
            599.0534199885684,
            872.2774787875701,
            558.949908310217,
            637.3146789459663
        ],
        [
            344.0610410959079,
            179.88885457415088,
            468.54028642156266,
            764.0117800138947,
            713.0953652913472,
            414.9180642006323,
            811.8602096420295,
            0,
            908.3666660550682,
            659.4255075442563,
            389.9794866400026,
            625.0127998689308,
            757.4655107660019,
            752.0804478245662,
            474.08543533839975,
            480.2759623383207,
            555.4619698953295,
            915.5812361554817,
            898.6000222568437,
            578.4712611703368,
            673.4277986540205,
            932.6955559023534,
            881.8628011204464,
            328.24685832464564,
            825.1527131386044,
            238.92467432226417,
            480.3509133956133,
            1094.1535541230032,
            809.4504308479922,
            578.013840664737,
            388.2795384771132,
            244.44426767670376,
            901.6745532618738,
            987.0020263403719,
            973.9260752233714,
            905.5075924585061,
            256.40007800310826,
            447.40362090622375,
            445.0629169005209,
            608.2269313340211,
            900.8174065813782,
            579.5394723398916,
            797.3386984211917,
            870.2378985082182,
            766.2962873458282,
            710.6764383318192,
            422.2463735782701,
            407.5389551932429,
            589.0551756839083,
            141.01418368376991,
            493.0983674683987,
            547.3655085954905
        ],
        [
            1100.4235548187798,
            963.4988323812335,
            651.9662567955492,
            226.4332131115045,
            573.4047436148396,
            746.8018478820202,
            631.1901456771961,
            908.3666660550682,
            0,
            969.0614015633892,
            629.0007949120574,
            396.36473102434326,
            780.2486783071151,
            537.4988372080446,
            463.9450398484717,
            457.9006442450153,
            1133.9223959336898,
            703.1820532408374,
            104.34557968596467,
            342.6674773012461,
            1056.4132714047093,
            684.0884445742378,
            363.41161236262116,
            977.4927109702661,
            621.9107653031905,
            701.182572515889,
            468.26167897875223,
            912.0888114651995,
            858.1515017757646,
            1057.9007514885316,
            694.7841391396323,
            735.3155785103427,
            226.9206909913682,
            766.7105059929727,
            529.5148723123838,
            895.8493176868529,
            997.7599911802437,
            527.795414909982,
            1098.2791084237194,
            1224.030228384904,
            868.0472337378882,
            402.1243588742169,
            908.1371041863667,
            398.40682725073873,
            703.3548179972894,
            380.3117142555564,
            623.6745946405064,
            709.4575392509407,
            325.1891757116156,
            866.3330768243817,
            415.26858778385827,
            377.46125628996685
        ],
        [
            458.3317575730488,
            507.7735715848158,
            354.4968265020154,
            743.236167042482,
            419.5771681109448,
            305.3342430845253,
            429.7313114028346,
            659.4255075442563,
            969.0614015633892,
            0,
            869.9712638932393,
            576.6151229373021,
            258.71219530590355,
            470.23079439781486,
            590.444747626736,
            593.2663819904175,
            274.2626478396211,
            467.08136336188795,
            892.1345190048416,
            812.7588818339667,
            92.84934033152847,
            498.85969971526066,
            694.3802992597068,
            360.82682827084795,
            447.8493050122999,
            532.4556319544381,
            573.7882884827817,
            535.8301969840819,
            241.19701490690136,
            165.00303027520434,
            917.8589216214004,
            481.0374205818088,
            808.980222255155,
            498.8236161209692,
            655.1289949315326,
            320.50273009757655,
            451.07094785632114,
            515.0533952902359,
            343.0174922653362,
            347.1973502203034,
            333.0375354220602,
            586.9241859047896,
            191.51240168720145,
            659.17524225353,
            333.73642294481436,
            593.0944275577035,
            415.27099585692235,
            946.3456028322844,
            798.3708411509028,
            776.4695744200154,
            709.4617678212124,
            807.3815702627846
        ],
        [
            709.3898786985899,
            536.3170703977265,
            544.3987509170094,
            572.9310604252487,
            712.01474703829,
            565.2229648554629,
            820.5394566990669,
            389.9794866400026,
            629.0007949120574,
            869.9712638932393,
            0,
            519.904798977659,
            850.68090374711,
            726.2981481457872,
            367.1852393547431,
            369.8715993422582,
            871.1107851473314,
            931.9726390833586,
            658.7882816201272,
            294.11052344314373,
            919.563483398509,
            935.9962606762914,
            753.1546985845603,
            643.3614847035841,
            826.4726250759912,
            343.4719784785944,
            385.8458241318675,
            1148.9473443113047,
            925.2902247403244,
            854.0210770232782,
            73.35529974037323,
            399.18041034098854,
            711.2081270626765,
            1011.6664470071153,
            898.376313133867,
            1010.720535063971,
            604.9801649641086,
            409.64618880199527,
            779.5954078879633,
            943.0843016401027,
            995.0778863988487,
            465.9291791678216,
            939.5387166051222,
            759.0902449643257,
            820.1280387841888,
            603.9114173452925,
            475.8571214135604,
            98.40731680114034,
            318.1351913888182,
            283.346078144731,
            282.29417280560364,
            259.8557292037257
        ],
        [
            734.8639329835149,
            623.7603706552701,
            259.7864507629295,
            177.59786034747154,
            226.06193841511663,
            358.42153953131776,
            323.80549717384355,
            625.0127998689308,
            396.36473102434326,
            576.6151229373021,
            519.904798977659,
            0,
            421.00475056702146,
            220.03636063160104,
            164.5600194457937,
            159.69971822141704,
            740.6652415227813,
            429.6975680638651,
            333.3781636520304,
            299.9233235345327,
            661.9365528508,
            427.4037903435111,
            258.3815008858026,
            603.8617391423305,
            324.6783023240081,
            387.3732050619919,
            151.3803157613301,
            654.31261641512,
            503.0357840154117,
            661.8043517535979,
            592.0304046246274,
            399.7224036753507,
            290.6303494131334,
            508.6944072820145,
            380.9265020971893,
            564.4368875259661,
            640.7807737440316,
            178.63090438107287,
            714.2786571079946,
            831.1034833280389,
            541.1330705103875,
            54.378304497290095,
            542.706182017489,
            252.20031720836514,
            358.7882383802457,
            89.1852005660132,
            245.9776412603389,
            618.2920022125468,
            275.53039759707093,
            639.6514675977849,
            242.7694379447298,
            314.1273627050022
        ],
        [
            659.1206262893007,
            649.7768847843082,
            313.29219588109754,
            556.9093283470838,
            207.12556578076016,
            342.6032691029086,
            177.49647883831386,
            757.4655107660019,
            780.2486783071151,
            258.71219530590355,
            850.68090374711,
            421.00475056702146,
            0,
            245.41597340026584,
            503.7628410274025,
            503.84620669406655,
            523.4730174517117,
            210.85777196963835,
            690.5447125277262,
            707.7379458528418,
            348.60436027106715,
            241.62988225796906,
            462.0735872131191,
            534.3032846614365,
            194.67151820438448,
            560.8359831537202,
            484.17455530004884,
            337.83131885602313,
            82.09750300709516,
            415.0301193889427,
            912.5486288412251,
            526.4304322510241,
            590.7935341555458,
            255.63450471327224,
            399.2117232747555,
            160.1811474549986,
            616.2020772441456,
            444.1125983351519,
            567.2257046361703,
            602.8150628509543,
            147.41099009232656,
            452.55275935519387,
            128.16005617976296,
            424.3819034784589,
            82.80096617793781,
            402.6474885057648,
            379.8973545577805,
            941.527482339204,
            686.7430378241922,
            843.1968927836487,
            622.5399585568786,
            713.3813846744251
        ],
        [
            765.4756691103904,
            699.3461231750699,
            292.7541630788536,
            318.4163940503064,
            53.665631459994955,
            380.1078794237236,
            105.08092119885512,
            752.0804478245662,
            537.4988372080446,
            470.23079439781486,
            726.2981481457872,
            220.03636063160104,
            245.41597340026584,
            0,
            359.21024484276614,
            356.4267105591274,
            698.0780758625785,
            209.9142682144308,
            445.5973518772301,
            519.5709768645665,
            562.9209535982827,
            210.10949526377908,
            224.18073066166951,
            629.8579204868349,
            104.65180361560903,
            518.854507545227,
            340.898811966249,
            434.27756101369084,
            321.06852851065923,
            599.353818708115,
            796.2637753910446,
            508.11219233551174,
            346.1820330404222,
            289.3060663034911,
            229.03493183355243,
            362.3106401970552,
            692.1098178757474,
            331.7303121513016,
            707.3231227663917,
            785.980279650832,
            336.00148809194286,
            268.21819475941595,
            373.4621801467988,
            189.17980864775183,
            166.0873264279969,
            169.66437457521835,
            329.87421845303396,
            823.7797035615771,
            494.6321865790782,
            799.3810105325246,
            458.60767547000347,
            534.1198367407824
        ],
        [
            636.8775392491087,
            501.845593783586,
            236.07837681583632,
            290.90376415577714,
            346.0057802985378,
            309.37679292409763,
            453.99779735148496,
            474.08543533839975,
            463.9450398484717,
            590.444747626736,
            367.1852393547431,
            164.5600194457937,
            503.7628410274025,
            359.21024484276614,
            0,
            6.324555320336759,
            694.0641180755565,
            565.1548460377917,
            433.4616476690873,
            222.4454989429995,
            663.186248349587,
            568.8110406804706,
            420.41527089295886,
            516.895540704309,
            459.46055325783954,
            244.77336456403913,
            19.697715603592208,
            784.0975704591872,
            583.3703797760047,
            635.1543119589129,
            437.10410659246844,
            272.5472436110848,
            427.59092600287954,
            644.9263523845184,
            543.8648729234128,
            660.7397369615362,
            533.8164478545036,
            76.84399781375251,
            643.3863536010069,
            781.7678683599115,
            641.9571636799453,
            111.82575731914359,
            609.1978332200468,
            416.4816922747026,
            461.52464722915937,
            253.6651335915127,
            182.00274723201295,
            464.5696933722647,
            209.76415327696006,
            477.0010482168776,
            121.41251994749142,
            218.03669415949236
        ],
        [
            642.8195703305865,
            508.09152718776954,
            239.08366736354031,
            284.6137733842127,
            344.0930106817051,
            313.6654268484176,
            451.86059797242774,
            480.2759623383207,
            457.9006442450153,
            593.2663819904175,
            369.8715993422582,
            159.69971822141704,
            503.84620669406655,
            356.4267105591274,
            6.324555320336759,
            0,
            698.8569238406384,
            562.878317223181,
            427.15453877958504,
            219.49487465542333,
            666.5133156959432,
            566.1960791104086,
            415.0192766607354,
            522.563871694169,
            457.0951760848062,
            251.09759058979435,
            20.09975124224178,
            782.2870317217332,
            583.6822765854724,
            639.3316823058278,
            440.09544419364306,
            278.77230852435827,
            421.409539521829,
            642.6709889204584,
            539.4747445432455,
            660.4642306741524,
            539.874059387928,
            80.77747210701757,
            648.766521947611,
            786.6822738564789,
            641.4616122575068,
            106.60675400742676,
            610.103269946982,
            411.41341737964746,
            460.6788469204985,
            248.7126856434951,
            186.07794065928394,
            467.4409053559604,
            206.196508214858,
            482.5453346577915,
            120.07081243999309,
            216.00925906080968
        ],
        [
            246.44674881198983,
            376.17283261819955,
            482.02904476805134,
            917.9564259811028,
            644.4850657695646,
            388.6347900021304,
            681.4198412139172,
            555.4619698953295,
            1133.9223959336898,
            274.2626478396211,
            871.1107851473314,
            740.6652415227813,
            523.4730174517117,
            698.0780758625785,
            694.0641180755565,
            698.8569238406384,
            0,
            734.3194127898295,
            1073.4113843256926,
            905.70690623402,
            209.80228788075692,
            764.9660123168871,
            915.266081530393,
            232.3101375317057,
            699.7978279474723,
            535.8404613315423,
            682.8506425273391,
            808.1447890075144,
            515.2591580942545,
            109.5536398299938,
            899.8027561638161,
            479.98020792528513,
            1010.7309236389277,
            771.5082630795345,
            906.078363056971,
            593.3043064060802,
            300.4080558174164,
            619.2543903760393,
            116.84605256490268,
            90.52071586106686,
            607.0403610963607,
            732.1666476970936,
            465.0043010553773,
            884.0384607017954,
            589.4539846332367,
            783.4494240217424,
            515.6064390598706,
            925.3377761660875,
            898.9994438263018,
            693.6000288350627,
            796.1532515791166,
            890.1623447439237
        ],
        [
            860.7955622562189,
            831.8972292296688,
            447.6617026282235,
            503.0834920766134,
            220.61731573020285,
            509.8725330903794,
            111.72287142747452,
            915.5812361554817,
            703.1820532408374,
            467.08136336188795,
            931.9726390833586,
            429.6975680638651,
            210.85777196963835,
            209.9142682144308,
            565.1548460377917,
            562.878317223181,
            734.3194127898295,
            0,
            602.2001328462159,
            728.5176730869334,
            554.1552129142159,
            33.015148038438355,
            344.361728419405,
            731.262606728937,
            106.01886624558857,
            694.9143832156592,
            546.2343819277582,
            225.20435164534456,
            238.60637040950942,
            625.7419595967655,
            1000.689762114113,
            673.0601756158211,
            485.1082353454742,
            79.81227975693966,
            220.2203442009843,
            219.66565503054866,
            807.8861305901966,
            528.5044938314148,
            775.403120963541,
            813.0418193426461,
            190.30764566879597,
            478.0596197128555,
            300.37643050013094,
            306.8892308309303,
            157.40711546813887,
            370.04053831979,
            502.02091589892945,
            1028.6520305720492,
            703.1564548519768,
            980.8170063778462,
            668.1384587044814,
            743.8198706676234
        ],
        [
            1060.4244433244642,
            934.4656226956668,
            593.1643954250794,
            155.79473675320355,
            485.4492764439968,
            691.4658342969665,
            534.9513996616889,
            898.6000222568437,
            104.34557968596467,
            892.1345190048416,
            658.7882816201272,
            333.3781636520304,
            690.5447125277262,
            445.5973518772301,
            433.4616476690873,
            427.15453877958504,
            1073.4113843256926,
            602.2001328462159,
            0,
            364.7259244967377,
            981.5645674126588,
            582.1039426081909,
            260.1922366251537,
            932.6199654736114,
            524.6189093046494,
            677.6820788540892,
            433.46164766908737,
            808.7385238753005,
            766.5402794374213,
            991.4807108562426,
            728.6158109731082,
            705.0709184188495,
            122.57650672131263,
            664.0911082073001,
            425.17996189848833,
            799.3810105325246,
            961.5201505948796,
            487.2124793147237,
            1046.8834701149885,
            1163.9115086637817,
            771.14071348879,
            351.68167424533226,
            818.7044643826,
            296.02702579325427,
            611.5848264958835,
            299.04013108611355,
            574.2769366777669,
            746.5668087987839,
            341.69577111811026,
            872.6746243589303,
            412.5724178856362,
            399.27058494209166
        ],
        [
            817.2056044839634,
            661.5564979652153,
            458.5117228599504,
            290.4496514027861,
            524.3071618812774,
            528.1098370604357,
            623.7082651368346,
            578.4712611703368,
            342.6674773012461,
            812.7588818339667,
            294.11052344314373,
            299.9233235345327,
            707.7379458528418,
            519.5709768645665,
            222.4454989429995,
            219.49487465542333,
            905.70690623402,
            728.5176730869334,
            364.7259244967377,
            0,
            885.4072509303275,
            724.1933443494217,
            484.7525141760484,
            710.6905092936024,
            624.1874718383892,
            400.5246559202068,
            239.0188277102873,
            953.5601711481033,
            789.3294622652825,
            853.6281391800529,
            364.5737236828787,
            446.97203491941195,
            422.5872690936157,
            806.8704976636584,
            645.830473111946,
            858.6180757473022,
            709.4744533808107,
            298.718931438903,
            843.9763029848646,
            991.1634577606258,
            836.8255493231549,
            257.41989045137905,
            821.1625904776715,
            498.5509001095073,
            653.6918234152848,
            363.89009329741305,
            402.6623896020089,
            383.80333505585907,
            27.65863337187866,
            524.8695075921252,
            109.5673308974897,
            35.014282800023196
        ],
        [
            427.907700328003,
            508.35125651462687,
            427.91704803618194,
            831.286352588565,
            512.0156247615887,
            363.85986313414674,
            521.6991470186624,
            673.4277986540205,
            1056.4132714047093,
            92.84934033152847,
            919.563483398509,
            661.9365528508,
            348.60436027106715,
            562.9209535982827,
            663.186248349587,
            666.5133156959432,
            209.80228788075692,
            554.1552129142159,
            981.5645674126588,
            885.4072509303275,
            0,
            586.4145291515209,
            787.0254125503191,
            354.42488625941604,
            539.7258563381969,
            577.0008665504758,
            647.5708455451033,
            603.0298500074437,
            321.4420632089086,
            112.36102527122117,
            962.4240229753203,
            522.6337149476677,
            900.4854246460628,
            580.4498255663447,
            746.6625743935476,
            390.15509736513764,
