{
    "depot": {
        "x": 721,
        "y": 162,
        "node_type": "depot",
        "id": 0
    },
    "final_destination": {
        "x": 145,
        "y": 241,
        "node_type": "final",
        "id": 6
    },
    "pickup_nodes": [
        {
            "x": 666,
            "y": 933,
            "node_type": "pickup",
            "id": 1
        },
        {
            "x": 732,
            "y": 792,
            "node_type": "pickup",
            "id": 2
        },
        {
            "x": 140,
            "y": 854,
            "node_type": "pickup",
            "id": 3
        },
        {
            "x": 786,
            "y": 489,
            "node_type": "pickup",
            "id": 4
        },
        {
            "x": 487,
            "y": 237,
            "node_type": "pickup",
            "id": 5
        }
    ],
    "delivery_nodes": [
        {
            "x": 292,
            "y": 540,
            "node_type": "delivery",
            "id": 1
        },
        {
            "x": 450,
            "y": 261,
            "node_type": "delivery",
            "id": 2
        },
        {
            "x": 315,
            "y": 515,
            "node_type": "delivery",
            "id": 3
        },
        {
            "x": 379,
            "y": 886,
            "node_type": "delivery",
            "id": 4
        },
        {
            "x": 85,
            "y": 941,
            "node_type": "delivery",
            "id": 5
        }
    ],
    "travel_costs": [
        [
            0,
            772.9592486024086,
            630.0960244280232,
            903.5623940824452,
            333.3976604596979,
            245.72545655670274,
            571.7735565763776,
            288.5168972521367,
            538.000929367227,
            800.7121829971117,
            1005.6525244834818,
            581.3922944105811
        ],
        [
            772.9592486024086,
            0,
            155.68236894394948,
            531.8994265836352,
            459.9304295216832,
            718.6494277462413,
            542.5172808307584,
            705.8611761529316,
            545.8250635505849,
            290.82297020696285,
            581.0550748423078,
            866.2014777175111
        ],
        [
            630.0960244280232,
            155.68236894394948,
            0,
            595.2377676189574,
            307.7742679302479,
            606.6712454039667,
            507.05423773004793,
            601.2362264534631,
            500.61761854733,
            365.3012455494779,
            663.9352378056161,
            805.0900570743623
        ],
        [
            903.5623940824452,
            531.8994265836352,
            595.2377676189574,
            0,
            741.9845011858401,
            707.8827586542845,
            348.85527085024813,
            669.1404934690471,
            381.5049147783027,
            241.132743525221,
            102.92715870944849,
            613.020391177977
        ],
        [
            333.3976604596979,
            459.9304295216832,
            307.7742679302479,
            741.9845011858401,
            0,
            391.0306893326916,
            496.6256135158556,
            406.0541835765272,
            471.71707622260186,
            568.5578246757316,
            834.0893237537573,
            687.302698961673
        ],
        [
            245.72545655670274,
            718.6494277462413,
            606.6712454039667,
            707.8827586542845,
            391.0306893326916,
            0,
            360.32485343090065,
            44.1021541423999,
            326.9067145226601,
            657.9247677356432,
            810.6910632293908,
            342.023391012954
        ],
        [
            571.7735565763776,
            542.5172808307584,
            507.05423773004793,
            348.85527085024813,
            496.6256135158556,
            360.32485343090065,
            0,
            320.6321880285883,
            33.97057550292606,
            356.7702341844118,
            451.2759687818531,
            333.1816321467917
        ],
        [
            288.5168972521367,
            705.8611761529316,
            601.2362264534631,
            669.1404934690471,
            406.0541835765272,
            44.1021541423999,
            320.6321880285883,
            0,
            287.6473535424931,
            629.0198725000666,
            771.7674520216566,
            305.6550343115585
        ],
        [
            538.000929367227,
            545.8250635505849,
            500.61761854733,
            381.5049147783027,
            471.71707622260186,
            326.9067145226601,
            33.97057550292606,
            287.6473535424931,
            0,
            376.47974713123676,
            484.12395107038446,
            322.4530973645625
        ],
        [
            800.7121829971117,
            290.82297020696285,
            365.3012455494779,
            241.132743525221,
            568.5578246757316,
            657.9247677356432,
            356.7702341844118,
            629.0198725000666,
            376.47974713123676,
            0,
            299.1003176193566,
            686.1348264007592
        ],
        [
            1005.6525244834818,
            581.0550748423078,
            663.9352378056161,
            102.92715870944849,
            834.0893237537573,
            810.6910632293908,
            451.2759687818531,
            771.7674520216566,
            484.12395107038446,
            299.1003176193566,
            0,
            702.5667228100119
        ],
        [
            581.3922944105811,
            866.2014777175111,
            805.0900570743623,
            613.020391177977,
            687.302698961673,
            342.023391012954,
            333.1816321467917,
            305.6550343115585,
            322.4530973645625,
            686.1348264007592,
            702.5667228100119,
            0
        ]
    ],
    "incompatibilities": [
        [
            0,
            1,
            1,
            1,
            1
        ],
        [
            1,
            0,
            1,
            1,
            1
        ],
        [
            1,
            1,
            0,
            1,
            0
        ],
        [
            1,
            1,
            1,
            0,
            0
        ],
        [
            1,
            1,
            0,
            0,
            0
        ]
    ]
}